MiePlot v4.6.18

Date & Time: 12/1/2020 18:52:23 

Calculation Method:         Mie (plane wave)

Graph type: Intensity v. scattering angle

Radius = 0.2 umWavelength = 0.6 umSize parameter x = 2.094395

Point

Wavelength = 0.60 um

Angle	Perpendicular	Parallel	Unpolarised
theta	[S1(theta)]^2	[S2(theta)]^2	[[S1(theta)]^2 + [S2(theta)]^2]/2
 0 	 5.2705682109198 	 5.2705682109198 	 5.2705682109198 
 1 	 5.26894911316897 	 5.26791120905731 	 5.26843016111314 
 2 	 5.26409470358314 	 5.25994806613225 	 5.2620213848577 
 3 	 5.2560136245801 	 5.24670233267724 	 5.25135797862867 
 4 	 5.24472025161859 	 5.2282131349729 	 5.23646669329574 
 5 	 5.23023465046994 	 5.20453498898261 	 5.21738481972627 
 6 	 5.21258251765368 	 5.17573754154457 	 5.19416002959913 
 7 	 5.1917951042904 	 5.14190524048796 	 5.16685017238918 
 8 	 5.16790912369564 	 5.10313693579361 	 5.13552302974462 
 9 	 5.14096664310618 	 5.05954541435467 	 5.10025602873042 
 10 	 5.11101495999652 	 5.01125687130862 	 5.06113591565257 
 11 	 5.07810646350636 	 4.95841032130321 	 5.01825839240479 
 12 	 5.04229848156067 	 4.90115695342321 	 4.97172771749194 
 13 	 5.00365311432111 	 4.83965943384006 	 4.92165627408059 
 14 	 4.96223705466118 	 4.77409116054897 	 4.86816410760507 
 15 	 4.91812139640759 	 4.70463547482626 	 4.81137843561692 
 16 	 4.87138143113616 	 4.63148483427235 	 4.75143313270426 
 17 	 4.82209643435208 	 4.55483995249973 	 4.68846819342591 
 18 	 4.77034944192157 	 4.47490891068115 	 4.62262917630136 
 19 	 4.71622701765445 	 4.39190624628925 	 4.55406663197185 
 20 	 4.65981901296493 	 4.30605202443452 	 4.48293551869972 
 21 	 4.60121831956048 	 4.21757089724424 	 4.40939460840236 
 22 	 4.54052061612706 	 4.12669115672092 	 4.33360588642399 
 23 	 4.47782410999152 	 4.03364378647507 	 4.2557339482333 
 24 	 4.41322927475004 	 3.93866151764562 	 4.17594539619783 
 25 	 4.34683858485467 	 3.84197789420228 	 4.09440823952847 
 26 	 4.27875624814798 	 3.74382635267038 	 4.01129130040918 
 27 	 4.20908793732925 	 3.64443932113059 	 3.92676362922992 
 28 	 4.13794052132404 	 3.54404734212738 	 3.84099393172571 
 29 	 4.06542179751358 	 3.4428782238718 	 3.75415001069269 
 30 	 3.99164022575942 	 3.34115622384998 	 3.6663982248047 
 31 	 3.916704665135 	 3.23910126865064 	 3.57790296689282 
 32 	 3.84072411424684 	 3.13692821350636 	 3.4888261638766 
 33 	 3.76380745599613 	 3.03484614470672 	 3.39932680035143 
 34 	 3.68606320759598 	 2.93305772769097 	 3.30956046764348 
 35 	 3.60759927662035 	 2.83175860326491 	 3.21967893994263 
 36 	 3.52852272381933 	 2.73113683401669 	 3.12982977891801 
 37 	 3.4489395333909 	 2.63137240263029 	 3.0401559680106 
 38 	 3.36895439135248 	 2.53263676341795 	 2.95079557738522 
 39 	 3.2886704726072 	 2.43509244801655 	 2.86188146031188 
 40 	 3.20818923724905 	 2.33889272582051 	 2.77354098153478 
 41 	 3.12761023659978 	 2.24418131935849 	 2.68589577797913 
 42 	 3.04703092941714 	 2.15109217446541 	 2.59906155194128 
 43 	 2.96654650866109 	 2.05974928475776 	 2.51314789670942 
 44 	 2.88624973915014 	 1.97026656959095 	 2.42825815437055 
 45 	 2.80623080638643 	 1.88274780436522 	 2.34448930537583 
 46 	 2.72657717677391 	 1.79728660175237 	 2.26193188926314 
 47 	 2.64737346940111 	 1.7139664421421 	 2.1806699557716 
 48 	 2.56870133950686 	 1.63286075135459 	 2.10078104543073 
 49 	 2.49063937369611 	 1.55403302343691 	 2.02233619856651 
 50 	 2.41326299692271 	 1.47753698615535 	 1.94539999153903 
 51 	 2.33664439120686 	 1.40341680661543 	 1.87003059891114 
 52 	 2.26085242600831 	 1.33170733428541 	 1.79627988014686 
 53 	 2.1859526001309 	 1.26243437856909 	 1.72419348935 
 54 	 2.11200699499108 	 1.19561501796858 	 1.65381100647983 
 55 	 2.03907423904215 	 1.13125793779832 	 1.58516608842024 
 56 	 1.96720948310777 	 1.06936379335602 	 1.5182866382319 
 57 	 1.89646438634201 	 1.0099255954261 	 1.45319499088406 
 58 	 1.82688711250026 	 0.952929114983085 	 1.38990811374167 
 59 	 1.75852233617454 	 0.898353303977659 	 1.3284378200761 
 60 	 1.69141125861902 	 0.846170729124375 	 1.2687909938717 
 61 	 1.62559163276641 	 0.796348015666112 	 1.21096982421626 
 62 	 1.56109779701389 	 0.748846298165658 	 1.15497204758978 
 63 	 1.49796071733767 	 0.703621675467034 	 1.10079119640235 
 64 	 1.43620803727882 	 0.660625667077314 	 1.04841685217807 
 65 	 1.37586413532942 	 0.619805668341977 	 0.997834901835697 
 66 	 1.31695018923674 	 0.581105401921645 	 0.949027795579193 
 67 	 1.25948424673528 	 0.544465363223768 	 0.901974804979522 
 68 	 1.20348130221041 	 0.509823257597752 	 0.85665227990408 
 69 	 1.14895337879468 	 0.477114427264504 	 0.813033903029591 
 70 	 1.09590961539671 	 0.446272266119762 	 0.771090940758235 
 71 	 1.04435635816458 	 0.417228620723325 	 0.730792489443953 
 72 	 0.994297255889389 	 0.389914175961756 	 0.692105715925573 
 73 	 0.945733358860541 	 0.3642588240489 	 0.654996091454721 
 74 	 0.898663220692494 	 0.340192015705151 	 0.619427618198823 
 75 	 0.853083002652275 	 0.317643092531491 	 0.585363047591883 
 76 	 0.808986580028703 	 0.29654159976668 	 0.552764089897692 
 77 	 0.766365650097282 	 0.27681757878437 	 0.521591614440826 
 78 	 0.725209841249174 	 0.258401838850377 	 0.491805840049775 
 79 	 0.685506822868435 	 0.241226207817805 	 0.46336651534312 
 80 	 0.647242415558558 	 0.225223761588446 	 0.436233088573502 
 81 	 0.610400701337218 	 0.210329032311971 	 0.410364866824594 
 82 	 0.574964133436785 	 0.196478195429425 	 0.385721164433105 
 83 	 0.540913645367606 	 0.183609235793745 	 0.362261440580676 
 84 	 0.508228758920977 	 0.171662093217103 	 0.33994542606904 
 85 	 0.476887690809112 	 0.160578787902499 	 0.318733239355806 
 86 	 0.44686745766014 	 0.15030352631489 	 0.298585491987515 
 87 	 0.418143979106991 	 0.140782788135232 	 0.279463383621112 
 88 	 0.390692178730019 	 0.131965395018969 	 0.261328786874494 
 89 	 0.364486082634052 	 0.123802561948845 	 0.244144322291448 
 90 	 0.339498915461358 	 0.116247932030502 	 0.22787342374593 
 91 	 0.315703193662482 	 0.109257595628434 	 0.212480394645458 
 92 	 0.293070815867085 	 0.102790094779617 	 0.197930455323351 
 93 	 0.271573150216668 	 9.68064138529976E-02 	 0.184189782034833 
 94 	 0.251181118540317 	 9.12699574452378E-02 	 0.171225537992777 
 95 	 0.231865277273284 	 8.61465165171434E-02 	 0.159005896895214 
 96 	 0.213595895036314 	 8.14042237815319E-02 	 0.147500059408923 
 97 	 0.196343026810983 	 7.70134993523135E-02 	 0.136678263081648 
 98 	 0.180076584663019 	 7.29469876568722E-02 	 0.126511786159945 
 99 	 0.164766404981438 	 6.91794865998874E-02 	 0.116972945790663 
 100 	 0.150382312216484 	 6.56878699471226E-02 	 0.108035091081803 
 101 	 0.136894179113589 	 6.24510038729376E-02 	 9.96725914932631E-02 
 102 	 0.124271983454058 	 5.94496585859167E-02 	 9.18608210199872E-02 
 103 	 0.112485861325734 	 5.66664159135924E-02 	 8.45761386196632E-02 
 104 	 0.101506156958621 	 5.40855736903074E-02 	 7.77958653244641E-02 
 105 	 9.13034691712872E-02 	 5.16930477523336E-02 	 7.14982584618104E-02 
 106 	 8.18486944838548E-02 	 4.94762723019594E-02 	 6.56624833929071E-02 
 107 	 7.31130669624745E-02 	 4.74240993578529E-02 	 6.02685831601637E-02 
 108 	 0.065068194868469 	 4.55266979630908E-02 	 5.52974464157799E-02 
 109 	 5.76860941927405E-02 	 4.37754537752389E-02 	 5.07307739839897E-02 
 110 	 5.09392191626505E-02 	 4.21628696152152E-02 	 4.65510443889328E-02 
 111 	 4.48004898143882E-02 	 4.06824675037466E-02 	 4.27414786590674E-02 
 112 	 0.039243316728886 	 3.93286926664082E-02 	 3.92860046976471E-02 
 113 	 3.42416230336282E-02 	 3.80968199408465E-02 	 3.61692214872374E-02 
 114 	 2.97698637762804E-02 	 3.69828629731445E-02 	 3.33763633747124E-02 
 115 	 2.58030427789566E-02 	 3.59834865446472E-02 	 3.08932646618019E-02 
 116 	 2.23167270841799E-02 	 3.50959223261975E-02 	 2.87063247051887E-02 
 117 	 1.92870591052133E-02 	 3.43178883138272E-02 	 2.68024737095202E-02 
 118 	 1.66907665944738E-02 	 0.03364751215871 	 2.51691393765919E-02 
 119 	 1.45051705442305E-02 	 3.30832585647591E-02 	 2.37942145544948E-02 
 120 	 0.012708191133761 	 3.26238608897822E-02 	 2.26660260117716E-02 
 121 	 1.12783518366429E-02 	 3.22682570506842E-02 	 2.17733044436635E-02 
 122 	 1.01947818009106E-02 	 3.20155297999282E-02 	 2.11051558004194E-02 
 123 	 9.43721661346439E-03 	 3.18648514093721E-02 	 2.06510340114183E-02 
 124 	 8.98599755840221E-03 	 3.18154327687352E-02 	 2.04007151635687E-02 
 125 	 8.82206947689209E-03 	 3.18664768793288E-02 	 2.03442731781104E-02 
 126 	 8.9269773338544E-03 	 3.20171366993058E-02 	 2.04720570165801E-02 
 127 	 9.28286159410223E-03 	 3.22664772745238E-02 	 0.020774669434313 
 128 	 9.87245250773425E-03 	 3.26134420691431E-02 	 2.12429472884387E-02 
 129 	 0.010679063401515 	 0.033056823392243 	 0.021867943396879 
 130 	 1.16865830697435E-02 	 3.35952368009785E-02 	 0.022640909935361 
 131 	 1.28794673547278E-02 	 3.42270993470445E-02 	 2.35532833508861E-02 
 132 	 0.014242730003487 	 3.49506115213809E-02 	 2.45966707624339E-02 
 133 	 1.57619328837008E-02 	 3.57637427420621E-02 	 2.57628378128814E-02 
 134 	 1.74231756382688E-02 	 3.66642202220605E-02 	 2.70436979301646E-02 
 135 	 1.92130848541241E-02 	 3.76495210469768E-02 	 2.84313029505505E-02 
 136 	 2.11188028172132E-02 	 3.87168672877645E-02 	 2.99178350524888E-02 
 137 	 2.31279759218052E-02 	 3.98632239698652E-02 	 3.14955999458352E-02 
 138 	 2.52287427985676E-02 	 4.10852997178831E-02 	 3.31570212582253E-02 
 139 	 0.027409722222138 	 0.042379549893879 	 3.48946360580085E-02 
 140 	 2.96600008552674E-02 	 4.37421820474319E-02 	 3.67010914513497E-02 
 141 	 3.19691208830098E-02 	 4.51691634967146E-02 	 3.85691421898622E-02 
 142 	 3.43270675869043E-02 	 4.66562308618379E-02 	 4.04916492243711E-02 
 143 	 3.67242569056523E-02 	 4.81989013745554E-02 	 4.24615791401038E-02 
 144 	 3.91515230254398E-02 	 4.97924857919773E-02 	 4.44720044087085E-02 
 145 	 4.16001060398015E-02 	 5.14321027461355E-02 	 4.65161043929685E-02 
 146 	 4.40616397157857E-02 	 5.31126943659794E-02 	 4.85871670408826E-02 
 147 	 4.65281394001509E-02 	 5.48290430135806E-02 	 5.06785912068657E-02 
 148 	 4.89919900964211E-02 	 5.65757889819079E-02 	 5.27838895391645E-02 
 149 	 5.14459347408503E-02 	 5.83474490074284E-02 	 5.48966918741393E-02 
 150 	 5.38830627026951E-02 	 6.01384354569166E-02 	 5.70107490798059E-02 
 151 	 5.62967985316811E-02 	 0.061943076054169 	 5.91199372929251E-02 
 152 	 5.86808909731635E-02 	 6.37556340187403E-02 	 6.12182624959519E-02 
 153 	 6.10294022692342E-02 	 6.55703284953111E-02 	 6.32998653822727E-02 
 154 	 6.33366977619208E-02 	 6.73813551587969E-02 	 6.53590264603588E-02 
 155 	 6.55974358126366E-02 	 6.91829068867793E-02 	 0.067390171349708 
 156 	 6.78065580502056E-02 	 7.09691943972503E-02 	 0.069387876223728 
 157 	 6.99592799580718E-02 	 0.072734466755949 	 7.13468733570104E-02 
 158 	 7.20510818097203E-02 	 7.44730316637473E-02 	 7.32620567367338E-02 
 159 	 7.40776999598907E-02 	 7.61792754405359E-02 	 7.51284877002133E-02 
 160 	 7.60351184978282E-02 	 7.78476826278858E-02 	 0.076941400562857 
 161 	 7.79195612676205E-02 	 7.94728551383871E-02 	 7.86962082030038E-02 
 162 	 7.97274842595734E-02 	 8.10495308849645E-02 	 8.03885075722689E-02 
 163 	 8.14555683756089E-02 	 8.25726018286543E-02 	 8.20140851021316E-02 
 164 	 8.31007125708044E-02 	 0.084037131388273 	 8.35689219795387E-02 
 165 	 8.46600273724361E-02 	 8.54383711601077E-02 	 8.50491992662719E-02 
 166 	 8.61308287772245E-02 	 8.67717769002359E-02 	 8.64513028387302E-02 
 167 	 8.75106325269293E-02 	 8.80330237262935E-02 	 8.77718281266114E-02 
 168 	 8.87971487619614E-02 	 8.92180204995066E-02 	 0.089007584630734 
 169 	 8.99882770522995E-02 	 9.03229233515524E-02 	 9.01556002019259E-02 
 170 	 9.10821018046935E-02 	 9.13441483243426E-02 	 9.12131250645181E-02 
 171 	 9.20768880449093E-02 	 9.22783830941331E-02 	 9.21776355695212E-02 
 172 	 9.29710775736057E-02 	 9.31225977544709E-02 	 9.30468376640383E-02 
 173 	 9.37632854943496E-02 	 9.38740546353909E-02 	 9.38186700648703E-02 
 174 	 9.44522971122288E-02 	 0.094530317139009 	 9.44913071256189E-02 
 175 	 9.50370652015472E-02 	 9.50892575742121E-02 	 9.50631613878797E-02 
 176 	 0.095516707641152 	 9.55490639755491E-02 	 9.55328858083506E-02 
 177 	 9.58905054160464E-02 	 9.59082458937026E-02 	 9.58993756548745E-02 
 178 	 9.61579009840905E-02 	 9.61656391470626E-02 	 9.61617700655766E-02 
 179 	 9.63184970067682E-02 	 9.63204095259751E-02 	 9.63194532663716E-02 
 180 	 0.096372055443195 	 0.096372055443195 	 0.096372055443195 

Real and imaginary values of S1 (perpendicular polarisation) and S2 (parallel polarisation) 

Angle	S1 Real	S1 Imaginary	S1 Magnitude	S1 Phase	S2 Real	S2 Imaginary	S2 Magnitude	S2 Phase
 0 	 0.903995629836157 	-2.11029858365041 	 2.29577181159622 	 293.189000813814 	 0.903995629836157 	-2.11029858365041 	 2.29577181159622 	 293.189000813814 
 1 	 0.903909068063364 	-2.10995201600458 	 2.29541915849131 	 293.190421036313 	 0.903868312294918 	-2.10972350868223 	 2.29519306574791 	 293.191732131701 
 2 	 0.903649416813262 	-2.10891261911825 	 2.29436150237558 	 293.194682095149 	 0.903486465406952 	-2.10799911597674 	 2.29345766608679 	 293.199928593936 
 3 	 0.903216778270543 	-2.10718131066852 	 2.29259975237286 	 293.20178516478 	 0.902850406254368 	-2.10512790029574 	 2.2905681244349 	 293.213597730844 
 4 	 0.902611322675884 	-2.10475961853032 	 2.29013542211341 	 293.211732204145 	 0.901960662890405 	-2.10111401346314 	 2.28652862107014 	 293.23275210833 
 5 	 0.901833288225316 	-2.10164967839996 	 2.28697062737367 	 293.224525958917 	 0.900817973714646 	-2.0959632552159 	 2.28134499560733 	 293.257409350957 
 6 	 0.90088298092946 	-2.09785423047583 	 2.28310808277963 	 293.240169964688 	 0.899423286599613 	-2.0896830604345 	 2.27502473427094 	 293.287592174297 
 7 	 0.899760774432779 	-2.0933766152039 	 2.27855109758162 	 293.25866855109 	 0.89777775777001 	-2.08228248279176 	 2.26757695359782 	 293.323328426618 
 8 	 0.898467109793014 	-2.08822076809801 	 2.27330357051047 	 293.280026846871 	 0.895882750436261 	-2.07377217486984 	 2.25901238061982 	 293.364651139965 
 9 	 0.897002495221008 	-2.08239121364682 	 2.267369983727 	 293.304250785958 	 0.893739833184338 	-2.06416436480584 	 2.24934332958636 	 293.41159859071 
 10 	 0.895367505781174 	-2.07589305832158 	 2.26075539587911 	 293.331347114539 	 0.891350778124253 	-2.05347282953681 	 2.23858367529754 	 293.464214369671 
 11 	 0.893562783052879 	-2.06873198270079 	 2.25346543428258 	 293.361323399194 	 0.888717558799893 	-2.0417128647251 	 2.22674882312829 	 293.52254746188 
 12 	 0.891589034753071 	-2.06091423272992 	 2.24550628624385 	 293.39418803613 	 0.885842347863283 	-2.0289012514549 	 2.21385567583418 	 293.586652336124 
 13 	 0.88944703432051 	-2.0524466101362 	 2.23688468954506 	 293.429950261552 	 0.882727514516647 	-2.01505621980016 	 2.19992259723838 	 293.656589044372 
 14 	 0.887137620461976 	-2.04333646202045 	 2.22760792211313 	 293.468620163236 	 0.879375621726023 	-2.00019740937312 	 2.18496937290868 	 293.732423331201 
 15 	 0.884661696660906 	-2.03359166964969 	 2.21768379089707 	 293.510208693373 	 0.875789423210456 	-1.98434582697144 	 2.1690171679418 	 293.81422675335 
 16 	 0.882020230648905 	-2.02322063647597 	 2.20712061997893 	 293.554727682724 	 0.871971860211191 	-1.96752380144998 	 2.15208848198032 	 293.902076809525 
 17 	 0.879214253840632 	-2.01223227540847 	 2.19592723794576 	 293.602189856196 	 0.86792605804552 	-1.949754935951 	 2.13420710159528 	 293.996057080581 
 18 	 0.87624486073259 	-2.0006359953678 	 2.18411296455141 	 293.652608849899 	 0.863655322450315 	-1.93106405763361 	 2.11539805017428 	 294.096257380174 
 19 	 0.87311320826639 	-1.98844168715233 	 2.17168759669858 	 293.705999229784 	 0.859163135720511 	-1.91147716505015 	 2.09568753546163 	 294.202773916004 
 20 	 0.869820515157071 	-1.97565970864843 	 2.15866139377275 	 293.762376511959 	 0.854453152648157 	-1.89102137332293 	 2.07510289490293 	 294.315709461718 
 21 	 0.866368061187107 	-1.96230086941717 	 2.14504506236127 	 293.821757184808 	 0.84952919626786 	-1.86972485728054 	 2.05367253895168 	 294.435173539533 
 22 	 0.862757186466767 	-1.94837641469173 	 2.13084974039163 	 293.88415873301 	 0.844395253414776 	-1.84761679271745 	 2.03142589250037 	 294.561282613604 
 23 	 0.8589892906615 	-1.93389800882062 	 2.11608698072445 	 293.949599663614 	 0.839055470101515 	-1.82472729594529 	 2.00839333460233 	 294.694160294118 
 24 	 0.855065832187069 	-1.91887771819266 	 2.10076873423755 	 294.018099534299 	 0.833514146720603 	-1.80108736180737 	 1.98460613665423 	 294.833937552058 
 25 	 0.850988327373172 	-1.90332799368088 	 2.08490733243822 	 294.089678983987 	 0.827775733079354 	-1.77672880033144 	 1.9600963992116 	 294.980752944486 
 26 	 0.846758349596332 	-1.88726165264302 	 2.06851546964193 	 294.164359765972 	 0.821844823274246 	-1.75168417219763 	 1.9348969876121 	 295.134752850166 
 27 	 0.842377528382831 	-1.87069186051709 	 2.05160618475604 	 294.242164783767 	 0.815726150412088 	-1.72598672320052 	 1.90904146658227 	 295.296091715207 
 28 	 0.837847548482532 	-1.85363211205078 	 2.0341928427079 	 294.323118129856 	 0.809424581185488 	-1.69967031788523 	 1.88256403400452 	 295.464932308333 
 29 	 0.83317014891442 	-1.83609621220444 	 2.01628911555699 	 294.407245127592 	 0.802945110310277 	-1.67276937253783 	 1.85549945402089 	 295.641445985241 
 30 	 0.828347121984735 	-1.81809825676695 	 1.99790896333127 	 294.494572376474 	 0.796292854832766 	-1.64531878771023 	 1.8278829896495 	 295.825812961342 
 31 	 0.823380312278593 	-1.79965261272475 	 1.97906661462797 	 294.585127801069 	 0.789473048314821 	-1.6173538804588 	 1.79975033508835 	 296.018222592035 
 32 	 0.818271615625989 	-1.78077389842385 	 1.95977654701929 	 294.678940703877 	 0.782491034904928 	-1.58891031647471 	 1.77113754787886 	 296.218873659411 
 33 	 0.813022978043133 	-1.76147696356495 	 1.94005346730345 	 294.776041822446 	 0.775352263303524 	-1.56002404228166 	 1.74208098109896 	 296.42797466406 
 34 	 0.80763639465006 	-1.74177686907153 	 1.91991229164147 	 294.876463391087 	 0.768062280630996 	-1.53073121767438 	 1.71261721575224 	 296.645744120366 
 35 	 0.802113908565474 	-1.7216888668706 	 1.89936812561977 	 294.980239207563 	 0.760626726206863 	-1.50106814856779 	 1.68278299351548 	 296.872410853316 
 36 	 0.79645760977982 	-1.70122837962548 	 1.87843624427856 	 295.087404705167 	 0.753051325248725 	-1.47107122042335 	 1.65261515000217 	 297.108214294509 
 37 	 0.790669634007577 	-1.68041098045961 	 1.85713207214535 	 295.197997030636 	 0.745341882499663 	-1.44077683241443 	 1.62215054869463 	 297.353404774542 
 38 	 0.784752161519778 	-1.65925237270962 	 1.8354711633127 	 295.312055128385 	 0.737504275792805 	-1.41022133248837 	 1.59142601569094 	 297.6082438085 
 39 	 0.778707415957796 	-1.63776836974571 	 1.81346918159841 	 295.429619831617 	 0.729544449561866 	-1.37944095347718 	 1.56047827540679 	 297.873004370639 
 40 	 0.772537663129415 	-1.61597487489614 	 1.79114188082604 	 295.550733960877 	 0.721468408306434 	-1.3484717504035 	 1.52934388736494 	 298.147971153693 
 41 	 0.766245209788241 	-1.59388786151233 	 1.76850508526263 	 295.675442430707 	 0.713282210020873 	-1.31734953912249 	 1.4980591841975 	 298.433440807489 
 42 	 0.759832402397503 	-1.57152335320986 	 1.74557467024964 	 295.803792365105 	 0.704991959595651 	-1.28610983643346 	 1.46666021097779 	 298.729722150625 
 43 	 0.753301625879316 	-1.54889740431982 	 1.72236654306251 	 295.93583322256 	 0.696603802199931 	-1.25478780178895 	 1.43518266598986 	 299.037136348016 
 44 	 0.746655302350454 	-1.52602608058385 	 1.69889662403283 	 296.07161693152 	 0.688123916654226 	-1.22341818072129 	 1.40366184303448 	 299.356017045975 
 45 	 0.739895889845728 	-1.5029254401253 	 1.67518082796647 	 296.211198037225 	 0.679558508801878 	-1.19203525009967 	 1.37213257536042 	 299.686710455192 
 46 	 0.733025881030037 	-1.47961151472744 	 1.65123504588956 	 296.354633860928 	 0.670913804888089 	-1.16067276532318 	 1.34062918129973 	 300.029575370589 
 47 	 0.726047801900162 	-1.45610029144872 	 1.62707512715336 	 296.501984672654 	 0.662196044955143 	-1.12936390954726 	 1.30918541167479 	 300.384983115385 
 48 	 0.718964210477403 	-1.43240769460355 	 1.60271686192754 	 296.653313878721 	 0.653411476262394 	-1.09814124503326 	 1.277834399034 	 300.753317394934 
 49 	 0.711777695492125 	-1.40854956813597 	 1.5781759641105 	 296.808688225422 	 0.644566346739521 	-1.06703666670259 	 1.24660860876095 	 301.134974043895 
 50 	 0.704490875061301 	-1.38454165841194 	 1.55346805468368 	 296.968178020372 	 0.635666898481407 	-1.03608135796875 	 1.21553979209047 	 301.530360648101 
 51 	 0.697106395360124 	-1.36039959745469 	 1.52860864553582 	 297.131857373216 	 0.626719361292933 	-1.00530574891225 	 1.18465894105242 	 301.939896020057 
 52 	 0.689626929288763 	-1.33613888664617 	 1.50361312378162 	 297.299804457547 	 0.61772994629181 	-0.974739476855088 	 1.15399624535152 	 302.364009504375 
 53 	 0.682055175135337 	-1.31177488091593 	 1.47849673659799 	 297.4721017961 	 0.608704839577466 	-0.944411349383338 	 1.12358105117926 	 302.803140086547 
 54 	 0.67439385523616 	-1.28732277343749 	 1.45327457659972 	 297.648836571512 	 0.599650195973828 	-0.914349309857636 	 1.09344182194051 	 303.257735275423 
 55 	 0.666645714634328 	-1.26279758085048 	 1.4279615677749 	 297.830100965184 	 0.590572132853696 	-0.884580405443709 	 1.0636061008655 	 303.728249726436 
 56 	 0.658813519737672 	-1.2382141290256 	 1.40257245199946 	 298.01599252708 	 0.58147672405224 	-0.855130757686504 	 1.03410047546456 	 304.21514356919 
 57 	 0.65090005697714 	-1.21358703938744 	 1.37712177614836 	 298.206614579601 	 0.572369993876935 	-0.826025535643676 	 1.00495054377124 	 304.718880399489 
 58 	 0.642908131466622 	-1.18893071580911 	 1.35162387982022 	 298.402076659051 	 0.563257911221103 	-0.797288931586238 	 0.976180882307723 	 305.239924892215 
 59 	 0.63484056566523 	-1.16425933209075 	 1.32609288369048 	 298.602494998612 	 0.554146383788006 	-0.768944139266523 	 0.947815015695393 	 305.778739987975 
 60 	 0.626700198043045 	-1.13958682003252 	 1.30054267850733 	 298.807993057219 	 0.545041252432215 	-0.741013334746074 	 0.919875387824011 	 306.335783602947 
 61 	 0.618489881751317 	-1.11492685811117 	 1.27498691474321 	 299.018702099245 	 0.53594828562479 	-0.713517659768811 	 0.892383334484745 	 306.911504808376 
 62 	 0.61021248329809 	-1.09029286076773 	 1.24943899291398 	 299.234761830496 	 0.526873174048556 	-0.686477207657806 	 0.865359057366165 	 307.506339423518 
 63 	 0.60187088123021 	-1.06569796831224 	 1.2239120545765 	 299.456321096733 	 0.517821525329541 	-0.659911011707201 	 0.838821599308836 	 308.120704964145 
 64 	 0.593467964822664 	-1.04115503745027 	 1.19841897401486 	 299.683538651665 	 0.508798858910389 	-0.633837036034342 	 0.81278882071379 	 308.754994887929 
 65 	 0.58500663277616 	-1.01667663243399 	 1.17297235062444 	 299.916584002281 	 0.499810601071331 	-0.608272168850994 	 0.787277377003796 	 309.409572078786 
 66 	 0.576489791923872 	-0.992275016839743 	 1.14758450200268 	 300.155638340398 	 0.490862080104022 	-0.583232218106646 	 0.762302697044714 	 310.084761514755 
 67 	 0.567920355948219 	-0.967962145972106 	 1.12226745775474 	 300.400895570454 	 0.481958521643322 	-0.55873190945135 	 0.737878962448292 	 310.780842068834 
 68 	 0.55930124410855 	-0.943749659893467 	 1.09703295402208 	 300.65256344493 	 0.473105044161801 	-0.534784886460352 	 0.714019087698467 	 311.4980373998 
 69 	 0.550635379980586 	-0.919648877076634 	 1.07189242874212 	 300.910864820311 	 0.464306654631516 	-0.511403713057887 	 0.690734701071623 	 312.236505901014 
 70 	 0.541925690208419 	-0.895670788676752 	 1.04685701764697 	 301.176039048295 	 0.455568244357302 	-0.488599878073018 	 0.66803612635827 	 312.996329690047 
 71 	 0.533175103269901 	-0.871826053417602 	 1.02193755101013 	 301.448343518991 	 0.446894584985574 	-0.466383801856257 	 0.645932365440319 	 313.777502641275 
 72 	 0.524386548256166 	-0.848124993086145 	 0.997144551150629 	 301.728055375253 	 0.438290324692336 	-0.444764844881926 	 0.624431081835102 	 314.579917487737 
 73 	 0.515562953666054 	-0.824577588628066 	 0.972488230705411 	 302.01547342005 	 0.429759984553819 	-0.423751318257775 	 0.603538585385309 	 315.403352048013 
 74 	 0.50670724621617 	-0.801193476835976 	 0.94797849168243 	 302.310920242004 	 0.4213079551029 	-0.403350496060391 	 0.58325981835298 	 316.247454668695 
 75 	 0.497822349667261 	-0.777981947620922 	 0.923624925309119 	 302.61474458798 	 0.412938493074144 	-0.38356862941219 	 0.563598343265389 	 317.111729013175 
 76 	 0.488911183667602 	-0.754951941856863 	 0.899436812693756 	 302.927324016021 	 0.404655718340046 	-0.364410962213517 	 0.544556332959851 	 317.995518372479 
 77 	 0.479976662614035 	-0.732112049786899 	 0.875423126320799 	 303.249067867062 	 0.396463611040756 	-0.345881748441422 	 0.526134563381242 	 318.897989722772 
 78 	 0.471021694531289 	-0.709470509979131 	 0.851592532405712 	 303.58042059995 	 0.388366008909295 	-0.327984270925058 	 0.508332409797346 	 319.818117805624 
 79 	 0.462049179970164 	-0.687035208819267 	 0.827953394140295 	 303.921865541393 	 0.380366604793959 	-0.310720861506467 	 0.491147847208765 	 320.754669559062 
 80 	 0.453062010925164 	-0.664813680526359 	 0.804513775866242 	 304.273929110968 	 0.372468944379349 	-0.294092922494539 	 0.474577455836711 	 321.706189277208 
 81 	 0.444063069772106 	-0.642813107677334 	 0.781281448222865 	 304.637185591257 	 0.36467642410718 	-0.278100949319436 	 0.458616432666745 	 322.670984920866 
 82 	 0.435055228226215 	-0.621040322225393 	 0.758263894324914 	 305.01226252512 	 0.356992289297712 	-0.262744554294478 	 0.443258610101852 	 323.647116036909 
 83 	 0.426041346321203 	-0.599501806996796 	 0.735468317038611 	 305.399846836242 	 0.349419632472418 	-0.248022491392586 	 0.428496482825408 	 324.632383766998 
 84 	 0.417024271409764 	-0.57820369765 	 0.712901647438815 	 305.800691786027 	 0.341961391878164 	-0.233932681944725 	 0.414321243984789 	 325.624323431966 
 85 	 0.408006837185928 	-0.557151785080734 	 0.690570554548275 	 306.215624900177 	 0.334620350212973 	-0.220472241168467 	 0.400722831770913 	 326.620200163666 
 86 	 0.398991862729658 	-0.536351518256131 	 0.668481456481883 	 306.645557022681 	 0.327399133553103 	-0.207637505435718 	 0.38768998738024 	 327.617008018443 
 87 	 0.38998215157406 	-0.515808007460778 	 0.646640533145728 	 307.091492684278 	 0.320300210480967 	-0.195424060189835 	 0.375210325198057 	 328.611472944198 
 88 	 0.380980490795535 	-0.495526027937194 	 0.625053740673567 	 307.554542007983 	 0.313325891413123 	-0.183826768423811 	 0.363270415832296 	 329.600059886563 
 89 	 0.371989650127195 	-0.475510023903071 	 0.603726827823687 	 308.035934417302 	 0.306478328127307 	-0.172839799632884 	 0.351855882356463 	 330.578984211399 
 90 	 0.363012381095798 	-0.455764112927419 	 0.582665354608765 	 308.537034465097 	 0.299759513487255 	-0.162456659156793 	 0.340951509793551 	 331.544227495199 
 91 	 0.354051416182471 	-0.436292090647617 	 0.561874713492681 	 309.059360164879 	 0.293171281363782 	-0.152670217828994 	 0.330541367499492 	 332.491557599041 
 92 	 0.345109468007418 	-0.417097435809334 	 0.541360153564228 	 309.604604284354 	 0.286715306750366 	-0.143472741852452 	 0.320608943698732 	 333.41655280415 
 93 	 0.336189228538815 	-0.39818331561122 	 0.521126808192275 	 310.174659156695 	 0.28039310607124 	-0.134855922824026 	 0.311137291003502 	 334.314629658055 
 94 	 0.327293368326046 	-0.37955259133631 	 0.50117972678503 	 310.77164568259 	 0.274206037679773 	-0.126810907832081 	 0.302109181332242 	 335.181074070397 
 95 	 0.318424535757405 	-0.36120782425214 	 0.481523911424224 	 311.397947340862 	 0.268155302544679 	-0.1193283295547 	 0.293507268252668 	 336.011075116571 
 96 	 0.309585356342375 	-0.343151281761672 	 0.46216435933152 	 312.056250204001 	 0.262241945121411 	-0.112398336288713 	 0.285314254431025 	 336.799760964135 
 97 	 0.300778432018539 	-0.325384943787282 	 0.443106112360215 	 312.749590175444 	 0.256466854405851 	-0.106010621842728 	 0.277513061588664 	 337.542236336998 
 98 	 0.292006340483181 	-0.307910509370238 	 0.424354315004595 	 313.481408937676 	 0.250830765167223 	-0.100154455230397 	 0.270087000162674 	 338.233620978128 
 99 	 0.283271634549585 	-0.290729403468319 	 0.405914282800493 	 314.255620436236 	 0.24533425935697 	-9.48187101033035E-02 	 0.263019935746109 	 338.869088661405 
 100 	 0.274576841528018 	-0.273842783934471 	 0.387791583478141 	 315.076690138281 	 0.239977767690117 	-0.089991893866008 	 0.256296449345524 	 339.443906431456 
 101 	 0.265924462631357 	-0.257251548659697 	 0.369992133853665 	 315.94972981097 	 0.234761571395496 	-8.56621764190878E-02 	 0.24990198853338 	 339.953473907323 
 102 	 0.257316972405292 	-0.240956342863664 	 0.352522316249706 	 316.880611180617 	 0.229685804131016 	-8.18174184792276E-02 	 0.243823006678854 	 340.39336265856 
 103 	 0.248756818183014 	-0.224957566516881 	 0.335389119271532 	 317.87610257181 	 0.224750454059999 	-7.84451994287525E-02 	 0.238047087597375 	 340.7593558351 
 104 	 0.240246419564256 	-0.209255381878642 	 0.318600309100008 	 318.944033492143 	 0.219955366084447 	-0.075532844650286 	 0.232563053149694 	 341.047488387291 
 105 	 0.231788167918556 	-0.193849721135334 	 0.30216463918084 	 320.093493109323 	 0.215300244230967 	-7.30674523055211E-02 	 0.227361051528914 	 341.254088331245 
 106 	 0.223384425912552 	-0.178740294124113 	 0.286092108391432 	 321.335069609489 	 0.210784654184912 	-7.10359195203832E-02 	 0.222432624185301 	 341.375819577996 
 107 	 0.215037527061132 	-0.163926596127375 	 0.270394280565389 	 322.681138396844 	 0.206408025968198 	-6.94249679421226E-02 	 0.21777074954606 	 341.409726834796 
 108 	 0.206749775302194 	-0.149407915723904 	 0.255084681759742 	 324.146207715655 	 0.202169656756097 	-6.82211686371069E-02 	 0.213369861890312 	 341.353282986439 
 109 	 0.198523444594796 	-0.13518334268303 	 0.240179295928564 	 325.747329997971 	 0.19806871382823 	-6.74109663012591E-02 	 0.209225843946772 	 341.204439160372 
 110 	 0.190360778540405 	-0.121251775888608 	 0.225697184658228 	 327.504585034616 	 0.194104237648821 	-6.69807027582202E-02 	 0.205335992011179 	 340.96167736268 
 111 	 0.182263990026977 	-0.107611931280107 	 0.211661261959736 	 329.441635066739 	 0.190275145071232 	-6.69166397233766E-02 	 0.201698952659023 	 340.624065141453 
 112 	 0.174235260895532 	-9.42623497985903E-02 	 0.198099259788839 	 331.586338818706 	 0.186580232661659 	-6.72049808148886E-02 	 0.198314630490058 	 340.19131119836 
 113 	 0.166276741628917 	-0.081201405325884 	 0.185044921663979 	 333.971385770674 	 0.183018180136809 	-6.78318927957723E-02 	 0.195184066821159 	 339.663820251072 
 114 	 0.158390551062375 	-6.84273126056956E-02 	 0.172539455708775 	 336.634864591943 	 0.179587553910299 	-0.068783526033926 	 0.192309289877386 	 339.042744788018 
 115 	 0.150578776115571 	-5.59381351359993E-02 	 0.160633255520009 	 339.620597130406 	 0.176286810742438 	-7.00460341697305E-02 	 0.189693137842799 	 338.330030711321 
 116 	 0.142843471545671 	-4.37317930224796E-02 	 0.149387841152418 	 342.977934201105 	 0.173114301487999 	-7.16055929835081E-02 	 0.187339057129573 	 337.528453311091 
 117 	 0.13518665972106 	-3.18060707833506E-02 	 0.138877856785066 	 346.760506174222 	 0.170068274936546 	-0.07344841845768 	 0.18525087938746 	 336.641639646365 
 118 	 0.127610330415283 	-2.01586250963757E-02 	 0.129192749775186 	 351.023156778299 	 0.167146881739819 	-7.55607840309048E-02 	 0.183432582053216 	 335.674073322942 
 119 	 0.120116440620746 	-8.78699247941044E-03 	 0.120437413390651 	 355.816040092405 	 0.164348178420632 	-7.79290370438334E-02 	 0.181888038542283 	 334.631077945116 
 120 	 0.112706914381742 	 2.31140310369272E-03 	 0.112730613117116 	 1.17486208917152 	 0.161670131457759 	-8.05396143783495E-02 	 0.180620765389205 	 333.518776239488 
 121 	 0.105383642646291 	 1.31392427194921E-02 	 0.10619958491747 	 7.10696849685097 	 0.159110621441183 	-8.33790572942912E-02 	 0.179633674601073 	 332.344023019907 
 122 	 9.81484831363419E-02 	 2.36993050308605E-02 	 0.100969212143656 	 13.5750083057669 	 0.156667447292145 	-8.64340254696676E-02 	 0.178928840045221 	 331.114311735629 
 123 	 9.10032602357976E-02 	 3.39944589590729E-02 	 9.71453375796512E-02 	 20.4832798242825 	 0.154338330542353 	-8.96913102522843E-02 	 0.178507286712258 	 329.837656200745 
 124 	 8.39497648958697E-02 	 0.04402765644831 	 0.094794501730861 	 27.6748717580857 	 0.15212091966676 	-9.31378471324858E-02 	 0.178368811087407 	 328.522451057506 
 125 	 7.69897545572233E-02 	 5.38019253383241E-02 	 9.39258722445104E-02 	 34.9465923870997 	 0.150012794464293 	-9.67607274483954E-02 	 0.178511839605469 	 327.177316350908 
 126 	 7.01249530883745E-02 	 6.33203623505716E-02 	 9.44826827193979E-02 	 42.0809245290067 	 0.148011470480931 	-0.100547209336601 	 0.178933330319719 	 325.810933049707 
 127 	 6.33570507397877E-02 	 7.25861261926698E-02 	 9.63476081389789E-02 	 48.8838060118927 	 0.146114403469565 	-0.104484727942686 	 0.1796287206282 	 324.43187723702 
 128 	 5.66877041131187E-02 	 8.16024307855946E-02 	 9.93602159203282E-02 	 55.2130039717125 	 0.144318993881058 	-0.108560904907348 	 0.18059192138394 	 323.048460882319 
 129 	 5.01185361450265E-02 	 9.03725386176283E-02 	 0.103339553906116 	 60.9882551031032 	 0.142622591381 	-0.112763557145078 	 0.181815355215788 	 321.668586566916 
 130 	 4.36511361049857E-02 	 9.88997542286506E-02 	 0.10810450069143 	 66.1848957637926 	 0.141022499386639 	-0.117080704933494 	 0.183290034647218 	 320.299622344139 
 131 	 3.72870596065116E-02 	 0.107187417827972 	 0.113487740988742 	 70.8188559656826 	 0.139515979618546 	-0.121500579332454 	 0.185005673823925 	 318.948301240564 
 132 	 3.10278286312082E-02 	 0.115238899048539 	 0.119342909313821 	 74.9305980219802 	 0.138100256661591 	-0.12601162895298 	 0.186950826479534 	 317.620647969272 
 133 	 0.024874931565049 	 0.12305759083996 	 0.125546536725235 	 78.5721877257024 	 0.136772522529879 	-0.130602526096841 	 0.189113042231524 	 316.321933467574 
 134 	 1.88298232462856E-02 	 0.130646903502465 	 0.13199687738075 	 81.7985749755946 	 0.135529941230322 	-0.13526217228836 	 0.191479033374572 	 315.056656100724 
 135 	 1.28939250243866E-02 	 0.13801025886357 	 0.138611272464126 	 84.6625041090738 	 0.134369653319625 	-0.139979703220648 	 0.194034844929917 	 313.828546945172 
 136 	 7.06862482939925E-03 	 0.145151084598891 	 0.145323098016844 	 87.21199006761 	 0.133288780449466 	-0.144744493138974 	 0.196766021679975 	 312.640595565291 
 137 	 1.35527725112522E-03 	 0.152072808698261 	 0.1520788477133 	 89.4893918806817 	 0.132284429894791 	-0.149546158684452 	 0.199657767116296 	 311.495092143207 
 138 	-4.24479637249351E-03 	 0.158778854078003 	 0.158835584169819 	 91.5313815066591 	 0.131353699060149 	-0.154374562221562 	 0.202695090512531 	 310.393681673517 
 139 	-9.73030785839196E-03 	 0.165272633339942 	 0.165558818013834 	 93.3693586182583 	 0.130493679959126 	-0.159219814673313 	 0.205862939583304 	 309.337426117402 
 140 	-1.51000020734073E-02 	 0.17155754367748 	 0.172220791007554 	 95.030047332299 	 0.129701463661966 	-0.164072277888057 	 0.209146317317403 	 308.326870830897 
 141 	-2.03526568219193E-02 	 0.177636961928814 	 0.178799107612454 	 96.5361311423231 	 0.128974144706587 	-0.168922566562075 	 0.212530382526157 	 307.362112146028 
 142 	-2.54870827267113E-02 	 0.183514239777152 	 0.185275652979295 	 97.9068545190207 	 0.128308825468282 	-0.173761549742133 	 0.216000534401741 	 306.442863608799 
 143 	-3.05021231036522E-02 	 0.189192699097565 	 0.191635740157342 	 99.1585605224981 	 0.127702620483447 	-0.178580351932166 	 0.219542481935855 	 305.568518999651 
 144 	-3.53966538307971E-02 	 0.194675627449926 	 0.197867438012018 	 100.305155638649 	 0.127152660722837 	-0.183370353828203 	 0.223142299423434 	 304.738210834557 
 145 	-4.01695832125003E-02 	 0.199966273717183 	 0.203961040494996 	 101.358503942381 	 0.126656097809873 	-0.188123192705502 	 0.226786469495284 	 303.950863541396 
 146 	-4.48198518391279E-02 	 0.205067843888076 	 0.209908646119653 	 102.328757501041 	 0.126210108179686 	-0.192830762481642 	 0.230461915218067 	 303.205240914123 
 147 	-4.93464324429535E-02 	 0.209983496983225 	 0.215703823332251 	 103.224631520085 	 0.12581189717463 	-0.197485213479138 	 0.234156022800142 	 302.499987765945 
 148 	-5.37483297508083E-02 	 0.214716341123398 	 0.221341342944379 	 104.053632712846 	 0.125458703072137 	-0.202078951910795 	 0.237856656375027 	 301.833665938247 
 149 	-5.80245803340591E-02 	 0.219269429738636 	 0.226816963080036 	 104.822248629347 	 0.125147801040867 	-0.206604639110703 	 0.241552166223837 	 301.204784985336 
 150 	-6.21742524564668E-02 	 0.223645757916788 	 0.232127255406803 	 105.53610467129 	 0.124876507021237 	-0.211055190533404 	 0.245231391662888 	 300.611827958462 
 151 	-6.61964459204824E-02 	 0.227848258889941 	 0.23726946396804 	 106.200094484974 	 0.124642181526475 	-0.215423774543318 	 0.248883659676904 	 300.053272768604 
 152 	-7.00902919125173E-02 	 0.231879800657111 	 0.242241389884478 	 106.818488468502 	 0.124442233360516 	-0.219703811016075 	 0.252498780232183 	 299.527609627708 
 153 	-0.073854952847719 	 0.235743182741507 	 0.24704129668789 	 107.395024294921 	 0.124274123249116 	-0.223888969772909 	 0.256067039064599 	 299.033355062447 
 154 	-0.077489622214776 	 0.239441133080622 	 0.251667832195378 	 107.932982646249 	 0.124135367380698 	-0.227973168868742 	 0.259579188608788 	 298.569062971342 
 155 	-0.080993524421254 	 0.242976305047345 	 0.256119963713563 	 108.435250766386 	 0.124023540853546 	-0.231950572754042 	 0.263026437619452 	 298.133333161865 
 156 	-8.43659146399661E-02 	 0.24635127460025 	 0.260396924041367 	 108.904375958906 	 0.12393628102609 	-0.23581559032997 	 0.266400439934416 	 297.72481776379 
 157 	-8.76060786568565E-02 	 0.249568537561209 	 0.264498166265991 	 109.342610762984 	 0.123871290767118 	-0.239562872915728 	 0.269693282741616 	 297.342225872387 
 158 	-9.07133327208691E-02 	 0.252630507018438 	 0.268423325755644 	 109.751951221712 	 0.123826341602898 	-0.243187312146398 	 0.272897474637907 	 296.984326732408 
 159 	-9.36870233962586E-02 	 0.255539510853096 	 0.272172188071983 	 110.134169398723 	 0.123799276758274 	-0.246684037818956 	 0.276005933705303 	 296.64995173317 
 160 	-9.65265274177849E-02 	 0.258297789387544 	 0.27574466177576 	 110.490841089793 	 0.123788014088947 	-0.25004841570344 	 0.279011975778614 	 296.337995447144 
 161 	-9.92312515492194E-02 	 0.260907493153409 	 0.279140755296715 	 110.823369506521 	 0.12379054890225 	-0.253276045335651 	 0.281909303036255 	 296.047415910174 
 162 	-0.101800632445573 	 0.263370680777597 	 0.282360557195182 	 111.133005571696 	 0.123804956663857 	-0.256362757807028 	 0.284691993011683 	 295.777234310746 
 163 	-0.104234136519445 	 0.265689316984433 	 0.285404219267356 	 111.420865354131 	 0.123829395587982 	-0.259304613566688 	 0.287354488095548 	 295.526534228786 
 164 	-0.106531259811868 	 0.267865270712164 	 0.288271942045709 	 111.687945079656 	 0.123862109108719 	-0.262097900249912 	 0.289891585576872 	 295.294460541014 
 165 	-0.108691527868019 	 0.269900313342078 	 0.290963962325983 	 111.93513408059 	 0.123901428230352 	-0.264739130546632 	 0.292298428254597 	 295.080218089678 
 166 	-0.11071449561813 	 0.271796117038577 	 0.293480542416741 	 112.163225985021 	 0.123945773754503 	-0.267225040122802 	 0.294570495637693 	 294.8830701943 
 167 	-0.112599747263945 	 0.273554253198566 	 0.295821960859787 	 112.372928397152 	 0.123993658382182 	-0.269552585606772 	 0.296703595742103 	 294.702337071477 
 168 	-0.114346896171011 	 0.275176191008629 	 0.297988504412438 	 112.564871278635 	 0.124043688688861 	-0.271718942652086 	 0.298693857485397 	 294.537394215521 
 169 	-0.115955584767113 	 0.276663296108494 	 0.299980461117553 	 112.73961420663 	 0.124094566970866 	-0.273721504087395 	 0.30053772367467 	 294.387670782523 
 170 	-0.117425484447122 	 0.278016829359397 	 0.301798114316 	 112.897652655917 	 0.124145092961452 	-0.275557878163436 	 0.302231944579561 	 294.25264801192 
 171 	-0.118756295484498 	 0.279237945716029 	 0.303441737480046 	 113.039423428655 	 0.124194165415088 	-0.277225886906297 	 0.303773572079819 	 294.131857712662 
 172 	-0.119947746949699 	 0.280327693200826 	 0.304911589765961 	 113.165309335538 	 0.124240783558561 	-0.278723564585461 	 0.305159954375522 	 294.02488083537 
 173 	-0.120999596635709 	 0.281287011979482 	 0.306207912200762 	 113.275643215299 	 0.124284048407663 	-0.280049156304376 	 0.306388731247399 	 293.931346147191 
 174 	-0.121911630990867 	 0.282116733536626 	 0.307330924432002 	 113.370711365352 	 0.124323163948322 	-0.281201116720556 	 0.307457829854777 	 293.85092902232 
 175 	-0.122683665059184 	 0.28281757995074 	 0.308280821981432 	 113.450756444186 	 0.124357438181153 	-0.282178108901511 	 0.308365461059134 	 293.78335035814 
 176 	-0.123315542428314 	 0.283390163267469 	 0.309057773953596 	 113.515979895729 	 0.124386284028549 	-0.28297900332201 	 0.309110116262068 	 293.728375624522 
 177 	-0.123807135185279 	 0.283834984970599 	 0.309661921159264 	 113.566543936798 	 0.124409220103535 	-0.283602877007503 	 0.309690564747625 	 293.685814051939 
 178 	-0.124158343880108 	 0.284152435550075 	 0.310093374621404 	 113.602573140763 	 0.124425871339714 	-0.284049012827744 	 0.310105851520191 	 293.655517962565 
 179 	-0.124369097497446 	 0.284342794166546 	 0.310352214438319 	 113.624155643496 	 0.124435969481786 	-0.284316898943948 	 0.310355295630629 	 293.637382247347 
 180 	-0.124439353436224 	 0.284406228412054 	 0.310438488984847 	 113.631343991153 	 0.124439353436224 	-0.284406228412054 	 0.310438488984847 	 293.631343991153 
******************************************

