MiePlot v4.6.18

Date & Time: 12/1/2020 18:52:46 

Calculation Method:         Mie (plane wave)

Graph type: Intensity v. scattering angle

Radius = 0.3 umWavelength = 0.6 umSize parameter x = 3.141593

Point

Wavelength = 0.60 um

Angle	Perpendicular	Parallel	Unpolarised
theta	[S1(theta)]^2	[S2(theta)]^2	[[S1(theta)]^2 + [S2(theta)]^2]/2
 0 	 54.3998155182448 	 54.3998155182448 	 54.3998155182448 
 1 	 54.3598591724984 	 54.3522214892704 	 54.3560403308844 
 2 	 54.2401460267483 	 54.2096797016044 	 54.2249128641764 
 3 	 54.0411428297582 	 53.9729091347893 	 54.0070259822737 
 4 	 53.7636244177533 	 53.6431017143586 	 53.703363066056 
 5 	 53.408669122323 	 53.2219128223955 	 53.3152909723593 
 6 	 52.9776523921746 	 52.7114481535826 	 52.8445502728786 
 7 	 52.4722386788285 	 52.1142470557915 	 52.29324286731 
 8 	 51.8943716498083 	 51.4332625308481 	 51.6638170903282 
 9 	 51.2462628057197 	 50.6718381054206 	 50.9590504555702 
 10 	 50.5303785897102 	 49.8336818135604 	 50.1820302016353 
 11 	 49.7494260890308 	 48.9228375609031 	 49.336131824967 
 12 	 48.9063374387007 	 47.9436541655521 	 48.4249958021264 
 13 	 48.0042530464815 	 46.9007523919285 	 47.452502719205 
 14 	 47.0465037664502 	 45.7989903111532 	 46.4227470388017 
 15 	 46.0365921553258 	 44.6434273346315 	 45.3400097449787 
 16 	 44.978172951319 	 43.4392872763464 	 44.2087301138327 
 17 	 43.8750329195818 	 42.1919208038584 	 43.0334768617201 
 18 	 42.7310702113232 	 40.906767638185 	 41.8189189247541 
 19 	 41.5502733853077 	 39.5893188586491 	 40.5697961219784 
 20 	 40.3367002407732 	 38.2450796605799 	 39.2908899506766 
 21 	 39.0944566098114 	 36.8795329016059 	 37.9869947557086 
 22 	 37.8276752549816 	 35.4981037564371 	 36.6628895057093 
 23 	 36.5404950144172 	 34.1061257807724 	 35.3233103975948 
 24 	 35.2370403319971 	 32.7088086626279 	 33.9729244973125 
 25 	 33.9214013043572 	 31.3112079143111 	 32.6163046093341 
 26 	 32.5976143696912 	 29.9181967308727 	 31.257905550282 
 27 	 31.2696437555227 	 28.5344402115568 	 29.9020419835397 
 28 	 29.9413637940196 	 27.1643721099818 	 28.5528679520007 
 29 	 28.6165422040738 	 25.8121742469566 	 27.2143582255152 
 30 	 27.2988244293845 	 24.4817586874078 	 25.8902915583962 
 31 	 25.9917191112871 	 23.1767527503153 	 24.5842359308012 
 32 	 24.6985847641665 	 21.9004868882339 	 23.2995358262002 
 33 	 23.4226177101055 	 20.6559854413433 	 22.0393015757244 
 34 	 22.1668413180616 	 19.4459602403927 	 20.8064007792271 
 35 	 20.9340965814521 	 18.272807003752 	 19.6034517926021 
 36 	 19.7270340566716 	 17.1386044463719 	 18.4328192515217 
 37 	 18.548107173872 	 16.0451159930765 	 17.2966115834742 
 38 	 17.3995669204092 	 14.9937939655213 	 16.1966804429653 
 39 	 16.283457886798 	 13.9857860915365 	 15.1346219891673 
 40 	 15.2016156549014 	 13.0219441676249 	 14.1117799112632 
 41 	 14.1556654985015 	 12.1028346901985 	 13.12925009435 
 42 	 13.1470223574248 	 11.2287512588002 	 12.1878868081125 
 43 	 12.1768920380832 	 10.3997285451022 	 11.2883102915927 
 44 	 11.2462735857112 	 9.61555761488441 	 10.4309156002978 
 45 	 10.3559627667551 	 8.87580238643044 	 9.61588257659276 
 46 	 9.50655659385624 	 8.1798170077519 	 8.84318680080407 
 47 	 8.69845882067296 	 7.52676393663284 	 8.1126113786529 
 48 	 7.93188632943256 	 6.91563251153835 	 7.42375942048546 
 49 	 7.20687633059779 	 6.34525780776627 	 6.77606706918202 
 50 	 6.52329429136329 	 5.81433958164273 	 6.16881693650301 
 51 	 5.88084250786143 	 5.32146111585213 	 5.60115181185678 
 52 	 5.27906923492759 	 4.86510779091364 	 5.07208851292062 
 53 	 4.71737828702761 	 4.44368522112967 	 4.58053175407864 
 54 	 4.195039024449 	 4.05553680778437 	 4.12528791611668 
 55 	 3.71119664006129 	 3.69896057771307 	 3.70507860888718 
 56 	 3.26488266381503 	 3.37222519134563 	 3.31855392758033 
 57 	 2.85502560462039 	 3.07358502070655 	 2.96430531266347 
 58 	 2.48046165227362 	 2.80129421439522 	 2.64087793333442 
 59 	 2.13994536562212 	 2.5536196830506 	 2.34678252433636 
 60 	 1.83216027712064 	 2.32885295501598 	 2.08050661606831 
 61 	 1.55572934826798 	 2.12532086767059 	 1.84052510796928 
 62 	 1.30922521506719 	 1.94139507501262 	 1.62531014503991 
 63 	 1.0911801675593 	 1.77550036640929 	 1.4333402669843 
 64 	 0.900095812581866 	 1.62612180484208 	 1.26310880871197 
 65 	 0.734452374139929 	 1.4918107053579 	 1.11313153974891 
 66 	 0.592717591091338 	 1.3711894857013 	 0.981953538396321 
 67 	 0.473355177186853 	 1.26295543118022 	 0.868155304183536 
 68 	 0.374832813816419 	 1.16588342466304 	 0.770358119239729 
 69 	 0.295629651048921 	 1.07882770019022 	 0.68722867561957 
 70 	 0.234243297669178 	 1.00072268500318 	 0.617482991336178 
 71 	 0.189196285873141 	 0.930582999857206 	 0.559889642865174 
 72 	 0.159042001043841 	 0.867502691321212 	 0.513272346182526 
 73 	 0.142370071565348 	 0.810653772417303 	 0.476511921991325 
 74 	 0.137811217912355 	 0.759284149473257 	 0.448547683692806 
 75 	 0.144041564256237 	 0.712715013517295 	 0.428378288886766 
 76 	 0.1597864195361 	 0.670337774013902 	 0.415062096775001 
 77 	 0.183823538341203 	 0.631610611305491 	 0.407717074823347 
 78 	 0.214985875029076 	 0.596054721877504 	 0.40552029845329 
 79 	 0.252163847255783 	 0.563250327597965 	 0.407707087426874 
 80 	 0.294307127518446 	 0.532832516492957 	 0.413569822005702 
 81 	 0.34042598340687 	 0.504486978504081 	 0.422456480955476 
 82 	 0.389592189035034 	 0.477945695129174 	 0.433768942082104 
 83 	 0.440939531581967 	 0.452982636967959 	 0.446961084274963 
 84 	 0.493663938025029 	 0.429409518070925 	 0.461536728047977 
 85 	 0.547023248009395 	 0.407071650709803 	 0.477047449359599 
 86 	 0.60033665938005 	 0.385843938833076 	 0.493090299106563 
 87 	 0.652983873223083 	 0.365627043116176 	 0.50930545816963 
 88 	 0.70440396533908 	 0.346343745232484 	 0.525373855285782 
 89 	 0.754094010921915 	 0.327935533820719 	 0.541014772371317 
 90 	 0.801607488860587 	 0.310359429661764 	 0.555983459261176 
 91 	 0.846552491540206 	 0.293585062851427 	 0.570068777195817 
 92 	 0.888589765311257 	 0.277592010305392 	 0.583090887808325 
 93 	 0.927430605944169 	 0.262367397791916 	 0.594899001868042 
 94 	 0.962834632409321 	 0.247903766882412 	 0.605369199645867 
 95 	 0.994607461240813 	 0.234197203759241 	 0.614402332500027 
 96 	 1.02259830257473 	 0.221245723736166 	 0.621922013155446 
 97 	 1.04669749771786 	 0.209047902636665 	 0.627872700177262 
 98 	 1.06683401681853 	 0.197601743839288 	 0.63221788032891 
 99 	 1.08297293389356 	 0.186903767833491 	 0.634938350863523 
 100 	 1.09511289513055 	 0.176948309524708 	 0.636030602327631 
 101 	 1.1032835950464 	 0.167727007271336 	 0.635505301158869 
 102 	 1.10754327375399 	 0.159228466712172 	 0.63338587023308 
 103 	 1.10797624728236 	 0.151438081831664 	 0.629707164557012 
 104 	 1.10469048162001 	 0.144337995390413 	 0.624514238505213 
 105 	 1.09781521991679 	 0.137907180796372 	 0.617861200356582 
 106 	 1.08749867109447 	 0.13212162768333 	 0.6098101493889 
 107 	 1.07390576698598 	 0.126954613871978 	 0.600430190428977 
 108 	 1.05721599405392 	 0.122377046989158 	 0.589796520521539 
 109 	 1.03762130473457 	 0.118357859786667 	 0.577989582260618 
 110 	 1.01532411251695 	 0.114864444106575 	 0.56509427831176 
 111 	 0.990535373999957 	 0.111863109460369 	 0.551199241730163 
 112 	 0.963472760374835 	 0.109319553300162 	 0.536396156837499 
 113 	 0.93435892005531 	 0.10719933123875 	 0.52077912564703 
 114 	 0.903419833523613 	 0.105468316699862 	 0.504444075111737 
 115 	 0.870883260874777 	 0.104093140730326 	 0.487488200802552 
 116 	 0.836977282022975 	 0.103041603963619 	 0.470009442993297 
 117 	 0.801928929078961 	 0.102283053972483 	 0.452105991525722 
 118 	 0.765962910014092 	 0.101788722472026 	 0.433875816243059 
 119 	 0.72930042239024 	 0.101532018020529 	 0.415416220205384 
 120 	 0.692158055652418 	 0.101488771001637 	 0.396823413327028 
 121 	 0.654746780248074 	 0.101637428748813 	 0.378192104498444 
 122 	 0.617271021649352 	 0.101959199682805 	 0.359615110666078 
 123 	 0.579927817208103 	 0.102438146268843 	 0.341182981738473 
 124 	 0.542906053663334 	 0.103061227457366 	 0.32298364056035 
 125 	 0.506385783043097 	 0.103818292046691 	 0.305102037544894 
 126 	 0.470537614652927 	 0.10470202509596 	 0.287619819874443 
 127 	 0.435522180816892 	 0.105707850120916 	 0.270615015468904 
 128 	 0.40148967403101 	 0.106833790323595 	 0.254161732177303 
 129 	 0.368579453198392 	 0.108080292541066 	 0.238329872869729 
 130 	 0.336919716637432 	 0.1094500179498 	 0.223184867293616 
 131 	 0.306627239585343 	 0.110947603833787 	 0.208787421709565 
 132 	 0.277807173956189 	 0.112579400919671 	 0.19519328743793 
 133 	 0.250552908152661 	 0.114353190904727 	 0.182453049528694 
 134 	 0.224945984771505 	 0.116277888857886 	 0.170611936814695 
 135 	 0.201056074081736 	 0.118363235165054 	 0.159709654623395 
 136 	 0.178941001190572 	 0.120619481622507 	 0.149780241406539 
 137 	 0.158646824842833 	 0.123057076161513 	 0.140851950502173 
 138 	 0.140207965824227 	 0.125686350518759 	 0.132947158171493 
 139 	 0.123647382956274 	 0.128517214955984 	 0.126082298956129 
 140 	 0.108976794680144 	 0.131558863883846 	 0.120267829281995 
 141 	 0.096196944227834 	 0.134819495964625 	 0.11550822009623 
 142 	 8.52979063716847E-02 	 0.138306051961148 	 0.111801979166416 
 143 	 0.076259433727444 	 0.142023973270234 	 0.109141703498839 
 144 	 6.90513405619866E-02 	 0.145976983732857 	 0.107514162147422 
 145 	 6.36339220250564E-02 	 0.150166896954657 	 0.106900409489857 
 146 	 5.99584066855337E-02 	 0.154593451003832 	 0.107275928844683 
 147 	 5.79674402075933E-02 	 0.159254171982875 	 0.108610806095234 
 148 	 5.75955979516593E-02 	 0.164144267599918 	 0.110869932775789 
 149 	 5.87699242302876E-02 	 0.169256551498257 	 0.114013237864273 
 150 	 6.14104958912029E-02 	 0.174581398742191 	 0.117995947316697 
 151 	 6.54310078398708E-02 	 0.180106732506664 	 0.122768870173267 
 152 	 7.07393780534639E-02 	 0.185818041680108 	 0.128278709866786 
 153 	 7.72383695781832E-02 	 0.191698428766768 	 0.134468399172475 
 154 	 8.48262269439265E-02 	 0.197728687168911 	 0.141277457056419 
 155 	 9.33973243755382E-02 	 0.203887406642581 	 0.14864236550906 
 156 	 0.102842823129628 	 0.210151105454573 	 0.1564969642921 
 157 	 0.113051335241411 	 0.216494387524645 	 0.164772861383028 
 158 	 0.123909590928404 	 0.222890122616684 	 0.173399856772544 
 159 	 0.135303106868217 	 0.229309647446631 	 0.182306377157424 
 160 	 0.147116852547098 	 0.235722985404238 	 0.191419918975668 
 161 	 0.159235911865327 	 0.242099082440552 	 0.20066749715294 
 162 	 0.171546137185772 	 0.248406056553877 	 0.209976096869824 
 163 	 0.18393479302371 	 0.254611458213922 	 0.219273125618816 
 164 	 0.19629118659993 	 0.260682538996813 	 0.228486862798372 
 165 	 0.20850728251568 	 0.266586525662521 	 0.2375469040891 
 166 	 0.220478298857618 	 0.272290896890525 	 0.246384597874071 
 167 	 0.232103282103686 	 0.277763659898816 	 0.254933471001251 
 168 	 0.243285658276963 	 0.282973624204812 	 0.263129641240888 
 169 	 0.253933757884015 	 0.28789066984372 	 0.270912213863868 
 170 	 0.263961312276842 	 0.292486007439352 	 0.278223659858097 
 171 	 0.273287919193005 	 0.296732427623371 	 0.285010173408188 
 172 	 0.281839475356504 	 0.300604537420166 	 0.291222006388335 
 173 	 0.289548574161846 	 0.304078981354914 	 0.29681377775838 
 174 	 0.296354866615056 	 0.307134645200388 	 0.301744755907722 
 175 	 0.302205383867146 	 0.309752840452389 	 0.305979112159768 
 176 	 0.307054819847221 	 0.311917467812734 	 0.309486143829978 
 177 	 0.310865772682748 	 0.313615158160999 	 0.312240465421873 
 178 	 0.313608943782815 	 0.314835389710014 	 0.314222166746415 
 179 	 0.315263293655153 	 0.315570580263783 	 0.315416936959468 
 180 	 0.315816153728282 	 0.315816153728282 	 0.315816153728282 

Real and imaginary values of S1 (perpendicular polarisation) and S2 (parallel polarisation) 

Angle	S1 Real	S1 Imaginary	S1 Magnitude	S1 Phase	S2 Real	S2 Imaginary	S2 Magnitude	S2 Phase
 0 	 4.79651936264051 	-5.60296506521854 	 7.37562305966383 	 310.565775536135 	 4.79651936264051 	-5.60296506521854 	 7.37562305966383 	 310.565775536135 
 1 	 4.79513244949628 	-5.60058603757554 	 7.37291388614423 	 310.569610957966 	 4.7951457209762 	-5.59989276717636 	 7.37239591240666 	 310.573193418787 
 2 	 4.79097326223151 	-5.59345342586591 	 7.36479096965748 	 310.58112069656 	 4.79102677156905 	-5.59068351596771 	 7.36272230235559 	 310.595459052536 
 3 	 4.78404645509693 	-5.581580631437 	 7.35126811031663 	 310.600315187643 	 4.78416843698119 	-5.57536021270216 	 7.34662569720203 	 310.632608438182 
 4 	 4.77435977767112 	-5.56498994887767 	 7.33236826801228 	 310.627211878985 	 4.7745805741762 	-5.55396093387934 	 7.3241451183301 	 310.68470172201 
 5 	 4.76192406361552 	-5.54371250469237 	 7.30812350212577 	 310.661835313356 	 4.76227695359809 	-5.5265387938224 	 7.2953350041239 	 310.751823413973 
 6 	 4.74675321495974 	-5.51778817176266 	 7.27857488744703 	 310.704217245876 	 4.7472752299596 	-5.4931617529975 	 7.26026501951427 	 310.834082694693 
 7 	 4.72886418194512 	-5.48726545991216 	 7.24377240661442 	 310.754396797015 	 4.72959690481718 	-5.45391237312585 	 7.21901981267481 	 310.931613812785 
 8 	 4.70827693846251 	-5.45220138297829 	 7.20377481948237 	 310.812420642877 	 4.70926728103184 	-5.40888752024399 	 7.17169872002778 	 311.044576574503 
 9 	 4.68501445312828 	-5.41266130288039 	 7.15864950990896 	 310.87834324482 	 4.68631540923633 	-5.35819801711123 	 7.11841542096418 	 311.173156928102 
 10 	 4.65910265604997 	-5.36871875125698 	 7.10847231053974 	 310.952227120918 	 4.66077402645027 	-5.30196824659738 	 7.05929754391755 	 311.3175676458 
 11 	 4.63057040134092 	-5.32045522932542 	 7.05332730624567 	 311.034143162274 	 4.63267948700521 	-5.24033570790883 	 6.99448622565683 	 311.478049106609 
 12 	 4.59944942545056 	-5.26795998669534 	 6.99330661695172 	 311.124170997724 	 4.60207168596203 	-5.17345052772506 	 6.92413562587794 	 311.654870183812 
 13 	 4.56577430138439 	-5.21132977994095 	 6.92851016066813 	 311.222399411105 	 4.56899397522223 	-5.10147492851935 	 6.84841239937612 	 311.848329241244 
 14 	 4.52958238889502 	-5.15066861180782 	 6.8590453976082 	 311.32892681592 	 4.53349307255378 	-5.02458265652582 	 6.76749512826963 	 312.05875524298 
 15 	 4.49091378073243 	-5.08608745199622 	 6.78502705634442 	 311.443861793041 	 4.49561896377041 	-4.94295837198932 	 6.68157371691965 	 312.286508981456 
 16 	 4.44981124504872 	-5.01770394052468 	 6.70657684301902 	 311.567323697941 	 4.45542479832058 	-4.85679700449344 	 6.59084875234946 	 312.531984429399 
 17 	 4.40632016405889 	-4.94564207473507 	 6.62382313468451 	 311.699443344969 	 4.41296677855908 	-4.76630307630476 	 6.49553083310813 	 312.79561022133 
 18 	 4.36048846906587 	-4.8700318810524 	 6.53690065790533 	 311.84036377735 	 4.36830404299029 	-4.6716899967977 	 6.39583986964847 	 313.077851270662 
 19 	 4.31236657196413 	-4.79100907266038 	 6.4459501538026 	 311.9902411329 	 4.32149854378664 	-4.57317933113267 	 6.29200435939527 	 313.37921052868 
 20 	 4.26200729334197 	-4.70871469429537 	 6.35111803077011 	 312.149245617015 	 4.27261491890031 	-4.47100004645162 	 6.18426063976769 	 313.700230891804 
 21 	 4.20946578730836 	-4.62329475539812 	 6.25255600613152 	 312.317562596284 	 4.22172035909902 	-4.36538773892705 	 6.07285212248791 	 314.041497263566 
 22 	 4.1547994631757 	-4.53489985289383 	 6.15042073804562 	 312.495393828143 	 4.16888447026892 	-4.25658384505553 	 5.95802851255657 	 314.403638777594 
 23 	 4.09806790413466 	-4.44368478489627 	 6.04487344899934 	 312.682958844485 	 4.11417913133845 	-4.14483484062171 	 5.8400450153036 	 314.78733118753 
 24 	 4.03933278306235 	-4.34980815665184 	 5.93607954225658 	 312.880496509974 	 4.05767834818739 	-4.03039143077681 	 5.71916153493044 	 315.193299429242 
 25 	 3.9786577756096 	-4.2534319800531 	 5.82420821265493 	 313.088266779206 	 3.9994581039137 	-3.91350773467361 	 5.59564186794608 	 315.622320359719 
 26 	 3.91610847071706 	-4.15472126805991 	 5.70943205316354 	 313.306552680896 	 3.9395962058388 	-3.79444046808133 	 5.46975289486397 	 316.075225675694 
 27 	 3.85175227871397 	-4.05384362536894 	 5.59192665863231 	 313.535662561961 	 3.87817212963864 	-3.67344812736628 	 5.34176377347003 	 316.552905013173 
 28 	 3.78565833715702 	-3.95096883666945 	 5.4718702281779 	 313.775932630075 	 3.81526686099294 	-3.55079017817033 	 5.21194513689293 	 317.056309226473 
 29 	 3.7178974145697 	-3.84626845381466 	 5.34944316766464 	 314.02772983998 	 3.75096273514987 	-3.42672625204781 	 5.08056829960553 	 317.586453842064 
 30 	 3.64854181224583 	-3.73991538322439 	 5.22482769375073 	 314.29145517694 	 3.68534327480605 	-3.30151535423503 	 4.94790447436163 	 318.144422678093 
 31 	 3.57766526428316 	-3.63208347481563 	 5.09820744098228 	 314.567547400447 	 3.61849302670417 	-3.17541508562402 	 4.81422400292252 	 318.731371614905 
 32 	 3.50534283601534 	-3.5229471137334 	 4.96976707343177 	 314.856487323026 	 3.55049739735093 	-3.048680881896 	 4.67979560325383 	 319.348532494717 
 33 	 3.43165082101248 	-3.41268081612534 	 4.83969190239477 	 315.158802713227 	 3.48144248825799 	-2.92156527263987 	 4.54488563567261 	 319.99721711964 
 34 	 3.35666663682187 	-3.30145883017017 	 4.7081675116824 	 315.475073929218 	 3.41141493110686 	-2.79431716313911 	 4.4097573901965 	 320.678821306008 
 35 	 3.28046871962177 	-3.18945474353145 	 4.57537939207801 	 315.805940410553 	 3.34050172323619 	-2.66718114135656 	 4.27467039708935 	 321.394828939058 
 36 	 3.20313641796194 	-3.07684109836656 	 4.44151258657134 	 316.152108181707 	 3.26879006384591 	-2.54039681248307 	 4.13987976230855 	 322.146815954871 
 37 	 3.12474988576512 	-2.96378901497438 	 4.30675134804321 	 316.514358553009 	 3.19636719130814 	-2.4141981632429 	 4.00563552923584 	 322.936454155478 
 38 	 3.04538997476365 	-2.85046782511542 	 4.17127881115722 	 316.893558244324 	 3.1233202219684 	-2.28881295796851 	 3.87218206771341 	 323.76551473762 
 39 	 2.96513812654552 	-2.73704471598551 	 4.03527668032789 	 317.290671206274 	 3.04973599081399 	-2.16446216826959 	 3.73975749100614 	 324.63587138494 
 40 	 2.8840762643832 	-2.62368438576801 	 3.89892493578696 	 317.706772475706 	 2.97570089437811 	-2.04135943792912 	 3.608593100867 	 325.549502736743 
 41 	 2.80228668501817 	-2.51054871163086 	 3.76240155997489 	 318.143064479908 	 2.90130073623941 	-1.91971058446192 	 3.47891286039166 	 326.508494003113 
 42 	 2.71985195057235 	-2.39779643097419 	 3.62588228675791 	 318.600896302631 	 2.82662057546667 	-1.799713138572 	 3.35093289380736 	 327.515037445355 
 43 	 2.63685478075657 	-2.28558283667087 	 3.48954037633658 	 319.081786550228 	 2.75174457834706 	-1.68155592254311 	 3.22486101174954 	 328.571431382121 
 44 	 2.55337794554405 	-2.17405948697832 	 3.35354641919733 	 319.587450616662 	 2.67675587372532 	-1.56541866839559 	 3.10089625993589 	 329.680077314792 
 45 	 2.46950415847478 	-2.06337393073356 	 3.21806817310558 	 320.119833352719 	 2.60173641226778 	-1.45147167644099 	 2.97922848845644 	 330.843474691282 
 46 	 2.38531597075419 	-1.95366944837688 	 3.08327043800187 	 320.681148412576 	 2.52676682995237 	-1.33987551466707 	 2.86003793816654 	 332.064212746388 
 47 	 2.30089566630691 	-1.84508480928195 	 2.94931497481584 	 321.273925900452 	 2.45192631607126 	-1.23078075918909 	 2.74349483991365 	 333.34495877172 
 48 	 2.21632515794294 	-1.73775404580216 	 2.81636047576168 	 321.90107039944 	 2.37729248601807 	-1.12432777581112 	 2.62975902157182 	 334.688442082876 
 49 	 2.13168588479062 	-1.6318062443753 	 2.68456259576822 	 322.565932072789 	 2.3029412591162 	-1.02064654255357 	 2.51897951713909 	 336.097432872393 
 50 	 2.04705871114708 	-1.52736535396092 	 2.55407405753304 	 323.272394338941 	 2.22894674172852 	-0.919856512821722 	 2.41129417152755 	 337.574715073031 
 51 	 1.96252382689268 	-1.42455001201781 	 2.42504484656705 	 324.024982711575 	 2.15538111587245 	-0.822066518715219 	 2.30682923422002 	 339.123052319981 
 52 	 1.87816064961235 	-1.32347338816286 	 2.29762251793622 	 324.829000871942 	 2.08231453354711 	-0.727374713811342 	 2.20569893478544 	 340.745146109321 
 53 	 1.79404772856195 	-1.22424304558748 	 2.17195264382712 	 325.690702055339 	 2.00981501696195 	-0.635868554595921 	 2.10800503346877 	 342.443585324824 
 54 	 1.71026265061333 	-1.12696082024446 	 2.04817944146723 	 326.617506604249 	 1.93794836483841 	-0.547624819565827 	 2.01383634086397 	 344.220786471576 
 55 	 1.62688194830718 	-1.03172271775586 	 1.92644663566404 	 327.618280379232 	 1.86677806493803 	-0.462709664886419 	 1.92326820223105 	 346.078924241469 
 56 	 1.54398101013745 	-0.938618827932814 	 1.80689863130587 	 328.703694072457 	 1.79636521295212 	-0.381178715356881 	 1.83636194453752 	 348.019852471944 
 57 	 1.46163399318621 	-0.847733256739948 	 1.68968210164527 	 329.88669097698 	 1.72676843786964 	-0.303077189316211 	 1.75316428799658 	 350.04501617135 
 58 	 1.37991373822235 	-0.759144075481621 	 1.57494814272522 	 331.183101330864 	 1.65804383392113 	-0.22844005601328 	 1.67370672890899 	 352.15535608783 
 59 	 1.29889168737203 	-0.672923286933929 	 1.46285521006767 	 332.612456224255 	 1.59024489917808 	-0.157292223865913 	 1.59800490707964 	 354.351208291267 
 60 	 1.21863780446333 	-0.589136808095898 	 1.35357315174343 	 334.199074856317 	 1.52342248086819 	-8.96487579467316E-02 	 1.52605797891691 	 356.632202387637 
 61 	 1.13922049814148 	-0.507844469185462 	 1.24728879906298 	 335.973527536695 	 1.45762472744839 	-2.55151249574221E-02 	 1.45784802626014 	 358.997163221184 
 62 	 1.06070654784535 	-0.42910002846096 	 1.14421379779619 	 337.974614705577 	 1.39289704745916 	 3.51125361116273E-02 	 1.3933395404612 	 1.44402212323312 
 63 	 0.983161032730042 	-0.352951202406927 	 1.04459569574037 	 340.252048263316 	 1.32928207516484 	 9.22471194929261E-02 	 1.33247903038258 	 3.96974476973041 
 64 	 0.906647263613991 	-0.279439710784147 	 0.948733794371143 	 342.870065734696 	 1.26681964296707 	 0.14591023622373 	 1.27519481054546 	 6.57028330558694 
 65 	 0.831226718023143 	-0.208601336008193 	 0.857001968574127 	 345.912215175679 	 1.20554676055992 	 0.196131877728678 	 1.22139703019039 	 9.2405603606843 
 66 	 0.756958978398503 	-0.140465996288188 	 0.769881543545069 	 349.487418069625 	 1.14549760077843 	 0.242950061354543 	 1.17097800393573 	 11.9744917230789 
 67 	 0.683901673527043 	-0.075057831928202 	 0.68800812290761 	 353.736885778832 	 1.08670349207434 	 0.28641045981887 	 1.12381289865361 	 14.7650526301919 
 68 	 0.612110423249769 	-1.23953041676035E-02 	 0.612235913530413 	 358.839912644597 	 1.02919291753671 	 0.326566016534653 	 1.07976081826627 	 17.6043899001411 
 69 	 0.541638786494423 	 4.75086940861262E-02 	 0.54371835636561 	 5.01274842587781 	 0.972991520358157 	 0.363476548763936 	 1.03866630839275 	 20.4839786346425 
 70 	 0.47253821267402 	 0.104646716298316 	 0.483986877579525 	 12.4869995378689 	 0.918122115632096 	 0.397208340534816 	 1.00036127724097 	 23.3948183410362 
 71 	 0.404857996486168 	 0.159016629804393 	 0.434966994004305 	 21.4434788305297 	 0.864604708350859 	 0.427833727229086 	 0.964667300087033 	 26.3276595422527 
 72 	 0.338645236141847 	 0.210621473459553 	 0.398800703414426 	 31.879676861159 	 0.812456517459902 	 0.455430673712409 	 0.931398245285663 	 29.2732488243844 
 73 	 0.273944795046152 	 0.259469306147124 	 0.377319588101847 	 43.4455211982289 	 0.761692005809262 	 0.480082347835833 	 0.90036313363959 	 32.2225783096919 
 74 	 0.210799266947319 	 0.305573046859222 	 0.371229333313459 	 55.4001852444559 	 0.712322915829993 	 0.501876691087276 	 0.871369123548257 	 35.1671250663734 
 75 	 0.149248944564311 	 0.348950307067748 	 0.379528080985105 	 66.8432020559554 	 0.664358310750544 	 0.520905988114917 	 0.844224504215138 	 38.0990670544249 
 76 	 8.93317916971886E-02 	 0.389623216105343 	 0.39973293526566 	 77.0865643711254 	 0.617804621156036 	 0.537266436781741 	 0.818741579507174 	 41.0114646700035 
 77 	 3.10834188186093E-02 	 0.427618240274839 	 0.428746473269697 	 85.8425021806287 	 0.572665696682078 	 0.551057720342544 	 0.794739335446215 	 43.8984003771666 
 78 	-2.54629378610348E-02 	 0.462965996402069 	 0.46366569317675 	 93.148072416944 	 0.528942862624225 	 0.562382583261959 	 0.772045802966057 	 46.7550727686561 
 79 	-8.02764338680374E-02 	 0.495701060540739 	 0.502159185175162 	 99.1989166090007 	 0.486634981234435 	 0.571346412115212 	 0.75050005169751 	 49.5778451312256 
 80 	-0.133328630498118 	 0.525861772529571 	 0.542500808772158 	 104.227147502644 	 0.445738517466888 	 0.578056822932987 	 0.72995377695643 	 52.3642517558786 
 81 	-0.184593505431717 	 0.553490037091275 	 0.583460352900581 	 108.443969233996 	 0.406247608927404 	 0.582623256268447 	 0.710272467792523 	 55.1129675400148 
 82 	-0.234047459961361 	 0.578631122150088 	 0.624173204355197 	 112.022580809396 	 0.368154139773331 	 0.585156581178861 	 0.691336166513205 	 57.823747766812 
 83 	-0.281669322865794 	 0.60133345502998 	 0.664032778996615 	 115.098761464852 	 0.331447818304297 	 0.585768709226842 	 0.67303984797927 	 60.4973453641902 
 84 	-0.327440350970547 	 0.621648417179127 	 0.702612224505829 	 117.777084388032 	 0.296116257978525 	 0.58457221951759 	 0.655293459505682 	 63.1354125983055 
 85 	-0.371344226439456 	 0.639630138048135 	 0.739610200044182 	 120.137773404151 	 0.262145061584598 	 0.581679995699191 	 0.638021669467271 	 65.7403932571129 
 86 	-0.413367050846277 	 0.6553352887299 	 0.77481395146193 	 122.242575095991 	 0.229517908294542 	 0.577204875763514 	 0.621163375315284 	 68.3154101483315 
 87 	-0.453497336080056 	 0.668822875948016 	 0.808074175569968 	 124.139349738241 	 0.198216643320987 	 0.571259315396027 	 0.604671020569182 	 70.8641513678821 
 88 	-0.491725992142127 	 0.680154036958482 	 0.839287772661487 	 125.865525344664 	 0.168221369898775 	 0.56395506553436 	 0.588509766471623 	 73.3907574416726 
 89 	-0.528046311896767 	 0.689391835906212 	 0.868385865224622 	 127.450656875557 	 0.139510543309965 	 0.555402864708202 	 0.572656558349521 	 75.8997102114789 
 90 	-0.562453952841375 	 0.696601062153727 	 0.895325353634413 	 128.918315329548 	 0.112061066670441 	 0.545712146647339 	 0.557099120140899 	 78.3957232904104 
 91 	-0.594946915965757 	 0.70184803107442 	 0.920082872104576 	 130.287485573413 	 8.58483881964808E-02 	 0.534990763560917 	 0.541834903685087 	 80.8836330914733 
 92 	-0.625525521773557 	 0.705200387777245 	 0.942650394001539 	 131.573606699846 	 6.08465996705638E-02 	 0.523344725409478 	 0.526870012721726 	 83.3682888532271 
 93 	-0.654192383542144 	 0.706726914203511 	 0.963031985940326 	 132.789352298412 	 3.70285358273632E-02 	 0.510877955412443 	 0.512218115446844 	 85.8544397623609 
 94 	-0.680952377900321 	 0.70649734001001 	 0.98124137316428 	 133.945220751737 	 1.43658743833275E-02 	 0.497692061957607 	 0.497899354169507 	 88.3466172190924 
 95 	-0.705812612806046 	 0.704582157625863 	 0.997300085852204 	 135.049985913374 	-7.17076356357985E-03 	 0.483886127006299 	 0.483939256270083 	 90.8490105289746 
 96 	-0.728782393008986 	 0.701052441843562 	 1.01123602713448 	 136.111044422602 	-2.76117130335022E-02 	 0.469556511018133 	 0.470367647416535 	 93.3653348619772 
 97 	-0.749873183085107 	 0.695979674277683 	 1.02308235138617 	 137.134685895421 	-4.69881648286411E-02 	 0.454796674353167 	 0.457217565975614 	 95.8986912260812 
 98 	-0.76909856813269 	 0.68943557299778 	 1.03287657385504 	 138.126305112665 	-6.53320656212299E-02 	 0.43969701504667 	 0.444524176889501 	 98.4514194783229 
 99 	-0.786474212221122 	 0.681491927615229 	 1.04065985504081 	 139.090570248375 	-8.26760187193694E-02 	 0.424344722792926 	 0.432323684099647 	 101.024947035466 
 100 	-0.802017814685558 	 0.67222044007718 	 1.04647641881246 	 140.031557539323 	-9.90531857580569E-02 	 0.408823648919541 	 0.420652242980717 	 103.619637895948 
 101 	-0.815749064362046 	 0.661692571394638 	 1.05037307422001 	 140.952860167242 	-0.11449718955568 	 0.393214192082618 	 0.409544878214019 	 106.234648720105 
 102 	-0.827689591859063 	 0.64997939450583 	 1.05239881877261 	 141.857677213989 	-0.129042018368637 	 0.377593199366091 	 0.399034417954357 	 108.867800822298 
 103 	-0.837862919962444 	 0.637151453450722 	 1.05260450658467 	 142.748887151153 	-0.142721931768599 	 0.362033882425255 	 0.38915046168759 	 111.515478695307 
 104 	-0.846294412271628 	 0.623278629007792 	 1.05104256889053 	 143.629109295341 	-0.155571368358331 	 0.34660574827537 	 0.379918406227459 	 114.172566724375 
 105 	-0.853011220165773 	 0.608430010919983 	 1.04776677744467 	 144.500755897428 	-0.167624855532906 	 0.331374544290814 	 0.371358560957429 	 116.832435637849 
 106 	-0.858042228198798 	 0.592673776813275 	 1.04283204356908 	 145.366076966633 	-0.178916921483681 	 0.316402216948827 	 0.363485388541727 	 119.486988624974 
 107 	-0.861417998022656 	 0.576077077888555 	 1.03629424729947 	 146.227199507525 	-0.189482009632535 	 0.301746883824165 	 0.356306909660728 	 122.126773741486 
 108 	-0.863170710938237 	 0.558705931445424 	 1.02821009237117 	 147.086162533604 	-0.199354395673646 	 0.287462818317002 	 0.349824308745345 	 124.741164314575 
 109 	-0.863334109173181 	 0.540625120275335 	 1.01863698378498 	 147.944948988853 	-0.208568107389593 	 0.273600446576007 	 0.344031771478547 	 127.318602995931 
 110 	-0.861943435985564 	 0.521898098941111 	 1.00763292548276 	 148.805515540063 	-0.217156847397734 	 0.260206356061592 	 0.338916573962642 	 129.846898678927 
 111 	-0.859035374691981 	 0.502586906940247 	 0.995256436301699 	 149.66982108451 	-0.225153918971811 	 0.247323315180765 	 0.334459428720987 	 132.31355969812 
 112 	-0.854647986717848 	 0.482752088730814 	 0.981566482911287 	 150.53985474055 	-0.232592155072459 	 0.234990303414655 	 0.330635075725735 	 134.70614258216 
 113 	-0.848820648766965 	 0.462452620580896 	 0.966622428901435 	 151.417664046654 	-0.239503850708907 	 0.22324255135246 	 0.327413089595927 	 137.012593914219 
 114 	-0.841593989206384 	 0.441745844185655 	 0.950483999614729 	 152.305384083523 	-0.245920698742588 	 0.21211159004123 	 0.324758859309275 	 139.221563902562 
 115 	-0.83300982376149 	 0.420687406980086 	 0.933211262723922 	 153.205268252401 	-0.251873729231745 	 0.201625309059205 	 0.322634686185981 	 141.322673876586 
 116 	-0.823111090614928 	 0.399331209060448 	 0.914864624970807 	 154.119721490278 	-0.257393252404398 	 0.191808022721432 	 0.321000940751923 	 143.306725417823 
 117 	-0.811941785001586 	 0.377729356613168 	 0.895504845927123 	 155.051336780852 	-0.262508805335286 	 0.182680543829726 	 0.319817219630969 	 145.165845230693 
 118 	-0.799546893390293 	 0.355932121736748 	 0.875193070136009 	 156.002935931628 	-0.267249102390645 	 0.174260264384685 	 0.319043449191526 	 146.893566121409 
 119 	-0.785972327341202 	 0.333987908529775 	 0.853990879570877 	 156.977615736898 	-0.271641989492988 	 0.166561242685148 	 0.318640891946607 	 148.484849726315 
 120 	-0.77126485712606 	 0.311943225306684 	 0.831960369039546 	 157.978800839332 	-0.275714402246356 	 0.159594296250123 	 0.318573023028689 	 149.936060372477 
 121 	-0.755472045196631 	 0.289842662792236 	 0.809164248004121 	 159.010304847044 	-0.279492327951014 	 0.15336710000954 	 0.31880625581819 	 151.244901480169 
 122 	-0.738642179584566 	 0.267728878135911 	 0.785665973330494 	 160.076401566993 	-0.283000771525048 	 0.147884289223137 	 0.319310506690282 	 152.41032635186 
 123 	-0.720824207313901 	 0.245642584578468 	 0.761529918787242 	 161.181908589226 	-0.286263725339118 	 0.143147566601087 	 0.32005959799519 	 153.432434360419 
 124 	-0.702067667905172 	 0.223622546594763 	 0.736821588760355 	 162.332285909396 	-0.28930414295945 	 0.139155813115602 	 0.321031505396848 	 154.312361863297 
 125 	-0.682422627047928 	 0.201705580329601 	 0.71160788573701 	 163.533752816534 	-0.292143916783281 	 0.135905202009393 	 0.322208460544863 	 155.052175035073 
 126 	-0.661939610516033 	 0.179926559136803 	 0.685957443762313 	 164.793426900225 	-0.294803859540305 	 0.133389315524519 	 0.323576922996619 	 155.654769566419 
 127 	-0.640669538397814 	 0.158318424025836 	 0.659941043440164 	 166.119489732685 	-0.297303689623242 	 0.131599263893546 	 0.325127436739682 	 156.123780068773 
 128 	-0.618663659710654 	 0.136912198815264 	 0.633632128313433 	 167.521384514837 	-0.299662020200511 	 0.130523806154062 	 0.326854387034341 	 156.463500203918 
 129 	-0.595973487467158 	 0.11573700978782 	 0.6071074478199 	 169.010051645576 	-0.301896352054174 	 0.130149472367155 	 0.328755673017313 	 156.67881310319 
 130 	-0.572650734257482 	 9.48201096381918E-02 	 0.58044785867245 	 170.598208585633 	-0.304023070076775 	 0.130460686840492 	 0.330832310921712 	 156.775130574178 
 131 	-0.548747248409923 	 7.41869055014555E-02 	 0.553739324579123 	 172.300680172988 	-0.306057443351539 	 0.131439891976926 	 0.333087982121521 	 156.758338901308 
 132 	-0.52431495078922 	 5.38609908476122E-02 	 0.527074163620442 	 174.134784032198 	-0.308013628731562 	 0.133067672389977 	 0.335528539650014 	 156.634748699337 
 133 	-0.499405772289543 	 3.38641810257595E-02 	 0.500552602782825 	 176.120771714352 	-0.309904677825182 	 0.135322878948083 	 0.338161486430267 	 156.411046235391 
 134 	-0.474071592076461 	 1.42165522400466E-02 	 0.474284708557534 	 178.282317659252 	-0.311742547286651 	 0.138182752429949 	 0.340995438177531 	 156.094243851243 
 135 	-0.448364176629677 	-5.06351626125502E-03 	 0.448392767651014 	 180.647031572884 	-0.313538112303591 	 0.141623046493694 	 0.34403958371829 	 155.691627545205 
 136 	-0.422335119635715 	-2.39592970025856E-02 	 0.423014185566598 	 183.246939904118 	-0.315301183165435 	 0.145618149682599 	 0.347303155215306 	 155.21070036051 
 137 	-0.396035782777171 	-4.24556663227173E-02 	 0.398304939515985 	 186.118830600209 	-0.317040524790275 	 0.150141206210087 	 0.35079492037587 	 154.659120917648 
 138 	-0.369517237462651 	-6.05390538594532E-02 	 0.374443541570992 	 189.30427125707 	-0.318763879081138 	 0.15516423528605 	 0.35452270804387 	 154.04463716046 
 139 	-0.342830207538964 	-7.81973896946974E-02 	 0.351635298222852 	 192.848982759981 	-0.320477989976753 	 0.160658248765645 	 0.358492977554629 	 153.37501609628 
 140 	-0.316025013024708 	-9.54200493757853E-02 	 0.330116335070145 	 196.801075449656 	-0.322188631056433 	 0.166593366920259 	 0.362710440825524 	 152.657970937253 
 141 	-0.289151514901929 	-0.112197797027185 	 0.310156322243855 	 201.207460278913 	-0.323900635553605 	 0.172938932148305 	 0.367177744375425 	 151.901087539161 
 142 	-0.26225906100016 	-0.128522726764564 	 0.292058053084801 	 206.107635138839 	-0.325617928628008 	 0.179663620460997 	 0.371895216373036 	 151.111752344776 
 143 	-0.235396433004816 	-0.144388202620759 	 0.276151106692412 	 211.524250745058 	-0.327343561742441 	 0.186735550594971 	 0.376860681512723 	 150.297084149083 
 144 	-0.208611794619627 	-0.159788797190433 	 0.262776217649137 	 217.450758185377 	-0.32907974898632 	 0.19412239061983 	 0.382069344141685 	 149.463871912341 
 145 	-0.181952640910604 	-0.174720229197175 	 0.252257650082324 	 223.83834762736 	-0.330827905185151 	 0.20179146192409 	 0.387513737762491 	 148.618520574021 
 146 	-0.155465748856844 	-0.189179300183489 	 0.244864057561606 	 230.586959873953 	-0.332588685632308 	 0.209709840477755 	 0.393183736952371 	 147.76700640365 
 147 	-0.129197129131416 	-0.203163830520576 	 0.240764283496521 	 237.546665163244 	-0.334362027277308 	 0.217844455283772 	 0.399066625994802 	 146.914842912943 
 148 	-0.103191979133578 	-0.216672594931049 	 0.239990828890729 	 244.533518039674 	-0.336147191203005 	 0.226162183943843 	 0.405147217193847 	 146.067057801898 
 149 	-7.74946372915756E-02 	-0.229705257713738 	 0.242425089935608 	 251.357377948547 	-0.337942806222818 	 0.234629945276609 	 0.411408010979681 	 145.228180871733 
 150 	-5.21485386535113E-02 	-0.242262307855568 	 0.247811411947075 	 257.852073033822 	-0.33974691342832 	 0.243214788937927 	 0.417829389514657 	 144.402242354005 
 151 	-2.71961717818895E-02 	-0.254344994211171 	 0.255794854991008 	 263.896763120025 	-0.341557011517092 	 0.251883982003971 	 0.42438983553646 	 143.592780709774 
 152 	-2.67903696584257E-03 	-0.265955260926344 	 0.265968753904409 	 269.422864134158 	-0.343370102730851 	 0.260605092488065 	 0.431066168563607 	 142.802858663741 
 153 	 2.13623942366193E-02 	-0.277095683276847 	 0.277917918778519 	 274.408436604639 	-0.345182739234374 	 0.269346069771627 	 0.43783379125733 	 142.035086060806 
 154 	 4.48887181155057E-02 	-0.287769404089235 	 0.291249423937502 	 278.866032878373 	-0.346991069766694 	 0.278075321938278 	 0.444666939595144 	 141.291648060479 
 155 	 6.78616365754647E-02 	-0.297980070905485 	 0.305609758312031 	 282.829658255618 	-0.348790886397436 	 0.28676179000814 	 0.451538931480533 	 140.574337203667 
 156 	 9.02439935440918E-02 	-0.307731774048183 	 0.320691164720246 	 286.344058103015 	-0.35057767122295 	 0.29537501907654 	 0.458422409415784 	 139.884587977711 
 157 	 0.111999810015101 	-0.317028985737885 	 0.336231074175798 	 289.457265231042 	-0.352346642839139 	 0.30388522636784 	 0.465289573840469 	 139.223512648172 
 158 	 0.133094317720732 	-0.325876500409061 	 0.352007941570078 	 292.216062064072 	-0.354092802430475 	 0.312263366220913 	 0.472112404641822 	 138.591937300038 
 159 	 0.153493991428838 	-0.33427937636573 	 0.367835706353009 	 294.663582481594 	-0.355810979317709 	 0.320481192027869 	 0.478862869145887 	 137.990437218836 
 160 	 0.173166579861064 	-0.342242878912506 	 0.383558147543627 	 296.838301817626 	-0.357495875810166 	 0.328511315152098 	 0.48551311558416 	 137.419370929608 
 161 	 0.192081135229468 	-0.349772425091353 	 0.399043746806446 	 298.773843685347 	-0.359142111212271 	 0.336327260855472 	 0.492035651595037 	 136.878912388183 
 162 	 0.210208041389699 	-0.356873530148816 	 0.414181285412284 	 300.499221304511 	-0.360744264838045 	 0.343903521267717 	 0.498403507766425 	 136.369080977669 
 163 	 0.227519040609629 	-0.363551755852979 	 0.428876197781726 	 302.039278347017 	-0.362296917891763 	 0.351215605433544 	 0.504590386565104 	 135.88976909973 
 164 	 0.243987258952936 	-0.369812660773753 	 0.443047612114014 	 303.415194631156 	-0.363794694077738 	 0.358240086475116 	 0.510570797242472 	 135.440767263474 
 165 	 0.259587230277725 	-0.375661752634493 	 0.456625976610705 	 304.644984992143 	-0.365232298807291 	 0.364954645908862 	 0.516320177469873 	 135.021786665179 
 166 	 0.274294918850753 	-0.381104442837231 	 0.469551167454217 	 305.743956987951 	-0.366604556876338 	 0.371338115156562 	 0.52181500255409 	 134.632479321079 
 167 	 0.288087740578236 	-0.386146003258111 	 0.481770985120198 	 306.725114123725 	-0.367906448492709 	 0.377370514291058 	 0.527032883128573 	 134.272455865651 
 168 	 0.300944582854522 	-0.390791525403866 	 0.493239960138028 	 307.59950246628 	-0.369133143538256 	 0.383033088056864 	 0.531952652220865 	 133.941301161779 
 169 	 0.31284582303025 	-0.395045882014407 	 0.503918403994154 	 308.376504009445 	-0.370280033957018 	 0.38830833920547 	 0.536554442571973 	 133.638587889787 
 170 	 0.323773345501717 	-0.398913691190798 	 0.513771653827692 	 309.064082460395 	-0.371342764167121 	 0.393180059184179 	 0.540819755037991 	 133.363888292216 
 171 	 0.333710557423395 	-0.40239928312209 	 0.522769470410242 	 309.668987728646 	-0.372317259400794 	 0.397633356216066 	 0.544731518845175 	 133.116784252716 
 172 	 0.342642403045567 	-0.405506669478645 	 0.530885557683107 	 310.196925159736 	-0.373199751883728 	 0.401654680806897 	 0.548274144402384 	 132.896875882732 
 173 	 0.350555376679081 	-0.408239515533753 	 0.538097179106011 	 310.652694934815 	-0.373986804772084 	 0.405231848712908 	 0.551433569303605 	 132.703788780319 
 174 	 0.357437534289201 	-0.410601115069495 	 0.544384851566478 	 311.040306306627 	-0.374675333772698 	 0.408354061401018 	 0.554197298081097 	 132.537180113024 
 175 	 0.363278503720434 	-0.412594368116906 	 0.549732101907053 	 311.363070588955 	-0.375262626379429 	 0.411011924030437 	 0.556554436198643 	 132.396743662259 
 176 	 0.368069493554129 	-0.414221761574677 	 0.554125274506787 	 311.623676118809 	-0.375746358666169 	 0.413197460981852 	 0.558495718705823 	 132.282213950866 
 177 	 0.37180330060042 	-0.415485352744692 	 0.557553381016336 	 311.82424778962 	-0.376124609584656 	 0.414904128957267 	 0.560013533908779 	 132.193369559197 
 178 	 0.37447431602598 	-0.416386755816859 	 0.560007985463435 	 311.96639321111 	-0.376395872723087 	 0.416126827670412 	 0.561101942350955 	 132.130035718481 
 179 	 0.37607853011875 	-0.416927131329773 	 0.5614831196529 	 312.05123707981 	-0.376559065489338 	 0.416861908144147 	 0.561756691338682 	 132.092086253653 
 180 	 0.376613535690618 	-0.41710717862786 	 0.561975225190828 	 312.079444931484 	-0.376613535690618 	 0.41710717862786 	 0.561975225190828 	 132.079444931484 
******************************************

