MiePlot v4.6.18

Date & Time: 12/1/2020 18:53:11 

Calculation Method:         Mie (plane wave)

Graph type: Intensity v. scattering angle

Radius = 0.4 umWavelength = 0.6 umSize parameter x = 4.18879

Point

Wavelength = 0.60 um

Angle	Perpendicular	Parallel	Unpolarised
theta	[S1(theta)]^2	[S2(theta)]^2	[[S1(theta)]^2 + [S2(theta)]^2]/2
 0 	 248.156915971759 	 248.156915971759 	 248.156915971759 
 1 	 247.822252593913 	 247.798319583764 	 247.810286088838 
 2 	 246.820615035782 	 246.72543154102 	 246.773023288401 
 3 	 245.15903664727 	 244.946919091701 	 245.052977869485 
 4 	 242.84915874651 	 242.477107849325 	 242.663133297917 
 5 	 239.907110346535 	 239.335804128924 	 239.62145723773 
 6 	 236.353342002675 	 235.548050249364 	 235.95069612602 
 7 	 232.21241596811 	 231.143816738916 	 231.678116353513 
 8 	 227.512755409992 	 226.157636373299 	 226.835195891646 
 9 	 222.286355960058 	 220.628185872177 	 221.457270916117 
 10 	 216.568463343708 	 214.597821864697 	 215.583142604202 
 11 	 210.397221243044 	 208.11207839294 	 209.254649817992 
 12 	 203.813293896403 	 201.219133742695 	 202.516213819549 
 13 	 196.859468214599 	 193.969254765339 	 195.414361489969 
 14 	 189.580240398904 	 186.41422707773 	 187.997233738317 
 15 	 182.021392175391 	 178.606779596811 	 180.314085886101 
 16 	 174.229561813742 	 170.60001178354 	 172.414786798641 
 17 	 166.251815076276 	 162.446831741172 	 164.349323408724 
 18 	 158.135221146502 	 154.199412943404 	 156.167317044953 
 19 	 149.92643841877 	 145.908676868676 	 147.917557643723 
 20 	 141.671314795655 	 137.623808200742 	 139.647561498198 
 21 	 133.414506842732 	 129.391808537484 	 131.403157690108 
 22 	 125.199121797333 	 121.257093746381 	 123.228107771857 
 23 	 117.066386025754 	 113.261139234133 	 115.163762629944 
 24 	 109.055343079635 	 105.442176478655 	 107.248759779145 
 25 	 101.202584025034 	 97.8349432231152 	 99.5187636240745 
 26 	 93.5420122154128 	 90.4704887735739 	 92.0062504944933 
 27 	 86.1046441610482 	 83.3760348926845 	 84.7403395268663 
 28 	 78.9184476208592 	 76.5748918601626 	 77.7466697405109 
 29 	 72.0082175168756 	 70.0864283930335 	 71.0473229549546 
 30 	 65.3954897547623 	 63.9260933004106 	 64.6607915275864 
 31 	 59.0984925338013 	 58.1054860021845 	 58.6019892679929 
 32 	 53.1321342537661 	 52.632472379937 	 52.8823033168516 
 33 	 47.5080266808018 	 47.511341860805 	 47.5096842708034 
 34 	 42.2345416255895 	 42.7430011677456 	 42.4887713966675 
 35 	 37.3168990197035 	 38.3251998071059 	 37.8210494134047 
 36 	 32.7572839542842 	 34.2527821086396 	 33.5050330314619 
 37 	 28.5549899720778 	 30.5179604838312 	 29.5364752279545 
 38 	 24.7065856817631 	 27.1106045231083 	 25.9085951024357 
 39 	 21.206101593518 	 24.0185406066833 	 22.6123211001006 
 40 	 18.0452339572915 	 21.2278568509971 	 19.6365454041443 
 41 	 15.2135623196446 	 18.7232084450414 	 16.968385382343 
 42 	 12.6987774998485 	 16.4881187388764 	 14.5934481193624 
 43 	 10.4869167189665 	 14.5052718200503 	 12.4960942695084 
 44 	 8.56260269395157 	 12.7567927411889 	 10.6596977175702 
 45 	 6.90928362881112 	 11.2245120321088 	 9.06689783045996 
 46 	 5.50947119255999 	 9.89021163058537 	 7.69984141157268 
 47 	 4.34497376449478 	 8.735849885598 	 6.54041182504639 
 48 	 3.39712244647205 	 7.74376381407181 	 5.57044313027193 
 49 	 2.646987584334 	 6.89684731597698 	 4.77191745015549 
 50 	 2.07558380125874 	 6.17870456305489 	 4.12714418215682 
 51 	 1.66406181947818 	 5.57377826428886 	 3.61892004188352 
 52 	 1.39388562843743 	 5.06745296848243 	 3.23066929845993 
 53 	 1.24699384217537 	 4.64613398410523 	 2.9465639131403 
 54 	 1.20594437184244 	 4.29730287333249 	 2.75162362258746 
 55 	 1.25404181651021 	 4.0095508066584 	 2.63179631158431 
 56 	 1.37544724281949 	 3.77259134362719 	 2.57401929322334 
 57 	 1.55527027803039 	 3.57725443239636 	 2.56626235521338 
 58 	 1.77964367861306 	 3.41546359554237 	 2.59755363707772 
 59 	 2.03578075507039 	 3.28019839239736 	 2.65798957373388 
 60 	 2.31201623113121 	 3.16544432096458 	 2.7387302760479 
 61 	 2.59783129021779 	 3.06613234772058 	 2.83198181896919 
 62 	 2.88386371309237 	 2.97807023478654 	 2.93096697393945 
 63 	 3.16190413722563 	 2.89786777510875 	 3.02988595616719 
 64 	 3.42487957056412 	 2.82285795200923 	 3.12386876128667 
 65 	 3.66682537028985 	 2.7510159147027 	 3.20892064249628 
 66 	 3.88284695153939 	 2.68087751130667 	 3.28186223142303 
 67 	 4.06907252290793 	 2.61145895077295 	 3.34026573684044 
 68 	 4.22259815623293 	 2.54217898029065 	 3.38238856826179 
 69 	 4.34142648921627 	 2.47278477015771 	 3.40710562968699 
 70 	 4.42440033269281 	 2.40328249875318 	 3.413841415723 
 71 	 4.47113241173238 	 2.33387343060029 	 3.40250292116634 
 72 	 4.48193241332742 	 2.26489608472208 	 3.37341424902475 
 73 	 4.45773244528291 	 2.19677490223537 	 3.32725367375914 
 74 	 4.40001193322426 	 2.12997564458411 	 3.26499378890419 
 75 	 4.31072289747813 	 2.06496758963774 	 3.18784524355794 
 76 	 4.19221646100966 	 2.00219244420054 	 3.0972044526051 
 77 	 4.04717134556999 	 1.94203975988679 	 2.99460555272839 
 78 	 3.87852501754933 	 1.88482852589463 	 2.88167677172198 
 79 	 3.68940804943022 	 1.83079451754321 	 2.76010128348672 
 80 	 3.48308216871047 	 1.78008290365327 	 2.63158253618187 
 81 	 3.26288237505941 	 1.73274555866065 	 2.49781396686003 
 82 	 3.03216341943881 	 1.68874248609685 	 2.36045295276783 
 83 	 2.79425085692423 	 1.64794673776948 	 2.22109879734685 
 84 	 2.55239680877638 	 1.61015220638093 	 2.08127450757866 
 85 	 2.30974049951892 	 1.57508367697354 	 1.94241208824623 
 86 	 2.0692735717825 	 1.5424085428607 	 1.8058410573216 
 87 	 1.83381012570876 	 1.51174962286334 	 1.67277987428605 
 88 	 1.60596138084685 	 1.48269855692646 	 1.54432996888665 
 89 	 1.38811481665305 	 1.45482930473242 	 1.42147206069273 
 90 	 1.18241761272707 	 1.42771132497345 	 1.30506446885026 
 91 	 0.990764181484588 	 1.40092206977383 	 1.19584312562921 
 92 	 0.814787563681565 	 1.37405848773513 	 1.09442302570835 
 93 	 0.655854440606697 	 1.34674728870591 	 1.0013008646563 
 94 	 0.515063505323408 	 1.31865378228145 	 0.916858643802428 
 95 	 0.393246928516048 	 1.2894891590053 	 0.841368043760676 
 96 	 0.290974651698546 	 1.25901613722279 	 0.774995394460667 
 97 	 0.208561241195507 	 1.22705294865 	 0.717807094922752 
 98 	 0.146075039832285 	 1.19347568126398 	 0.669775360548132 
 99 	 0.103349359119493 	 1.15821903855499 	 0.630784198837243 
 100 	 7.99954623685943E-02 	 1.12127560913759 	 0.600635535753092 
 101 	 0.07541709814907 	 1.08269376997672 	 0.579055434062895 
 102 	 8.88263533624134E-02 	 1.04257436997402 	 0.565700361668218 
 103 	 0.119260605585313 	 1.00106635843474 	 0.560163482010028 
 104 	 0.16560036490138 	 0.958361535169748 	 0.561980950035564 
 105 	 0.226587805933668 	 0.914688605952721 	 0.570638205943195 
 106 	 0.300845801003159 	 0.8703067291071 	 0.58557626505513 
 107 	 0.386897275122354 	 0.825498736566421 	 0.606198005844387 
 108 	 0.483184712793662 	 0.78056420631385 	 0.631874459553756 
 109 	 0.588089655275059 	 0.735812553177593 	 0.661951104226326 
 110 	 0.699952035102356 	 0.691556292077786 	 0.695754163590071 
 111 	 0.817089202259995 	 0.648104612536098 	 0.732596907398046 
 112 	 0.937814503546419 	 0.60575738611839 	 0.771785944832404 
 113 	 1.06045528348943 	 0.564799710016845 	 0.812627496753138 
 114 	 1.18337018175529 	 0.525497070702255 	 0.854433626228772 
 115 	 1.30496560850112 	 0.488091191970209 	 0.896528400235665 
 116 	 1.42371128568874 	 0.452796612210564 	 0.938253948949652 
 117 	 1.53815474915533 	 0.419798016749305 	 0.97897638295232 
 118 	 1.64693471336376 	 0.389248333001204 	 1.01809152318248 
 119 	 1.7487932083624 	 0.361267579237629 	 1.05503039380001 
 120 	 1.84258640668605 	 0.335942442273536 	 1.08926442447979 
 121 	 1.92729406681933 	 0.313326545517639 	 1.12031030616849 
 122 	 2.00202752949379 	 0.293441356767537 	 1.14773444313066 
 123 	 2.06603621354248 	 0.276277674975905 	 1.17115694425919 
 124 	 2.11871256930935 	 0.261797627028072 	 1.19025509816871 
 125 	 2.15959545968932 	 0.249937099375361 	 1.20476627953234 
 126 	 2.18837195171817 	 0.240608525142778 	 1.21449023843048 
 127 	 2.2048775151647 	 0.233703945018188 	 1.21929073009144 
 128 	 2.20909463870144 	 0.229098259745186 	 1.21909644922331 
 129 	 2.20114988881824 	 0.226652593267589 	 1.21390124104292 
 130 	 2.18130945154332 	 0.226217688370573 	 1.20376356995695 
 131 	 2.14997321207882 	 0.22763726087306 	 1.18880523647594 
 132 	 2.10766744245347 	 0.23075124387429 	 1.16920934316388 
 133 	 2.05503618204133 	 0.235398860059822 	 1.14521752105058 
 134 	 1.9928314100823 	 0.241421467436636 	 1.11712643875947 
 135 	 1.92190212295041 	 0.248665131898787 	 1.0852836274246 
 136 	 1.84318244163428 	 0.256982888529386 	 1.05008266508183 
 137 	 1.7576788865073 	 0.266236662330744 	 1.01195777441902 
 138 	 1.6664569667711 	 0.276298827957712 	 0.971377897364408 
 139 	 1.57062724076166 	 0.287053396834411 	 0.928840318798037 
 140 	 1.4713310104416 	 0.298396828598051 	 0.884863919519826 
 141 	 1.36972581870947 	 0.31023847198517 	 0.83998214534732 
 142 	 1.26697092150906 	 0.322500647920553 	 0.794735784714808 
 143 	 1.16421290801602 	 0.335118394569054 	 0.749665651292535 
 144 	 1.06257164134199 	 0.348038900364697 	 0.705305270853344 
 145 	 0.963126689186851 	 0.361220656457533 	 0.662173672822192 
 146 	 0.866904408676609 	 0.374632364552927 	 0.620768386614768 
 147 	 0.774865842273726 	 0.388251639715448 	 0.581558740994587 
 148 	 0.687895572193806 	 0.402063550343957 	 0.544979561268881 
 149 	 0.606791669299385 	 0.416059039187907 	 0.511425354243646 
 150 	 0.532256859090249 	 0.430233269976503 	 0.481245064533376 
 151 	 0.464891012323547 	 0.444583943998547 	 0.454737478161047 
 152 	 0.405185051158422 	 0.459109629842761 	 0.432147340500591 
 153 	 0.353516343736669 	 0.473808147542171 	 0.41366224563942 
 154 	 0.310145641014452 	 0.48867504563011 	 0.399410343322281 
 155 	 0.275215589701693 	 0.503702206189273 	 0.389458897945483 
 156 	 0.248750834612014 	 0.518876608948398 	 0.383813721780206 
 157 	 0.230659702856878 	 0.534179280950151 	 0.382419491903514 
 158 	 0.220737441419454 	 0.549584453381816 	 0.385160947400635 
 159 	 0.218670959007839 	 0.565058941933883 	 0.391864950470861 
 160 	 0.224045003003193 	 0.580561761639678 	 0.402303382321436 
 161 	 0.236349683070823 	 0.596043981660989 	 0.416196832365906 
 162 	 0.254989234866147 	 0.611448820027571 	 0.433219027446859 
 163 	 0.279291900504034 	 0.626711973017141 	 0.453001936760587 
 164 	 0.308520787312396 	 0.641762168775924 	 0.47514147804416 
 165 	 0.34188555308083 	 0.656521930021063 	 0.499203741550946 
 166 	 0.378554754739159 	 0.670908526319997 	 0.524731640529578 
 167 	 0.417668688327298 	 0.684835092583774 	 0.551251890455536 
 168 	 0.458352541384756 	 0.698211887106678 	 0.578282214245717 
 169 	 0.499729674599961 	 0.710947659787387 	 0.605338667193674 
 170 	 0.540934847786465 	 0.72295109911921 	 0.631942973452837 
 171 	 0.581127206029393 	 0.734132325168426 	 0.657629765598909 
 172 	 0.619502845168753 	 0.744404395086867 	 0.68195362012781 
 173 	 0.655306781617863 	 0.753684787731491 	 0.704495784674677 
 174 	 0.687844159780248 	 0.761896834680546 	 0.724870497230397 
 175 	 0.716490540916732 	 0.768971066321333 	 0.742730803619033 
 176 	 0.740701130082911 	 0.774846443704751 	 0.757773786893831 
 177 	 0.760018812530092 	 0.779471449471409 	 0.76974513100075 
 178 	 0.774080887536615 	 0.782805014297686 	 0.778442950917151 
 179 	 0.782624405779975 	 0.784817258922311 	 0.783720832351143 
 180 	 0.785490035821402 	 0.785490035821402 	 0.785490035821402 

Real and imaginary values of S1 (perpendicular polarisation) and S2 (parallel polarisation) 

Angle	S1 Real	S1 Imaginary	S1 Magnitude	S1 Phase	S2 Real	S2 Imaginary	S2 Magnitude	S2 Phase
 0 	 13.1450294724099 	-8.68130843486357 	 15.7529970472847 	 326.55822297155 	 13.1450294724099 	-8.68130843486357 	 15.7529970472847 	 326.55822297155 
 1 	 13.1373746582803 	-8.67361745074615 	 15.7423712506697 	 326.566227255138 	 13.1376477868518 	-8.67182392651005 	 15.7416110860281 	 326.572222765119 
 2 	 13.1144278882523 	-8.65057201574618 	 15.7105256129698 	 326.590256784248 	 13.1155210527262 	-8.64341015204735 	 15.7074960302723 	 326.614259618169 
 3 	 13.0762421279187 	-8.6122545514699 	 15.657555257679 	 326.630361750017 	 13.0787041748844 	-8.5961861425612 	 15.6507801432293 	 326.684446212907 
 4 	 13.0229054818068 	-8.55880199317856 	 15.5836182815965 	 326.686626327615 	 13.0272884523559 	-8.53034954901847 	 15.5716764623892 	 326.782971240156 
 5 	 12.9545409367987 	-8.49040514129582 	 15.4889350940126 	 326.759169471617 	 12.9614012656826 	-8.44617554629817 	 15.470481703196 	 326.910100741423 
 6 	 12.8713060041373 	-8.40730775876171 	 15.3737874969923 	 326.848146050767 	 12.8812056410179 	-8.34401530938022 	 15.3475747350962 	 327.066180010667 
 7 	 12.7733922612306 	-8.30980541943342 	 15.2385175121503 	 326.953748344139 	 12.7868996928108 	-8.22429407213237 	 15.2034146407613 	 327.251636079076 
 8 	 12.6610247948057 	-8.19824411415686 	 15.0835259607955 	 327.076207928154 	 12.6787159474005 	-8.08750878196938 	 15.0385383722388 	 327.466980813405 
 9 	 12.5344615472954 	-8.07301862251232 	 14.9092708057791 	 327.21579799225 	 12.5569205503421 	-7.93422536638412 	 14.8535580206285 	 327.712814666164 
 10 	 12.3939925686661 	-7.93457065956044 	 14.7162652647915 	 327.372836130582 	 12.4218123607616 	-7.76507562994247 	 14.6491577186095 	 327.989831124215 
 11 	 12.239939176212 	-7.78338680817517 	 14.5050757062155 	 327.547687668278 	 12.2737219365055 	-7.58075380277466 	 14.4260901977265 	 328.298821911327 
 12 	 12.0726530251482 	-7.61999624873812 	 14.2763193399561 	 327.740769593852 	 12.1130104142958 	-7.3820127638644 	 14.1851730247711 	 328.640683009937 
 13 	 11.8925150931311 	-7.44496829907607 	 14.0306617169184 	 327.952555185043 	 11.9400682895265 	-7.169659964516 	 13.9272845438491 	 329.016421578037 
 14 	 11.6999345821184 	-7.25890977854478 	 13.7688140520128 	 328.183579434053 	 11.7553141007444 	-6.94455307925345 	 13.6533595527888 	 329.427163848657 
 15 	 11.4953477412532 	-7.06246221108867 	 13.4915303867052 	 328.434445400931 	 11.5591930242345 	-6.70759541305973 	 13.3643847444172 	 329.874164112083 
 16 	 11.2792166147128 	-6.85629888293455 	 13.1996046082351 	 328.705831651532 	 11.352175384485 	-6.45973109528816 	 13.0613939448873 	 330.358814894611 
 17 	 11.0520277187055 	-6.6411217713004 	 12.8938673436745 	 328.998500970549 	 11.1347550866373 	-6.20194009175972 	 12.7454631826847 	 330.882658462432 
 18 	 10.8142906520258 	-6.41765836111654 	 12.575182748036 	 329.313310582161 	 10.9074479773186 	-5.93523306749559 	 12.4177056231578 	 331.447399794859 
 19 	 10.5665366447851 	-6.18665836725971 	 12.2444452066547 	 329.651224163156 	 10.6707901405282 	-5.66064613321509 	 12.0792664044087 	 332.054921187476 
 20 	 10.3093170501312 	-5.94889038019103 	 11.90257597311 	 330.013325998719 	 10.4253361354817 	-5.37923550915565 	 11.7313174111326 	 332.707298662328 
 21 	 10.0432017839418 	-5.70513845316317 	 11.5505197650466 	 330.400837713369 	 10.1716571835235 	-5.09207213994063 	 11.3750520235067 	 333.406820378245 
 22 	 9.76877771763092 	-5.45619864932088 	 11.1892413414553 	 330.815138113517 	 9.9103393113874 	-4.80023629413699 	 11.0116798784918 	 334.156007248668 
 23 	 9.4866470293476 	-5.2028755670614 	 10.8197220863456 	 331.257786810628 	 9.64198145822484 	-4.50481218180978 	 10.642421680902 	 334.957635985018 
 24 	 9.19742551895797 	-4.94597886194995 	 10.4429566253832 	 331.730552463565 	 9.36719355392077 	-4.20688262280281 	 10.2685041013117 	 335.814764788113 
 25 	 8.90174089230205 	-4.68631978330024 	 10.0599495040996 	 332.235446697467 	 9.0865945762879 	-3.90752379766144 	 9.89115479724765 	 336.730761904372 
 26 	 8.60023102029041 	-4.4247077432354 	 9.6717119588733 	 332.774765040322 	 8.80081059476258 	-3.60780011207502 	 9.51159759312671 	 337.709337241952 
 27 	 8.29354217846234 	-4.16194693564373 	 9.27925881528521 	 333.35113658923 	 8.5104728082255 	-3.30875920446606 	 9.13104785294024 	 338.754577196326 
 28 	 7.98232727266254 	-3.89883302193965 	 8.88360555297562 	 333.967584606399 	 8.21621558453509 	-3.01142712490362 	 8.75070807764507 	 339.870982753792 
 29 	 7.66724405650714 	-3.6361498999397 	 8.48576558224864 	 334.627600891682 	 7.91867450929257 	-2.71680371188526 	 8.37176375640363 	 341.063510808909 
 30 	 7.34895334630459 	-3.37466657147056 	 8.08674778602389 	 335.33523764224 	 7.61848445125497 	-2.42585819173274 	 7.99537949696014 	 342.337618425826 
 31 	 7.02811723906982 	-3.11513412354764 	 7.68755439224994 	 336.09522167217 	 7.31627765167764 	-2.13952502339815 	 7.62269545516443 	 343.699309463763 
 32 	 6.70539733922412 	-2.85828283710556 	 7.2891792578977 	 336.913097440988 	 7.01268184470093 	-1.85870000939876 	 7.25482407642922 	 345.155182532928 
 33 	 6.38145299950629 	-2.6048194363322 	 6.89260666807571 	 337.795407493569 	 6.70831841569806 	-1.58423669141049 	 6.89284715199786 	 346.71247859559 
 34 	 6.05693958153512 	-2.35542449066463 	 6.4988107854891 	 338.749921879516 	 6.40380060427469 	-1.31694304677031 	 6.53781317932423 	 348.37912560932 
 35 	 5.73250674135802 	-2.11074998045443 	 6.10875593060514 	 339.785932232162 	 6.0997317583554 	-1.05757849978923 	 6.19073499732511 	 350.163776341011 
 36 	 5.40879674519778 	-1.87141703621136 	 5.72339793778872 	 340.914631926463 	 5.79670364551083 	-0.80685125937869 	 5.8525876421152 	 352.07583376234 
 37 	 5.08644282046774 	-1.63801386019471 	 5.34368692683972 	 342.149611784601 	 5.49529482737256 	-0.565415992065611 	 5.52430633508237 	 354.125456165572 
 38 	 4.76606754696791 	-1.41109383795067 	 4.97057196726524 	 343.507512118439 	 5.1960691026528 	-0.333871837035123 	 5.20678447058338 	 356.32353122298 
 39 	 4.44828129299948 	-1.19117384619914 	 4.60500831633537 	 345.008887796848 	 4.89957402393467 	-0.112760767414213 	 4.90087141299211 	 358.681604618788 
 40 	 4.13368070094488 	-0.978732762263188 	 4.24796821519317 	 346.679365171326 	 4.60633949302765 	 9.74337003858978E-02 	 4.6073698409176 	 1.21174470170441 
 41 	 3.82284722665583 	-0.774210179017606 	 3.90045668090861 	 348.551199898674 	 4.31687643929422 	 0.296287449798175 	 4.32703229073246 	 3.92632017597547 
 42 	 3.51634573677232 	-0.578005328116966 	 3.56353441120589 	 350.665384021645 	 4.03167558494966 	 0.483436362510273 	 4.06055645680199 	 6.83766392475822 
 43 	 3.21472316786426 	-0.390476213056934 	 3.238350925852 	 353.074496617116 	 3.75120630091919 	 0.658576577168165 	 3.80857871391026 	 9.95759403645857 
 44 	 2.91850725104348 	-0.211938952432539 	 2.92619252510008 	 355.84653113871 	 3.4759155564078 	 0.821464415486853 	 3.57166526163762 	 13.2967652386351 
 45 	 2.62820530543957 	-4.26673325910922E-02 	 2.62855162186538 	 359.069919179605 	 3.20622696490043 	 0.971915984874283 	 3.35030028984102 	 16.8638334404524 
 46 	 2.34430310366856 	 0.117107432257495 	 2.34722627638666 	 2.8597789908713 	 2.94253992886486 	 1.10980646854366 	 3.14487068582881 	 20.6644367977896 
 47 	 2.06726381215094 	 0.267196735507632 	 2.08446006545935 	 7.36472912636714 	 2.6852288849807 	 1.23506911582441 	 2.95564711790802 	 24.7000320802431 
 48 	 1.79752700885465 	 0.407454413290722 	 1.84312844003668 	 12.7716960465556 	 2.43464265126564 	 1.34769394697387 	 2.78276190394935 	 28.9666759562482 
 49 	 1.53550778075258 	 0.537776384366481 	 1.62695654039498 	 19.3016355139344 	 2.19110387701814 	 1.44772618823211 	 2.62618493560088 	 33.4539020495791 
 50 	 1.28159590299153 	 0.658100100816016 	 1.44068865521276 	 27.1805197721892 	 1.95490859604556 	 1.5352644541453 	 2.48570001469503 	 38.1439020406916 
 51 	 1.03615510147427 	 0.76840381647089 	 1.28998520126325 	 36.5603173750028 	 1.72632588320062 	 1.61045869530406 	 2.36088505952511 	 43.0112487415352 
 52 	 0.799522400256973 	 0.868705680840614 	 1.18062933575167 	 47.3747591406491 	 1.50559761380918 	 1.67350793059804 	 2.25110039058289 	 48.0233728973538 
 53 	 0.572007554864349 	 0.95906266706273 	 1.1166887848346 	 59.1871546395872 	 1.29293832514064 	 1.72465778387707 	 2.15548926791697 	 53.141904737896 
 54 	 0.353892572323444 	 1.039569343092 	 1.09815498534699 	 71.2002814996952 	 1.08853517865081 	 1.76419784552984 	 2.072993698334 	 58.3248235960838 
 55 	 0.145431318416981 	 1.11035649596592 	 1.11984008523995 	 82.5380391960299 	 0.892548021317487 	 1.79245887994694 	 2.00238627808383 	 63.5291671025425 
 56 	-5.31507876414732E-02 	 1.17158961953091 	 1.17279462942985 	 92.5975214679986 	 0.705109543993483 	 1.80980990012667 	 1.94231597419864 	 68.7139026306648 
 57 	-0.241656991203874 	 1.22346727648625 	 1.24710475824222 	 101.173137043991 	 0.526325534321814 	 1.81665513081521 	 1.89136311489792 	 73.8425178826214 
 58 	-0.419919333240504 	 1.2662193459997 	 1.33403286264359 	 108.3471923236 	 0.356275221394739 	 1.81343088155091 	 1.84809729060523 	 78.8849643188802 
 59 	-0.587798695120779 	 1.30010516847088 	 1.42680789003649 	 114.328499643444 	 0.195011708994135 	 1.80060235081279 	 1.81113179873729 	 83.8187539165679 
 60 	-0.745184758073937 	 1.32541159926473 	 1.5205315620306 	 119.345954440492 	 4.25624939264854E-02 	 1.77866038216275 	 1.77916955936318 	 88.6292009555716 
 61 	-0.891995878555033 	 1.34245098341006 	 1.61177892101175 	 123.602178547183 	-0.101069934337364 	 1.74811819282725 	 1.7510375060862 	 93.3089531023591 
 62 	-1.02817888100686 	 1.35155906335752 	 1.69819425069465 	 127.261534524712 	-0.235907416788028 	 1.70950809459649 	 1.7257086181585 	 97.8570363365502 
 63 	-1.15370876976496 	 1.35309283191992 	 1.77817438324413 	 130.452425710118 	-0.36199537509668 	 1.6633782262364 	 1.70231247869149 	 102.277647072944 
 64 	-1.26858836209941 	 1.3474283424769 	 1.85064301543116 	 133.273775826063 	-0.479401993488066 	 1.61028931582151 	 1.6801362897126 	 106.57888504314 
 65 	-1.37284784462326 	 1.33495848841944 	 1.91489565519635 	 135.801666834907 	-0.588217337036208 	 1.5508114905148 	 1.6586186767014 	 110.77156012215 
 66 	-1.46654425552197 	 1.31609076363863 	 1.97049408817672 	 138.094895458823 	-0.688552411334083 	 1.48552115035522 	 1.63733854511114 	 114.868146961802 
 67 	-1.54976089527114 	 1.29124501563271 	 2.01719422042299 	 140.199281684988 	-0.780538168645105 	 1.41499792157483 	 1.61600091298642 	 118.881914638908 
 68 	-1.62260666870977 	 1.26085120251816 	 2.05489614244441 	 142.150903673582 	-0.864324465774552 	 1.33982170386742 	 1.59442120541928 	 122.826227751564 
 69 	-1.68521536152286 	 1.22534716488987 	 2.08360900583969 	 143.978497841991 	-0.940078979002829 	 1.2605698248787 	 1.57250906838648 	 126.713998750873 
 70 	-1.7377448543606 	 1.18517642308479 	 2.10342585623853 	 145.705237295395 	-1.00798608149985 	 1.17781431399681 	 1.55025239840266 	 130.557265101815 
 71 	-1.78037627797999 	 1.1407860099679 	 2.11450524041261 	 147.35005609029 	-1.06824568869067 	 1.09211930630041 	 1.527702009752 	 134.366865387253 
 72 	-1.8133131129392 	 1.09262434888216 	 2.11705748937704 	 148.928644209685 	-1.12107207706734 	 1.00403858628142 	 1.50495717039459 	 138.15219271164 
 73 	-1.8367802375043 	 1.04113918589041 	 2.11133428080039 	 150.454204359549 	-1.1666926819409 	 0.914113279709312 	 1.48215211845322 	 141.921009628204 
 74 	-1.85102292754249 	 0.986775584890653 	 2.0976205408091 	 151.938036672545 	-1.20534687960098 	 0.822869700754792 	 1.45944360788079 	 145.679314943999 
 75 	-1.85630581227476 	 0.929973993611144 	 2.07622804563423 	 153.389999472044 	-1.23728475929958 	 0.730817360249969 	 1.43699950926844 	 149.43125829008 
 76 	-1.85291178984471 	 0.871168387893031 	 2.04749028349579 	 154.818881661362 	-1.26276589040034 	 0.638447139739838 	 1.41498849613717 	 153.179102717247 
 77 	-1.84114090672816 	 0.810784501049565 	 2.0117582721515 	 156.23271364422 	-1.28205808993651 	 0.546229634782962 	 1.39357086647461 	 156.923238405435 
 78 	-1.82130920506108 	 0.749238144456827 	 1.96939712032625 	 157.639037923988 	-1.29543619570008 	 0.45461366979528 	 1.37289057316839 	 160.662251604397 
 79 	-1.79374754200029 	 0.686933624885358 	 1.92078318647114 	 159.045156983178 	-1.30318084984291 	 0.364024985606638 	 1.35306855611355 	 164.393052057434 
 80 	-1.75880038525376 	 0.624262263429168 	 1.86630173570901 	 160.458374305528 	-1.30557729780882 	 0.274865099820794 	 1.33419747550851 	 168.11105951077 
 81 	-1.71682458892386 	 0.561601020232176 	 1.80634503211856 	 161.886244310985 	-1.30291420723436 	 0.18751033904161 	 1.3163379348255 	 171.810445849812 
 82 	-1.66818815379945 	 0.49931122855589 	 1.74131083366492 	 163.336848611119 	-1.29548251125787 	 0.102311041055526 	 1.29951625080137 	 175.48442456527 
 83 	-1.61326897620985 	 0.437737441079748 	 1.67160128527237 	 164.819119724011 	-1.28357428046083 	 1.95909241470491E-02 	 1.28372377783131 	 179.125574469459 
 84 	-1.55245358951769 	 0.37720639068024 	 1.59762223594202 	 166.343239965859 	-1.26748162743616 	-6.03533801267897E-02 	 1.26891773034383 	 182.726180745802 
 85 	-1.48613590227697 	 0.31802606730003 	 1.51978304356869 	 167.921154007821 	-1.24749564773365 	-0.137252635162809 	 1.25502337706257 	 186.278574283104 
 86 	-1.4147159370194 	 0.260484911896691 	 1.43849698358478 	 169.56725087298 	-1.22390540067786 	-0.210865153717398 	 1.24193741503375 	 189.775450275285 
 87 	-1.33859857355564 	 0.204851127855219 	 1.3541824565799 	 171.299298945917 	-1.19699693328646 	-0.280976804320499 	 1.22953227808925 	 193.210149295201 
 88 	-1.25819230058979 	 0.151372109661627 	 1.26726531588569 	 173.139762834703 	-1.16705235024215 	-0.347400876108168 	 1.21766110101557 	 196.576888097545 
 89 	-1.17390797934496 	 0.100273988069112 	 1.17818284517007 	 175.117705991233 	-1.13434893258777 	-0.4099778089963 	 1.20616305064134 	 199.870932576438 
 90 	-1.08615762278708 	 5.17612904455494E-02 	 1.08739027617828 	 177.271610122482 	-1.0991583075248 	-0.468574796561517 	 1.19486874801103 	 203.088710768164 
 91 	-0.995353193912359 	 6.01671447331693E-03 	 0.995371378674607 	 179.6536624896 	-1.06174567140211 	-0.523085269370785 	 1.18360553808008 	 206.227868772923 
 92 	-0.90190542643262 	-3.67989871186491E-02 	 0.902655839000427 	 182.336450978977 	-1.02236906768451 	-0.573428266810281 	 1.17220240902974 	 209.287276398607 
 93 	-0.806222671052884 	-7.65470135736868E-02 	 0.809848405941937 	 185.423703632586 	-0.981278721392544 	-0.619547705708062 	 1.16049441562892 	 212.266991906789 
 94 	-0.708709770387017 	-0.113110418093952 	 0.717679249611836 	 189.06795598482 	-0.938716431206608 	-0.661411554226397 	 1.14832651379364 	 215.168196439202 
 95 	-0.609766965401591 	-0.146393908414875 	 0.627094034827352 	 193.500160985823 	-0.894915020131271 	-0.699010919620538 	 1.13555676168358 	 217.993108702366 
 96 	-0.509788836115554 	-0.176323549959994 	 0.539420663025199 	 199.079257347459 	-0.850097845321773 	-0.732359058523937 	 1.12205888313528 	 220.744889589489 
 97 	-0.409163279114869 	-0.202846375909147 	 0.456685056899727 	 206.370328231964 	-0.804478367384516 	-0.761490318428501 	 1.1077242204854 	 223.427544957331 
 98 	-0.30827052426766 	-0.225929908821359 	 0.382197644985269 	 216.237500479211 	-0.758259779178948 	-0.786459018985396 	 1.09246312581431 	 226.045833056956 
 99 	-0.207482192847438 	-0.245561598729751 	 0.321479951349213 	 229.804553079752 	-0.711634693870515 	-0.807338281660675 	 1.07620585324323 	 228.605181379347 
 100 	-0.107160399090406 	-0.261748182869298 	 0.282834690886027 	 247.735677356698 	-0.664784891714588 	-0.824218816143877 	 1.05890302159244 	 231.111616078173 
 101 	-7.6568970284668E-03 	-0.274514972409458 	 0.27462173648324 	 268.402294187694 	-0.617881124790582 	-0.837207671730405 	 1.04052571807559 	 233.571705755241 
 102 	 9.06877257468927E-02 	-0.283905071742774 	 0.29803750328174 	 287.715028669723 	-0.571082978654982 	-0.846426961683391 	 1.02106531131658 	 235.992520260666 
 103 	 0.18754480592229 	-0.2899785360279 	 0.345341288561494 	 302.892934321924 	-0.524538789642564 	-0.852012568331628 	 1.00053303715307 	 238.381604245101 
 104 	 0.282598312622427 	-0.292811472801762 	 0.406940247335379 	 313.983142884545 	-0.478385616317792 	-0.85411283638053 	 0.978959414465047 	 240.746964450999 
 105 	 0.375545504801043 	-0.29249509356124 	 0.476012401029289 	 322.086617973294 	-0.432749263363875 	-0.852887261606565 	 0.956393541358745 	 243.097069069499 
 106 	 0.466097536958593 	-0.289134721270712 	 0.54849412121112 	 328.187392857687 	-0.387744355996178 	-0.848505181775697 	 0.93290231487927 	 245.440856832478 
 107 	 0.553980012467869 	-0.282848759778885 	 0.622010671228681 	 332.952245645986 	-0.343474462800077 	-0.84114447627659 	 0.908569610193088 	 247.787752759562 
 108 	 0.638933483971926 	-0.273767631127492 	 0.695114891793912 	 336.806031322251 	-0.300032264721733 	-0.830990280592858 	 0.883495447817276 	 250.147686533146 
 109 	 0.720713900498899 	-0.262032686706682 	 0.766870038060595 	 340.020059868619 	-0.257499767783933 	-0.818233721358888 	 0.857795169709875 	 252.531108219072 
 110 	 0.79909300111501 	-0.247795098158462 	 0.836631361534072 	 342.771574910052 	-0.215948556958599 	-0.803070677353672 	 0.831598636409287 	 254.948994370718 
 111 	 0.873858655109625 	-0.231214733851441 	 0.903929865786055 	 345.179696070878 	-0.175440088503153 	-0.785700571389702 	 0.805049447261532 	 257.4128353399 
 112 	 0.944815148874066 	-0.212459026648656 	 0.968408231866303 	 347.326796059443 	-0.1360260179598 	-0.766325197652008 	 0.778304173262864 	 259.934591787811 
 113 	 1.0117834197987 	-0.191701838566747 	 1.02978409557025 	 349.271386349538 	-9.77485609251182E-02 	-0.745147588638595 	 0.751531576194138 	 262.52660493508 
 114 	 1.07460123766978 	-0.169122327780382 	 1.08782819496246 	 351.056068067721 	-6.06408836223087E-02 	-0.722370925450188 	 0.724911767529163 	 265.201441153925 
 115 	 1.13312333419851 	-0.144903823262095 	 1.14235091303028 	 352.712567893562 	-2.47275202497959E-02 	-0.698197494776732 	 0.698635235276756 	 267.971647502215 
 116 	 1.18722148145926 	-0.119232712165844 	 1.19319373351051 	 354.265011841232 	 9.97518596222402E-03 	-0.672827695532506 	 0.672901636355986 	 270.849391589604 
 117 	 1.2367845201515 	-9.22973448640551E-02 	 1.24022366900303 	 355.732107039984 	 4.34586210816633E-02 	-0.646459097703007 	 0.647918217639623 	 273.845958264552 
 118 	 1.28171833873032 	-6.42869623340855E-02 	 1.2833295419976 	 357.128630060954 	 7.57214212950925E-02 	-0.619285555586641 	 0.623897694338746 	 276.971079368598 
 119 	 1.32194580457345 	-3.53906503622202E-02 	 1.32241945250454 	 358.466464614884 	 0.106768979317519 	-0.591496377244294 	 0.601055387828467 	 280.232084411386 
 120 	 1.35740664846793 	-5.7963247930533E-03 	 1.35741902398856 	 359.755340133942 	 0.136612939468854 	-0.563275551611478 	 0.579605419465291 	 283.632883070122 
 121 	 1.38805730380695 	 2.43102481993907E-02 	 1.38827017068701 	 1.00336796502789 	 0.165270684458743 	-0.534801034382113 	 0.559755790963916 	 287.17282767021 
 122 	 1.41387070198654 	 5.47463931037263E-02 	 1.41493022071542 	 2.21743828826795 	 0.192764816871257 	-0.506244093441225 	 0.541702276871287 	 290.845554882496 
 123 	 1.43483602558314 	 8.53334238810527E-02 	 1.4373712859044 	 3.40351981126444 	 0.219122638277056 	-0.477768714306836 	 0.525621227668655 	 294.637964131434 
 124 	 1.45095842097566 	 0.115897497424053 	 1.45557980520113 	 4.56689083213294 	 0.244375628823735 	-0.449531065739706 	 0.511661633336008 	 298.529540110985 
 125 	 1.46225867215052 	 0.146270418779414 	 1.46955621181679 	 5.71232151538536 	 0.268558930065594 	-0.421679025394179 	 0.499937095418374 	 302.492244512811 
 126 	 1.46877283749406 	 0.176290395534842 	 1.47931468988791 	 6.8442214524493 	 0.291710833693101 	-0.394351765114414 	 0.490518628741843 	 306.491162312093 
 127 	 1.47055185143506 	 0.205802739062435 	 1.48488299712964 	 7.96676272774349 	 0.31387227871028 	-0.367679395228241 	 0.483429358870754 	 310.485977671004 
 128 	 1.46766109284982 	 0.234660510602681 	 1.48630233758191 	 9.08398612786287 	 0.335086359486145 	-0.34178266695593 	 0.478642099846207 	 314.433187773195 
 129 	 1.4601799221837 	 0.262725110466902 	 1.48362727422296 	 10.1998964047162 	 0.355397846974948 	-0.316772731833345 	 0.476080448314766 	 318.288785776101 
 130 	 1.44820118927744 	 0.289866808929105 	 1.47692567570048 	 11.3185513729194 	 0.374852725260137 	-0.292750956848346 	 0.475623473317469 	 322.011020067857 
 131 	 1.4318307139119 	 0.315965217670166 	 1.46627869522776 	 12.4441489221543 	 0.393497745429562 	-0.269808793805748 	 0.47711346750334 	 325.562816358288 
 132 	 1.41118674110391 	 0.340909700926791 	 1.45178078319472 	 13.5811156533079 	 0.411379998635455 	-0.248027701269402 	 0.48036573969663 	 328.913540547455 
 133 	 1.38639937319653 	 0.364599725783748 	 1.43353973856372 	 14.7342007415351 	 0.428546510032912 	-0.22747911727988 	 0.485179204067757 	 332.039945891208 
 134 	 1.35760998079152 	 0.386945151329668 	 1.41167680794235 	 15.9085787578187 	 0.445043855126031 	-0.2082244809123 	 0.491346585860364 	 334.926325030463 
 135 	 1.32497059456856 	 0.407866456673083 	 1.38632684564298 	 17.1099655326897 	 0.460917799882371 	-0.190315300620791 	 0.498663345252874 	 337.564020973941 
 136 	 1.28864328002686 	 0.427294908085623 	 1.35763855338388 	 18.3447517277191 	 0.476212965804916 	-0.173793267213295 	 0.506934797118313 	 339.950515399016 
 137 	 1.24879949716902 	 0.445172665802502 	 1.32577482496361 	 19.6201596110026 	 0.490972520977205 	-0.158690409212506 	 0.515981261608156 	 342.088312582728 
 138 	 1.20561944712579 	 0.461452831265781 	 1.29091322976066 	 20.9444296387069 	 0.505237897922604 	-0.145029288285022 	 0.525641349170432 	 343.98379566309 
 139 	 1.15929140769346 	 0.476099435842742 	 1.25324667993243 	 22.3270448519318 	 0.519048538943752 	-0.132823232360784 	 0.535773643280827 	 345.64617428151 
 140 	 1.11001105972364 	 0.48908737228924 	 1.2129843405591 	 23.7790028161558 	 0.532441669433883 	-0.122076604017767 	 0.546257108510316 	 347.086587786247 
 141 	 1.05798080626844 	 0.500402270455532 	 1.1703528607687 	 25.3131468199599 	 0.545452099478899 	-0.1127851016723 	 0.556990549278145 	 348.317385680571 
 142 	 1.00340908634277 	 0.510040318949236 	 1.12559802838716 	 26.9445701588256 	 0.55811205389852 	-0.104936091092286 	 0.567891405041979 	 349.351579108814 
 143 	 0.946509685120584 	 0.518008034676055 	 1.07898698232 	 28.6911091718401 	 0.570451030707427 	-9.85089647386865E-02 	 0.578894113434446 	 350.202441930625 
 144 	 0.887501042332889 	 0.524321982373453 	 1.03081115697396 	 30.5739414203501 	 0.582495687813807 	-9.34755264388288E-02 	 0.589948218375729 	 350.883233857933 
 145 	 0.826605560583467 	 0.529008446434784 	 0.98139018192911 	 32.6183032465903 	 0.594269757613814 	-8.98003989030741E-02 	 0.60101635290359 	 351.407017814373 
 146 	 0.764048915243582 	 0.532103057491418 	 0.931077015437826 	 34.8543325004259 	 0.605793988986948 	-8.74414516131127E-02 	 0.612072189004636 	 351.786546467977 
 147 	 0.700059367529558 	 0.533650376377494 	 0.880264643316841 	 37.3180210203941 	 0.617086116049847 	-8.63502466352177E-02 	 0.623098418964009 	 352.034196994275 
 148 	 0.634867082308007 	 0.533703438245927 	 0.829394702294273 	 40.0522158233055 	 0.628160852885101 	-8.64724999443151E-02 	 0.634084813210313 	 352.1619374794 
 149 	 0.568703452112472 	 0.532323259734855 	 0.778968336519133 	 43.107517849904 	 0.639029913328125 	-8.77485558841581E-02 	 0.645026386427646 	 352.181312412615 
 150 	 0.501800428793156 	 0.529578312200616 	 0.729559359538515 	 46.5427609305065 	 0.649702054769226 	-9.01138724345407E-02 	 0.655921695003682 	 352.103438206242 
 151 	 0.434389864158113 	 0.525543964136439 	 0.681829166524538 	 50.4244692054903 	 0.660183144810495 	-9.34995150076854E-02 	 0.666771283123791 	 351.939002559428 
 152 	 0.36670286090068 	 0.520301895985088 	 0.63654147638502 	 54.824253935474 	 0.670476249508293 	-9.78326565521627E-02 	 0.677576290791495 	 351.698263779797 
 153 	 0.298969135043875 	 0.513939490628796 	 0.594572404116327 	 59.8125587431216 	 0.680581741832414 	-0.103037081803242 	 0.688337233877531 	 351.391047957414 
 154 	 0.231416391068481 	 0.506549202900658 	 0.556907210417007 	 65.4467665542415 	 0.690497428882801 	-0.109033693582995 	 0.699052963394126 	 351.026743219502 
 155 	 0.164269710828099 	 0.498227911508524 	 0.524609940528859 	 71.7522005301267 	 0.700218696324282 	-0.115741019121123 	 0.70971980822665 	 350.614291248009 
 156 	 9.77509572913418E-02 	 0.489076256795032 	 0.498749270287199 	 78.6973101275354 	 0.709738668429436 	-0.123075714437937 	 0.720330902397223 	 350.162176873948 
 157 	 3.20781940893967E-02 	 0.479197967776201 	 0.480270447619753 	 86.1702527030408 	 0.719048382059575 	-0.130953064903644 	 0.730875694595292 	 349.678416924875 
 158 	-3.25348782137824E-02 	 0.468699181905696 	 0.469827033512818 	 93.9708321383502 	 0.728136972864136 	-0.139287480162677 	 0.741339634298488 	 349.170549643109 
 159 	-9.58794682709557E-02 	 0.457687761002976 	 0.467622667337501 	 101.831604840931 	 0.736991871939597 	-0.14799298168782 	 0.751704025487347 	 348.645625958638 
 160 	-0.157752221721032 	 0.446272606761015 	 0.473333923359813 	 109.46791427444 	 0.745599011160375 	-0.156983681305889 	 0.761946035910469 	 348.110203736785 
 161 	-0.21795572983508 	 0.434562979213462 	 0.486158084444579 	 116.636124216142 	 0.75394303537616 	-0.166174249114513 	 0.772038847248627 	 347.570345869571 
 162 	-0.276299018349864 	 0.422667821492302 	 0.50496458773477 	 123.172746127043 	 0.762007519662545 	-0.175480369287587 	 0.781951929486443 	 347.031622780986 
 163 	-0.332598015852322 	 0.41069509414544 	 0.528480747524481 	 129.001995674225 	 0.769775189814788 	-0.184819182345201 	 0.791651421407895 	 346.499119604946 
 164 	-0.386676001128678 	 0.398751122209744 	 0.555446475650351 	 134.119206666351 	 0.777228144287677 	-0.194109712541793 	 0.801100598411912 	 345.977447999182 
 165 	-0.438364028939927 	 0.386939958149045 	 0.584709802449754 	 138.565447486596 	 0.784348075807815 	-0.203273279103871 	 0.810260408770577 	 345.470762299825 
 166 	-0.487501333731378 	 0.375362763669076 	 0.615268034875175 	 142.404707476536 	 0.791116490917827 	-0.212233890125634 	 0.819090059956777 	 344.982779513668 
 167 	-0.533935710827425 	 0.364117213312569 	 0.646272920929926 	 145.707985449187 	 0.797514925754768 	-0.220918618007042 	 0.827547637652222 	 344.516802494373 
 168 	-0.577523874704037 	 0.353296922618343 	 0.677017386323834 	 148.544028560564 	 0.80352515641712 	-0.229257955394183 	 0.835590741395977 	 344.07574555531 
 169 	-0.618131793970501 	 0.342990903498578 	 0.706915606419862 	 150.974844937595 	 0.809129402335807 	-0.237186150656162 	 0.843177122428845 	 343.662161730816 
 170 	-0.65563500272861 	 0.33328304934923 	 0.735482731127295 	 153.05411803159 	 0.814310521134194 	-0.244641522005909 	 0.85026531101722 	 343.278270901311 
 171 	-0.689918888012173 	 0.324251652260152 	 0.762316998386755 	 154.827171003733 	 0.819052193539799 	-0.251566749444494 	 0.856815222302 	 342.925988036506 
 172 	-0.720878953042106 	 0.31596895453457 	 0.787085030456527 	 156.33164686484 	 0.823339096995774 	-0.257909143779454 	 0.86278873143248 	 342.606950874605 
 173 	-0.748421056062785 	 0.3085007365627 	 0.809510210941075 	 157.598440126811 	 0.827157066712757 	-0.263620892037486 	 0.868150210350427 	 342.322546434513 
 174 	-0.772461624553959 	 0.301905942922141 	 0.829363707778588 	 158.652644075361 	 0.830493243000898 	-0.268659278660532 	 0.87286702004403 	 342.073935844303 
 175 	-0.792927844639138 	 0.296236348398813 	 0.846457642718602 	 159.514406565985 	 0.833336203827111 	-0.272986881941886 	 0.876909953371116 	 341.862077055788 
 176 	-0.809757825536602 	 0.291536265437329 	 0.860639953803512 	 160.199654891299 	 0.835676081653442 	-0.27657174522554 	 0.880253624647324 	 341.687745097166 
 177 	-0.822900738922673 	 0.28784229433947 	 0.871790578367358 	 160.720683138431 	 0.837504663728161 	-0.279387522457587 	 0.882876803110949 	 341.551549589977 
 178 	-0.832316933099394 	 0.28518311733452 	 0.879818667417676 	 161.086609573734 	 0.838815475121223 	-0.281413597743328 	 0.884762688124723 	 341.453949321382 
 179 	-0.837978021879723 	 0.283579337446368 	 0.884660616157391 	 161.303716046671 	 0.839603843919498 	-0.282635178627704 	 0.885899124574752 	 341.395263717525 
 180 	-0.839866948123874 	 0.283043362880129 	 0.886278757401644 	 161.375681109097 	 0.839866948123874 	-0.283043362880129 	 0.886278757401644 	 341.375681109097 
******************************************

