MiePlot v4.6.18

Date & Time: 12/1/2020 18:53:31 

Calculation Method:         Mie (plane wave)

Graph type: Intensity v. scattering angle

Radius = 0.5 umWavelength = 0.6 umSize parameter x = 5.235988

Point

Wavelength = 0.60 um

Angle	Perpendicular	Parallel	Unpolarised
theta	[S1(theta)]^2	[S2(theta)]^2	[[S1(theta)]^2 + [S2(theta)]^2]/2
 0 	 711.471969658629 	 711.471969658629 	 711.471969658629 
 1 	 709.915081018678 	 709.876554438689 	 709.895817728684 
 2 	 705.26212525131 	 705.109907573533 	 705.186016412421 
 3 	 697.565940248645 	 697.230464272373 	 697.398202260509 
 4 	 686.913619989201 	 686.334421108679 	 686.62402054894 
 5 	 673.425081778446 	 672.553972281041 	 672.989527029743 
 6 	 657.251101868343 	 656.054898385119 	 656.653000126731 
 7 	 638.570859732082 	 637.033563769141 	 637.802211750611 
 8 	 617.589041091143 	 615.713391871614 	 616.651216481379 
 9 	 594.53255841205 	 592.340899363077 	 593.436728887563 
 10 	 569.646954811089 	 567.181379136548 	 568.414166973819 
 11 	 543.192562966876 	 540.514328985132 	 541.853445976004 
 12 	 515.440494624232 	 512.628727016004 	 514.034610820118 
 13 	 486.6685385049 	 483.818256402624 	 485.243397453762 
 14 	 457.157044893417 	 454.376580976285 	 455.766812934851 
 15 	 427.184873858866 	 424.592769487186 	 425.888821673026 
 16 	 397.025481068813 	 394.746960281757 	 395.886220675285 
 17 	 366.94321055686 	 365.10634987243 	 366.024780214645 
 18 	 337.189857764964 	 335.92157870322 	 336.555718234092 
 19 	 308.001558875078 	 307.423575672997 	 307.712567274037 
 20 	 279.596054079358 	 279.820910039108 	 279.708482059233 
 21 	 252.170363243838 	 253.297685582251 	 252.734024413045 
 22 	 225.898902642009 	 228.011997775961 	 226.955450208985 
 23 	 200.932061325382 	 204.094960575558 	 202.51351095047 
 24 	 177.395245511984 	 181.650295712495 	 179.52277061224 
 25 	 155.38838935924 	 160.754464414884 	 158.071426887062 
 26 	 134.985920880575 	 141.457309601421 	 138.221615240998 
 27 	 116.237162782689 	 123.783166096047 	 120.010164439368 
 28 	 99.1671398362151 	 107.732387514151 	 103.449763675183 
 29 	 83.7777572116013 	 93.283231350084 	 88.5304942808426 
 30 	 70.049308148091 	 80.3940385619314 	 75.2216733550112 
 31 	 57.9422644758034 	 69.0056406533834 	 63.4739525645934 
 32 	 47.3992999430939 	 59.0439258848161 	 53.221612913955 
 33 	 38.347494041499 	 50.4224967402481 	 44.3849953908736 
 34 	 30.7006630617033 	 43.0453530158903 	 36.8730080387968 
 35 	 24.3617654157458 	 36.8095387162988 	 30.5856520660223 
 36 	 19.2253297521585 	 31.6076961446751 	 25.4165129484168 
 37 	 15.1798569735736 	 27.3304769241192 	 21.2551669488464 
 38 	 12.1101508190027 	 23.8687669356654 	 17.9894588773341 
 39 	 9.89953605507261 	 21.1156900442324 	 15.5076130496525 
 40 	 8.43192837764095 	 18.968363740261 	 13.700146058951 
 41 	 7.59372569399615 	 17.3293881937686 	 12.4615569438824 
 42 	 7.27549636882217 	 16.1080584535504 	 11.6917774111863 
 43 	 7.37344610758499 	 15.2212974025721 	 11.2973717550786 
 44 	 7.79065125759657 	 14.5943144027602 	 11.1924828301784 
 45 	 8.43805227779293 	 14.1610011606576 	 11.2995267192252 
 46 	 9.23520682435352 	 13.8640820859338 	 11.5496444551437 
 47 	 10.1108071979173 	 13.6550411993562 	 11.8829241986367 
 48 	 11.0029716950422 	 13.4938514136366 	 12.2484115543394 
 49 	 11.8593236176353 	 13.3485347331568 	 12.603929175396 
 50 	 12.6368752564976 	 13.1945836042348 	 12.9157294303662 
 51 	 13.301737037599 	 13.0142743344901 	 13.1580056860445 
 52 	 13.8286741821766 	 12.7959032534481 	 13.3122887178123 
 53 	 14.2005346845612 	 12.5329751952937 	 13.3667549399274 
 54 	 14.4075731739858 	 12.223372055519 	 13.3154726147524 
 55 	 14.4466953347667 	 11.8685267265168 	 13.1576110306417 
 56 	 14.3206470641652 	 11.4726247818867 	 12.896635923026 
 57 	 14.0371715121667 	 11.0418529880463 	 12.5395122501065 
 58 	 13.6081556451006 	 10.5837102065717 	 12.0959329258361 
 59 	 13.048786084958 	 10.1063926385021 	 11.5775893617301 
 60 	 12.3767317818687 	 9.61826177105897 	 10.9974967764639 
 61 	 11.6113686631566 	 9.12739992473369 	 10.3693842939452 
 62 	 10.7730588521309 	 8.64125505741779 	 9.70715695477435 
 63 	 9.88249444312912 	 8.16637353949232 	 9.02443399131072 
 64 	 8.96011323060445 	 7.70821703018752 	 8.33416513039598 
 65 	 8.02559128626682 	 7.27105740462442 	 7.64832434544562 
 66 	 7.09741491790058 	 6.85794192945523 	 6.97767842367791 
 67 	 6.19253237538318 	 6.47071957349452 	 6.33162597443885 
 68 	 5.32608373237622 	 6.11011846382064 	 5.71810109809843 
 69 	 4.51120569451326 	 5.77586403981472 	 5.14353486716399 
 70 	 3.75890668473973 	 5.46682738829167 	 4.6128670365157 
 71 	 3.07800644195263 	 5.18119352363801 	 4.12959998279532 
 72 	 2.47513353920229 	 4.91663996181249 	 3.69588675050739 
 73 	 1.9547736731036 	 4.67051677523555 	 3.31264522416958 
 74 	 1.51936128016613 	 4.44002035311606 	 2.9796908166411 
 75 	 1.16940697587005 	 4.22235427386509 	 2.69588062486757 
 76 	 0.903653461136704 	 4.01487196911535 	 2.45926271512603 
 77 	 0.719252867611493 	 3.81519717127887 	 2.26722501944518 
 78 	 0.611958985051096 	 3.6213194412963 	 2.1166392131737 
 79 	 0.576328397430366 	 3.43166332811542 	 2.00399586277289 
 80 	 0.605925215860191 	 3.24513088027482 	 1.92552804806751 
 81 	 0.693524804166126 	 3.06111828304631 	 1.87732154360622 
 82 	 0.831312617489377 	 2.87950830897732 	 1.85541046323335 
 83 	 1.01107498910703 	 2.70064102927209 	 1.85585800918956 
 84 	 1.22437938308049 	 2.52526582880647 	 1.87482260594348 
 85 	 1.46274226167364 	 2.35447819550735 	 1.9086102285905 
 86 	 1.71778328239935 	 2.18964501790164 	 1.9537141501505 
 87 	 1.98136503009952 	 2.03232223047829 	 2.0068436302889 
 88 	 2.24571789897 	 1.88416860705418 	 2.06494325301209 
 89 	 2.50355006628005 	 1.74685933302831 	 2.12520469965418 
 90 	 2.74814274576358 	 1.62200270634884 	 2.18507272605621 
 91 	 2.973431079552 	 1.51106294411743 	 2.24224701183471 
 92 	 3.17407113103115 	 1.41529162794416 	 2.29468137948766 
 93 	 3.3454934871796 	 1.33566982762207 	 2.34058165740083 
 94 	 3.48394397928999 	 1.27286242016218 	 2.37840319972608 
 95 	 3.58651199783464 	 1.2271855894274 	 2.40684879363102 
 96 	 3.65114682318778 	 1.19858796869257 	 2.42486739594017 
 97 	 3.6766623311932 	 1.18664539064658 	 2.43165386091989 
 98 	 3.66273037254363 	 1.19056875058301 	 2.42664956156332 
 99 	 3.60986307768526 	 1.20922408026317 	 2.40954357897421 
 100 	 3.51938431287372 	 1.2411635810558 	 2.38027394696476 
 101 	 3.39339051453038 	 1.28466608171674 	 2.33902829812356 
 102 	 3.2347011624881 	 1.33778517226614 	 2.28624316737712 
 103 	 3.0467992201539 	 1.39840312210584 	 2.22260117112987 
 104 	 2.83376197090929 	 1.46428861679779 	 2.14902529385354 
 105 	 2.60018281293684 	 1.53315634077544 	 2.06666957685614 
 106 	 2.35108473486175 	 1.6027264879089 	 1.97690561138533 
 107 	 2.09182637615898 	 1.67078239205393 	 1.88130438410646 
 108 	 1.82800177180763 	 1.73522462809567 	 1.78161319995165 
 109 	 1.5653350816991 	 1.79412013231631 	 1.6797276070077 
 110 	 1.3095718026474 	 1.84574512040646 	 1.57765846152693 
 111 	 1.06636814502244 	 1.88862083309437 	 1.4774944890584 
 112 	 0.841180417633665 	 1.92154140421493 	 1.3813609109243 
 113 	 0.639156394613315 	 1.94359341539563 	 1.29137490500447 
 114 	 0.465030728606584 	 1.95416696722022 	 1.2095988479134 
 115 	 0.323026518661811 	 1.95295835126156 	 1.13799243496169 
 116 	 0.2167651333699 	 1.93996464412012 	 1.07836488874501 
 117 	 0.149186326252714 	 1.91547075790267 	 1.03232854207769 
 118 	 0.122480559216965 	 1.88002966681943 	 1.0012551130182 
 119 	 0.138035271095798 	 1.83443668326163 	 0.986235977178716 
 120 	 0.196396593903624 	 1.77969877646349 	 0.988047685183557 
 121 	 0.297247733391525 	 1.71700001137261 	 1.00712387238207 
 122 	 0.439404898626615 	 1.64766423444018 	 1.0435345665334 
 123 	 0.62083129513793 	 1.57311614748108 	 1.0969737213095 
 124 	 0.838669296661027 	 1.4948418922404 	 1.16675559445071 
 125 	 1.0892904918722 	 1.41435021933937 	 1.25182035560578 
 126 	 1.36836287583838 	 1.33313523904755 	 1.35074905744296 
 127 	 1.67093403289968 	 1.25264165158719 	 1.46178784224344 
 128 	 1.99152875024494 	 1.17423323558903 	 1.58288099291699 
 129 	 2.32425912128986 	 1.09916523934267 	 1.71171218031626 
 130 	 2.66294485636748 	 1.0285611752236 	 1.84575301579554 
 131 	 3.00124122558643 	 0.963394367757421 	 1.98231779667193 
 132 	 3.33277182422066 	 0.904474454712204 	 2.11862313946643 
 133 	 3.65126318241655 	 0.852438892688052 	 2.2518510375523 
 134 	 3.95067814437884 	 0.807749377862286 	 2.37921376112057 
 135 	 4.22534492164879 	 0.770692962403027 	 2.49801894202591 
 136 	 4.47007878269032 	 0.741387530644502 	 2.60573315666741 
 137 	 4.68029347667933 	 0.719791198941173 	 2.70004233781025 
 138 	 4.85209970091657 	 0.705715121114138 	 2.77890741101535 
 139 	 4.98238820429933 	 0.698839118892445 	 2.84061366159589 
 140 	 5.06889546741085 	 0.69872951443868 	 2.88381249092476 
 141 	 5.11025030477543 	 0.704858520032069 	 2.90755441240375 
 142 	 5.10600018678473 	 0.716624537784852 	 2.91131236228479 
 143 	 5.05661656643829 	 0.733372738871507 	 2.8949946526549 
 144 	 4.96347900697803 	 0.754415325653859 	 2.85894716631595 
 145 	 4.8288384275932 	 0.779050929364987 	 2.80394467847909 
 146 	 4.65576030208522 	 0.806582658400145 	 2.73117148024268 
 147 	 4.44804914613183 	 0.83633438521382 	 2.64219176567282 
 148 	 4.21015609933257 	 0.867664940613286 	 2.53891051997293 
 149 	 3.94707183600669 	 0.899979970046442 	 2.42352590302656 
 150 	 3.66420741224704 	 0.932741294466193 	 2.29847435335662 
 151 	 3.36726596586889 	 0.965473705744588 	 2.16636983580674 
 152 	 3.06210842213187 	 0.997769210782276 	 2.02993881645707 
 153 	 2.75461651484414 	 1.02928881700418 	 1.89195266592416 
 154 	 2.45055650513113 	 1.05976202272089 	 1.75515926392601 
 155 	 2.15544696642906 	 1.08898423706848 	 1.62221560174877 
 156 	 1.87443390407366 	 1.11681240449067 	 1.49562315428216 
 157 	 1.61217629342209 	 1.14315914697018 	 1.37766772019614 
 158 	 1.37274485622533 	 1.1679857628433 	 1.27036530953431 
 159 	 1.15953655754523 	 1.19129443385364 	 1.17541549569944 
 160 	 0.975206903429286 	 1.21311999234409 	 1.09416344788669 
 161 	 0.821621663096455 	 1.23352158876339 	 1.02757162592992 
 162 	 0.699829140303386 	 1.25257457695149 	 0.976201858627436 
 163 	 0.610053589761651 	 1.27036290225635 	 0.940208246008999 
 164 	 0.551709829699827 	 1.28697223698263 	 0.919341033341229 
 165 	 0.523438555101161 	 1.30248406074773 	 0.912961307924448 
 166 	 0.523161322074022 	 1.31697083193698 	 0.920066077005502 
 167 	 0.548153666209647 	 1.33049234260441 	 0.939323004407026 
 168 	 0.5951343499627 	 1.34309329487011 	 0.969113822416403 
 169 	 0.660368318348332 	 1.35480208408112 	 1.00758520121472 
 170 	 0.739780589528713 	 1.36563072457862 	 1.05270565705366 
 171 	 0.829078026466734 	 1.37557580952833 	 1.10232691799753 
 172 	 0.923875735169249 	 1.38462035837831 	 1.15424804677378 
 173 	 1.01982471945387 	 1.39273637529939 	 1.20628054737663 
 174 	 1.11273739474715 	 1.39988792032754 	 1.25631265753735 
 175 	 1.19870762493665 	 1.40603448243026 	 1.30237105368346 
 176 	 1.27422209519634 	 1.4111344405872 	 1.34267826789177 
 177 	 1.33626006612198 	 1.41514840509668 	 1.37570423560933 
 178 	 1.38237886439355 	 1.41804224624778 	 1.40021055532066 
 179 	 1.41078284442123 	 1.41978964047556 	 1.4152862424484 
 180 	 1.42037399410254 	 1.42037399410254 	 1.42037399410254 

Real and imaginary values of S1 (perpendicular polarisation) and S2 (parallel polarisation) 

Angle	S1 Real	S1 Imaginary	S1 Magnitude	S1 Phase	S2 Real	S2 Imaginary	S2 Magnitude	S2 Phase
 0 	 25.2107406105496 	-8.71151694747902 	 26.6734319062739 	 340.937520175354 	 25.2107406105496 	-8.71151694747902 	 26.6734319062739 	 340.937520175354 
 1 	 25.1854852359091 	-8.69519490583648 	 26.6442316650092 	 340.952957062372 	 25.1859664911115 	-8.69158480067329 	 26.6435086735717 	 340.960633148711 
 2 	 25.1098202469272 	-8.64633173191471 	 26.556771740016 	 340.999332417038 	 25.1117454522396 	-8.63192608375765 	 26.5539056933916 	 341.030074602637 
 3 	 24.984048536698 	-8.56523548798061 	 26.411473647804 	 341.076841317987 	 24.988380909677 	-8.53295281747535 	 26.4051219325413 	 341.146153437732 
 4 	 24.8086732242549 	-8.45241698222096 	 26.2090369908778 	 341.185812252114 	 24.8163767511289 	-8.39534788169669 	 26.1979850581811 	 341.309388847447 
 5 	 24.5843951107274 	-8.30858584947468 	 25.9504350980566 	 341.326712254229 	 24.5964346403767 	-8.22005932233561 	 25.9336455648071 	 341.520516959178 
 6 	 24.3121091385762 	-8.13464511225295 	 25.6369089764804 	 341.500154319539 	 24.3294502667837 	-8.00829245852171 	 25.6135686382261 	 341.780500339766 
 7 	 23.9928998743672 	-7.93168426947727 	 25.2699596305986 	 341.706907318328 	 24.0165085637327 	-7.7614998664752 	 25.2395238419654 	 342.090540580823 
 8 	 23.6280360411606 	-7.70097097311489 	 24.8513388188875 	 341.947908726393 	 23.6588779259818 	-7.48136933689991 	 24.813572734929 	 342.45209425164 
 9 	 23.2189641320555 	-7.44394136505445 	 24.3830383343022 	 342.224280584753 	 23.2580034621521 	-7.16980992199934 	 24.3380545517319 	 342.866892588249 
 10 	 22.7673011416775 	-7.1621891580199 	 23.8672779095373 	 342.537349223455 	 22.8154993245365 	-6.82893620621995 	 23.8155700989195 	 343.336965378661 
 11 	 22.2748264574252 	-6.85745355496244 	 23.3064918631457 	 342.888669434196 	 22.3331401640997 	-6.46105095133986 	 23.2489640411166 	 343.864669608725 
 12 	 21.7434729570448 	-6.53160611109516 	 22.703314617567 	 343.280053964398 	 21.8128517638802 	-6.06862628137497 	 22.6413057710019 	 344.452723552812 
 13 	 21.1753173635673 	-6.18663665145329 	 22.06056523539 	 343.713609443606 	 21.2567009089803 	-5.65428358581175 	 21.9958690758657 	 345.10424713082 
 14 	 20.572569912781 	-5.82463836449553 	 21.3812311360552 	 344.191780158286 	 20.6668845558924 	-5.22077233076697 	 21.3161108313943 	 345.822809509614 
 15 	 19.9375633922056 	-5.44779219873975 	 20.6684511722302 	 344.71740148543 	 20.0457183680387 	-4.77094797670901 	 20.605648970299 	 346.61248510354 
 16 	 19.2727416139554 	-5.05835069469523 	 19.9254982640037 	 345.293765309001 	 19.3956246880674 	-4.30774920827401 	 19.868239989535 	 347.477919323651 
 17 	 18.58064738691 	-4.65862138836954 	 19.1557618109241 	 345.924700417249 	 18.719120020623 	-3.8341746864146 	 19.1077562751996 	 348.424405633358 
 18 	 17.8639100562283 	-4.25094992536347 	 18.3627301283051 	 346.614671769628 	 18.0188021019743 	-3.35325953560218 	 18.3281635387515 	 349.457975677188 
 19 	 17.1252326804417 	-3.83770302600503 	 17.5499731873037 	 347.368903706969 	 17.2973366350318 	-2.86805177906235 	 17.533498671771 	 350.585504435677 
 20 	 16.3673789181165 	-3.42125144211204 	 16.7211259812059 	 348.193533764821 	 16.5574437698858 	-2.38158893308176 	 16.7278483385972 	 351.814832480338 
 21 	 15.593159697391 	-3.00395304482258 	 15.8798728975971 	 349.095805885404 	 15.8018844110617 	-1.89687496733331 	 15.9153286356975 	 353.154907384806 
 22 	 14.8054197425503 	-2.58813618051868 	 15.0299335541448 	 350.08431471261 	 15.0334464331989 	-1.41685783199996 	 15.100066151377 	 354.615946068258 
 23 	 14.0070240322053 	-2.17608342822717 	 14.1750506639441 	 351.169316576189 	 14.2549308868195 	-0.944407744333647 	 14.2861807553859 	 356.209619103526 
 24 	 13.2008442635891 	-1.77001588706209 	 13.3189806483824 	 352.363128102545 	 13.469138275271 	-0.482296417285446 	 13.4777704280973 	 357.949256491546 
 25 	 12.389745396977 	-1.37207811633564 	 12.4654879310535 	 353.680640622747 	 12.6788549828026 	-3.31774011248392E-02 	 12.6788983912201 	 359.850071577956 
 26 	 11.5765723532809 	-0.984323843980312 	 11.6183441539909 	 355.139988289232 	 11.8868399320881 	 0.400432304310716 	 11.8935827067129 	 1.92939488790883 
 27 	 10.7641369364723 	-0.608702550974697 	 10.7813339982903 	 356.763420709631 	 11.0958115473469 	 0.816169223758326 	 11.1257883359359 	 4.20690152446064 
 28 	 9.95520505066913 	-0.247047030637712 	 9.95826992183959 	 358.578447398037 	 10.3084350965672 	 1.21183883994996 	 10.3794213477511 	 6.70480277322338 
 29 	 9.15248427948071 	 9.89379879513023E-02 	 9.15301902169996 	 0.619340954720512 	 9.5273104832161 	 1.58542937606337 	 9.65832445872906 	 9.4479525201249 
 30 	 8.35861189257413 	 0.427686073433926 	 8.36954647206711 	 2.92910543659873 	 8.75496055425755 	 1.93512383462293 	 8.96627227792751 	 12.4637895422671 
 31 	 7.57614334141471 	 0.737778114436172 	 7.61198163921875 	 5.56202570775735 	 7.99381998733036 	 2.2593102185271 	 8.30696338341415 	 15.7819956805821 
 32 	 6.80754130276549 	 1.02795007380508 	 6.88471495002472 	 8.58688565680444 	 7.24622481557731 	 2.55658987851547 	 7.68400454742292 	 19.4336978927524 
 33 	 6.05516532483389 	 1.29709942966155 	 6.19253534842547 	 12.0908126054186 	 6.51440264391711 	 2.82578395019397 	 7.10087999759523 	 23.4499865790802 
 34 	 5.32126212695025 	 1.54429026999078 	 5.5408179054814 	 16.1833245166106 	 5.80046360553707 	 3.06593786250312 	 6.56089574798215 	 27.8594849168554 
 35 	 4.60795659938181 	 1.76875701947989 	 4.93576391410142 	 20.9992219485706 	 5.1063921020988 	 3.27632391804012 	 6.06708650970949 	 32.6847294941957 
 36 	 3.91724354535759 	 1.96990678929556 	 4.38466985668915 	 26.6969476899342 	 4.43403936563416 	 3.45644196373695 	 5.62207222869602 	 37.9372854479333 
 37 	 3.25098020263317 	 2.14732035236031 	 3.89613359288072 	 33.4453500586894 	 3.78511687440089 	 3.6060181878694 	 5.22785586298238 	 43.6119058781551 
 38 	 2.61087957699436 	 2.30075175832519 	 3.47996419794841 	 41.3870543001243 	 3.16119064911436 	 3.72500209605544 	 4.8855672071588 	 49.6806881358284 
 39 	 1.99850461501623 	 2.43012661374494 	 3.14635281795806 	 50.5665642094499 	 2.56367645001224 	 3.81356173463667 	 4.59518117643172 	 56.0889335197429 
 40 	 1.41526323819371 	 2.53553906383996 	 2.90377829347231 	 60.8310316191899 	 1.99383588918957 	 3.87207724448269 	 4.35526850380789 	 62.7548528673528 
 41 	 0.862404255276786 	 2.61724752258487 	 2.75567155045665 	 71.7625298312009 	 1.45277346660365 	 3.90113284168856 	 4.16285817603346 	 69.5747776622281 
 42 	 0.341014164310285 	 2.67566920761179 	 2.69731280514926 	 82.7368079252535 	 0.941434532135213 	 3.90150733374342 	 4.01348457746512 	 76.4338483815826 
 43 	-0.147985149467902 	 2.71137354547874 	 2.71540901294538 	 93.1240697927462 	 0.460604170146899 	 3.87416329044291 	 3.90144811609383 	 83.2198588892957 
 44 	-0.603837819043276 	 2.72507452116261 	 2.79117381357675 	 102.494054714056 	 1.09069971427784E-02 	 3.82023499803003 	 3.82025056805966 	 89.8364176010701 
 45 	-1.02595450880131 	 2.71762205313086 	 2.90483257310864 	 110.682484636483 	-0.407192142556563 	 3.7410153327269 	 3.76311056981556 	 96.2119249588123 
 46 	-1.41391204509469 	 2.68999248197642 	 3.03894830893083 	 117.727283433239 	-0.793386603711122 	 3.63794169592993 	 3.72345029320035 	 102.302812050731 
 47 	-1.76745217889716 	 2.64327826632554 	 3.17974954955847 	 123.769029023691 	-1.1475255154984 	 3.51258115787185 	 3.69527281798735 	 108.091702912341 
 48 	-2.08647950015475 	 2.57867698451671 	 3.31707275998616 	 128.977287893036 	-1.46961053618059 	 3.36661495950808 	 3.67339780225837 	 113.582457197238 
 49 	-2.37105852817853 	 2.49747974437975 	 3.44373686823417 	 133.512536135935 	-1.7597918227263 	 3.20182252378585 	 3.65356466114352 	 118.794159416701 
 50 	-2.62141000694813 	 2.40105910630493 	 3.5548382883751 	 137.512128036268 	-2.01836325542712 	 3.02006512734021 	 3.63243494150065 	 123.755511644267 
 51 	-2.83790643848385 	 2.29085662668157 	 3.64715464953147 	 141.088326585309 	-2.24575696162066 	 2.82326938208567 	 3.60753022641392 	 128.500336751089 
 52 	-3.0210668914738 	 2.16837012970973 	 3.7186925366554 	 144.331113471795 	-2.44253718633557 	 2.61341067320389 	 3.57713618044492 	 133.064338294163 
 53 	-3.17155112608722 	 2.03514081556438 	 3.7683596808905 	 147.312267815393 	-2.60939356098855 	 2.39249669574802 	 3.5401942312949 	 137.482960222225 
 54 	-3.2901530793467 	 1.89274031194226 	 3.79573091432807 	 150.089290982106 	-2.74713382417365 	 2.16255122658401 	 3.49619393848782 	 141.790082476696 
 55 	-3.37779375855023 	 1.74275777418027 	 3.80088086300619 	 152.708728225456 	-2.85667605107339 	 1.92559826177231 	 3.44507281875388 	 146.017290929224 
 56 	-3.43551359301541 	 1.58678713644002 	 3.78426308072856 	 155.208837610523 	-2.93904045008155 	 1.68364664186733 	 3.38712633096062 	 150.193507441181 
 57 	-3.46446429684631 	 1.42641461295231 	 3.74662134624874 	 157.621696310403 	-2.99534078684935 	 1.43867527909636 	 3.32292837540117 	 154.34482217643 
 58 	-3.46590029749029 	 1.26320654406051 	 3.68892337208305 	 159.974867124048 	-3.02677549714778 	 1.19261909109216 	 3.25326147221088 	 158.494420203467 
 59 	-3.44116978654695 	 1.09869767684948 	 3.61231035280166 	 162.292742318898 	-3.03461855067781 	 0.947355735921945 	 3.17905530598355 	 162.662533814981 
 60 	-3.39170545060971 	 0.934379964561054 	 3.51805795601334 	 164.59766621231 	-3.02021012825955 	 0.704693232703014 	 3.1013322574434 	 166.866381848147 
 61 	-3.31901494085863 	 0.771691962841295 	 3.40754584168088 	 166.910923460331 	-2.98494717469787 	 0.466358541250042 	 3.02115870565147 	 171.120080133186 
 62 	-3.22467114068052 	 0.612008894210761 	 3.28223382045382 	 169.253670970461 	-2.93027388906388 	 0.233987163084266 	 2.93960117318962 	 175.434525429825 
 63 	-3.11030229077124 	 0.456633445065424 	 3.14364349809725 	 171.647889415339 	-2.8576722131607 	 9.11381487294335E-03 	 2.8576867462149 	 179.817270380184 
 64 	-2.97758203097911 	 0.306787352077584 	 2.99334482320438 	 174.117436871915 	-2.76865237757449 	-0.206835785923641 	 2.77636759637255 	 184.272419541493 
 65 	-2.82821941758596 	 0.163603827145177 	 2.83294745561347 	 176.689304255097 	-2.66474356296295 	-0.412551994628512 	 2.6964898302468 	 188.800585761024 
 66 	-2.66394897380089 	 2.81208621090254E-02 	 2.66409739272058 	 179.395203553478 	-2.54748473212564 	-0.606847154596594 	 2.6187672537771 	 193.398950422581 
 67 	-2.48652082997475 	-0.098724553606899 	 2.48847993268645 	 182.273671185667 	-2.41841568595427 	-0.788660347313614 	 2.54376091122859 	 198.061468485596 
 68 	-2.29769100844309 	-0.216101277404877 	 2.30783095836247 	 185.372948525156 	-2.27906839360163 	-0.957060980871514 	 2.47186538141151 	 202.779248316999 
 69 	-2.09921190598855 	-0.323287903066555 	 2.12395990887617 	 188.755020130889 	-2.13095864416125 	-1.11125123023066 	 2.40330273578147 	 207.541117141651 
 70 	-1.89282302469722 	-0.419675686591205 	 1.93879000532284 	 192.501353863153 	-1.9755780638438 	-1.25056735202501 	 2.33812475892363 	 212.334357813481 
 71 	-1.68024199948783 	-0.504770507369209 	 1.75442481798242 	 196.721075177783 	-1.81438653909963 	-1.37447990540862 	 2.27622352233651 	 217.145576129055 
 72 	-1.4631559678381 	-0.578193871449736 	 1.57325571322728 	 201.562395229959 	-1.64880508240123 	-1.48259291852496 	 2.2173497608209 	 221.96163599734 
 73 	-1.24321332424147 	-0.639682971113092 	 1.3981322087355 	 207.227631938336 	-1.48020917349401 	-1.57464204755866 	 2.16113784271979 	 226.770587929905 
 74 	-1.02201589872444 	-0.689089822099124 	 1.23262373827788 	 213.989649008982 	-1.30992260488225 	-1.65049178196517 	 2.10713558014573 	 231.562517636277 
 75 	-0.801111595363551 	-0.726379506624542 	 1.08139122239366 	 222.199052879666 	-1.1392118561706 	-1.71013175534092 	 2.05483679981284 	 236.330255549705 
 76 	-0.581987523187767 	-0.751627556699775 	 0.950606890957931 	 232.249271405491 	-0.969281017662362 	-1.75367222647642 	 2.00371454282174 	 241.069911008312 
 77 	-0.36606364816333 	-0.765016518190847 	 0.848087771172002 	 244.428687519221 	-0.801267279356446 	-1.7813387994179 	 1.95325297165494 	 245.781220712074 
 78 	-0.154686991159979 	-0.766831741529371 	 0.782278073993574 	 258.595219043012 	-0.636236997216912 	-1.79346645484902 	 1.90297646892869 	 250.467724061321 
 79 	 5.08736070822656E-02 	-0.757456449924882 	 0.759162958415626 	 273.84242800813 	-0.475182344343247 	-1.79049296779961 	 1.85247491969943 	 255.136793733032 
 80 	 0.249432136901092 	-0.737366140354401 	 0.778411983373966 	 288.689365426393 	-0.319018550476791 	-1.77295178860749 	 1.80142468071103 	 259.799556335753 
 81 	 0.43988947345224 	-0.707122376475273 	 0.832781366365823 	 301.885079755403 	-0.168581729167552 	-1.74146446522379 	 1.74960517918938 	 264.470735218989 
 82 	 0.621236824082708 	-0.66736603591508 	 0.911763465757088 	 312.949809746336 	-2.46272879245217E-02 	-1.69673268538883 	 1.69691140280726 	 269.168436728504 
 83 	 0.792558564114936 	-0.618810077127951 	 1.00552224694784 	 322.018164420314 	 0.112171087192265 	-1.63953001694699 	 1.64336271993498 	 273.913883910648 
 84 	 0.953034459706398 	-0.562231893165642 	 1.10651677939401 	 329.462001300104 	 0.241221884783457 	-1.57069342365338 	 1.58910850126933 	 278.731079049631 
 85 	 1.10194128025949 	-0.498465321295004 	 1.20943882097179 	 335.660288012339 	 0.362015674890754 	-1.49111463229382 	 1.53443090281295 	 283.64634920922 
 86 	 1.23865380656708 	-0.42839237840588 	 1.31064231672846 	 340.921892183105 	 0.474124488424746 	-1.40173142483773 	 1.47974491649799 	 288.687698034039 
 87 	 1.36264524446711 	-0.352934792604378 	 1.40760968670279 	 345.479083486642 	 0.577200691408283 	-1.30351892671955 	 1.42559539508175 	 293.883854913123 
 88 	 1.4734870572234 	-0.273045401289072 	 1.49857195321746 	 349.501852699162 	 0.670975379050971 	-1.19748095924803 	 1.37265021292905 	 299.262885698057 
 89 	 1.57084823312979 	-0.189699485379058 	 1.58226106135494 	 353.114165298891 	 0.755256317261411 	-1.08464152062561 	 1.32168806192245 	 304.85022132348 
 90 	 1.65449400793167 	-0.103886108223247 	 1.65775231737542 	 356.407099986902 	 0.829925461525632 	-0.966036456175597 	 1.27357870049276 	 310.66599615458 
 91 	 1.72428406455707 	-1.65995260935466E-02 	 1.72436396377099 	 359.448435772868 	 0.894936085122695 	-0.842705374174567 	 1.22925300248461 	 316.721700695155 
 92 	 1.78017023533185 	 7.11692649231082E-02 	 1.78159230213625 	 2.28940358144214 	 0.95030955040363 	-0.715683859225436 	 1.18966029938977 	 323.016375866981 
 93 	 1.82219373430892 	 0.158440783338442 	 1.82906902198348 	 4.96940226165416 	 0.996131758322167 	-0.585996030433701 	 1.15571182723985 	 329.532909374561 
 94 	 1.85048194955659 	 0.24425505860722 	 1.86653260868649 	 7.51930986245029 	 1.03254931257195 	-0.454647486817383 	 1.12821204574414 	 336.235361552582 
 95 	 1.865244827217 	 0.327679313315417 	 1.89380885989971 	 9.96383899370725 	 1.05976543555406 	-0.322618677438743 	 1.10778408971577 	 343.06846068438 
 96 	 1.86677088085513 	 0.407815278746583 	 1.91079743122807 	 12.323244326661 	 1.0780356739719 	-0.190858728740696 	 1.09480042413792 	 349.960214009823 
 97 	 1.85542286106526 	 0.483806095279492 	 1.9174624719126 	 14.6145922666691 	 1.08766343213197 	-6.02797565480019E-02 	 1.08933254364615 	 356.827836697914 
 98 	 1.83163312148213 	 0.554842753249285 	 1.91382610823022 	 16.8527376701011 	 1.08899537102292 	 0.068248314804533 	 1.0911318667251 	 3.58608774709878 
 99 	 1.79589871825597 	 0.620170034306579 	 1.89996396747024 	 19.0511105053042 	 1.08241671096132 	 0.193902408687566 	 1.09964725265113 	 10.1561503304586 
 100 	 1.74877628069498 	 0.679091917896513 	 1.87600221558337 	 21.222389539709 	 1.06834647503802 	 0.315910415038268 	 1.11407521337466 	 16.472966240681 
 101 	 1.69087669115666 	 0.730976422214494 	 1.84211577120722 	 23.3791260370598 	 1.0472327097869 	 0.433554763863948 	 1.13343111026508 	 22.4895746527657 
 102 	 1.62285961238556 	 0.775259853839915 	 1.79852749839642 	 25.5343757950483 	 1.01954771844053 	 0.546175449914073 	 1.15662663477292 	 28.1781173039404 
 103 	 1.54542790035447 	 0.81145044516586 	 1.74550829850617 	 27.7024022768571 	 0.985783340848704 	 0.653172509380953 	 1.18254096001189 	 33.528150737631 
 104 	 1.45932194027643 	 0.839131363695305 	 1.68337814257798 	 29.8995287871757 	 0.946446312633364 	 0.754007953605597 	 1.21007793831546 	 38.5433759120059 
 105 	 1.36531394282515 	 0.85796308222678 	 1.61250823654853 	 32.1452481561622 	 0.902053734452602 	 0.84820716864193 	 1.23820690547882 	 43.2378580488334 
 106 	 1.26420223674202 	 0.867685103870193 	 1.53332473235833 	 34.4637534609768 	 0.853128680366322 	 0.935359793151984 	 1.26598834430215 	 47.6324910590519 
 107 	 1.15680559293007 	 0.868117040683273 	 1.44631475694573 	 36.886150766833 	 0.800195972255621 	 1.01512009045227 	 1.29258747945891 	 51.7520949016382 
 108 	 1.04395761385384 	 0.859159049468853 	 1.35203615772938 	 39.4537892412505 	 0.743778145066773 	 1.08720683359548 	 1.31727925213133 	 55.6232527044443 
 109 	 0.926501220590999 	 0.840791632892767 	 1.25113351873375 	 42.2234635880306 	 0.684391625349043 	 1.15140272514373 	 1.33944769674531 	 59.2728294576947 
 110 	 0.805283268234701 	 0.81307481854294 	 1.14436524005555 	 45.2758471706469 	 0.622543143154603 	 1.20755337576343 	 1.35858202564529 	 62.727043693933 
 111 	 0.681149318539303 	 0.776146732825616 	 1.03265102770609 	 48.7296887825865 	 0.558726394889046 	 1.25556586794507 	 1.37427101879301 	 66.0109518493175 
 112 	 0.554938596754392 	 0.730221590659939 	 0.917158883527639 	 52.7666487852586 	 0.493418972163783 	 1.29540693302289 	 1.38619674080375 	 69.1482219070859 
 113 	 0.427479157520405 	 0.675587125764664 	 0.799472572771145 	 57.6763320903367 	 0.427079569127803 	 1.32710077124129 	 1.39412819188037 	 72.1610993361987 
 114 	 0.299583282521558 	 0.612601489910196 	 0.681931615784592 	 63.9397701168341 	 0.36014547816636 	 1.35072654589171 	 1.39791522175711 	 75.0704943402707 
 115 	 0.172043130326901 	 0.54168965281712 	 0.568354219357797 	 72.379912083845 	 0.293030381268781 	 1.36641558353051 	 1.39748286260031 	 77.8961409961737 
 116 	 4.56266565167466E-02 	 0.463339337402948 	 0.465580426317409 	 84.3760146750893 	 0.226122441806035 	 1.37434831299485 	 1.39282613563938 	 80.65679509114 
 117 	-7.89261801918288E-02 	 0.378096527798181 	 0.386246457916074 	 101.790953749232 	 0.15978269894039 	 1.37475097636699 	 1.38400533160197 	 83.3704488339006 
 118 	-0.200906912521589 	 0.286560589959623 	 0.349972226350842 	 125.034201112488 	 9.43437644323155E-02 	 1.36789214521181 	 1.37114173841344 	 86.0545480061817 
 119 	-0.319641749043002 	 0.189379046793801 	 0.371530982686233 	 149.354411448949 	 3.01088192312461E-02 	 1.35407907533723 	 1.35441377845237 	 88.7262013923302 
 120 	-0.434494439965231 	 8.72420514598548E-02 	 0.443166553232104 	 168.646562435588 	-3.26490950469126E-02 	 1.33365393301865 	 1.33405351334326 	 91.4023741350438 
 121 	-0.544868818262545 	-0.01912339605567 	 0.54520430426724 	 182.010099097342 	-9.36874968265409E-02 	 1.30698992509927 	 1.31034347076353 	 94.1000564400166 
 122 	-0.650211012449322 	-0.128959442912272 	 0.662876231755684 	 191.218161416711 	-0.152794606584457 	 1.27448736464466 	 1.28361374035969 	 96.8363970126571 
 123 	-0.750011329621986 	-0.241483541005575 	 0.787928483517337 	 197.847166792179 	-0.209789221202231 	 1.23656970290738 	 1.25423927042693 	 99.628786832278 
 124 	-0.843805809620824 	-0.355894720825096 	 0.915788893064896 	 202.868716107842 	-0.264520333459787 	 1.19367955726263 	 1.22263726928325 	 102.494873379928 
 125 	-0.931177453313557 	-0.47137993414302 	 1.04369080281097 	 206.849409980077 	-0.316866511080093 	 1.14627476352544 	 1.18926457079128 	 105.452478362884 
 126 	-1.0117571300532 	-0.587120418334165 	 1.16977043723902 	 210.126498369358 	-0.366735051178031 	 1.09482447967014 	 1.1546147578511 	 108.519383793151 
 127 	-1.08522417130247 	-0.702298035680399 	 1.29264613599379 	 212.908746946655 	-0.414060927237166 	 1.03980536646176 	 1.11921474775272 	 111.71294316989 
 128 	-1.15130665923468 	-0.816101541872598 	 1.41121534509973 	 215.330848709363 	-0.458805546830807 	 0.981697868891605 	 1.08362042966577 	 115.049468920126 
 129 	-1.20978142080748 	-0.927732739078928 	 1.524552105141 	 217.483148247467 	-0.500955339214953 	 0.920982620604048 	 1.04841081611297 	 118.543348443767 
 130 	-1.26047373935169 	-1.03641247038631 	 1.63185319694128 	 219.428424649141 	-0.540520192647603 	 0.858136991723233 	 1.01418005069297 	 122.205855598348 
 131 	-1.30325679711602 	-1.14138641412859 	 1.73240908147771 	 221.211728928154 	-0.577531761831065 	 0.793631798653334 	 0.981526549695636 	 126.043660548867 
 132 	-1.33805086345435 	-1.24193063857436 	 1.8255880762704 	 222.866365611447 	-0.612041666231702 	 0.727928192549599 	 0.951038618938371 	 130.0571063677 
 133 	-1.36482224442966 	-1.33735687964228 	 1.91082787880451 	 224.41765692615 	-0.644119600207019 	 0.661474741254118 	 0.923276173573245 	 134.238417523511 
 134 	-1.3835820105364 	-1.42701750672474 	 1.987631289847 	 225.885388509257 	-0.673851375866682 	 0.59470471757408 	 0.898748784623538 	 138.570121269812 
 135 	-1.39438452000749 	-1.51031014431217 	 2.05556438032205 	 227.285447072901 	-0.701336919416426 	 0.528033604864789 	 0.877891201916859 	 143.024063754791 
 136 	-1.39732575577459 	-1.58668191990055 	 2.11425608257144 	 228.630949601756 	-0.726688241388031 	 0.461856828977198 	 0.861038634815246 	 147.561432753788 
 137 	-1.39254149459033 	-1.65563331161325 	 2.16339859403655 	 229.93304553367 	-0.750027400651634 	 0.396547723752043 	 0.848405091298475 	 152.134099925911 
 138 	-1.38020532710234 	-1.7167215720538 	 2.20274821550639 	 231.20150524059 	-0.771484481446808 	 0.332455735400801 	 0.840068521677927 	 156.687344789994 
 139 	-1.36052654779346 	-1.76956370810676 	 2.23212638627371 	 232.445167811889 	-0.79119560186541 	 0.269904869317461 	 0.835965979506609 	 161.163671614514 
 140 	-1.33374793367641 	-1.81383899969781 	 2.25142076640748 	 233.672296798372 	-0.809300971282236 	 0.209192381123954 	 0.835900421365296 	 165.507105954912 
 141 	-1.30014343045913 	-1.84929104388936 	 2.26058627457026 	 234.89087769791 	-0.825943013170029 	 0.150587712073999 	 0.839558526865202 	 169.667204358711 
 142 	-1.26001576458641 	-1.87572931410117 	 2.25964603130329 	 236.108881899516 	-0.841264568565134 	 9.43316673327229E-02 	 0.846536790567812 	 173.602103466085 
 143 	-1.21369399912231 	-1.89303022768597 	 2.2486921902382 	 237.334516469199 	-0.855407194181203 	 0.040635834119018 	 0.856371846145999 	 177.280227727309 
 144 	-1.16153105087427 	-1.90113771853407 	 2.22788666834245 	 238.576476372228 	-0.868509567813977 	-1.03177647501029E-02 	 0.868570852408633 	 180.680633337774 
 145 	-1.10390118548397 	-1.90006331480829 	 2.19746181482027 	 239.844214830627 	-0.880706012253143 	-5.83767877341199E-02 	 0.882638617648801 	 183.792250671183 
 146 	-1.0411975064313 	-1.88988572529835 	 2.15772108996627 	 241.148248197193 	-0.892125147431498 	-0.103418468952469 	 0.898099470214822 	 186.612425567158 
 147 	-0.973829453027995 	-1.87074994121262 	 2.10903986357106 	 242.500513901659 	-0.902888679010628 	-0.145349298341147 	 0.914513195757076 	 189.145157797981 
 148 	-0.902220321526996 	-1.8428658634736 	 2.05186649159554 	 243.914803768847 	-0.913110330039879 	-0.184104496924297 	 0.931485341061944 	 191.399346279297 
 149 	-0.826804822454145 	-1.80650646873275 	 1.98672389526242 	 245.407300511715 	-0.922894920745464 	-0.219647297521883 	 0.948672741279332 	 193.387234137951 
 150 	-0.748026686193213 	-1.76200553035166 	 1.91421195593566 	 246.997252685005 	-0.932337599922554 	-0.251968042094319 	 0.965785325248936 	 195.12314291977 
 151 	-0.666336327734163 	-1.70975491349218 	 1.83501116232814 	 248.707832924331 	-0.941523229828832 	-0.281083107705306 	 0.982585215512928 	 196.622511237119 
 152 	-0.582188580341339 	-1.65020146620102 	 1.74988811703259 	 250.567235413016 	-0.950525924926037 	-0.307033673765236 	 0.998883982643768 	 197.90120985235 
 153 	-0.496040506724334 	-1.5838435309502 	 1.65970374309518 	 252.610079236369 	-0.959408743299533 	-0.329884343800353 	 1.01453872129366 	 198.975085669284 
 154 	-0.408349295111656 	-1.51122710348675 	 1.56542534319945 	 254.879189010597 	-0.968223528116696 	-0.349721635479051 	 1.02944743562791 	 199.859682890928 
 155 	-0.319570246448039 	-1.43294166804312 	 1.46814405506717 	 257.427809146005 	-0.977010895074863 	-0.366652353017812 	 1.0435440752879 	 200.570093661676 
 156 	-0.230154857770819 	-1.34961573994903 	 1.36909966915256 	 260.322241906257 	-0.985800360449336 	-0.380801856388105 	 1.05679345403474 	 201.120898059592 
 157 	-0.140549005681195 	-1.2619121484573 	 1.269715044182 	 263.644714587084 	-0.994610603091919 	-0.39231224195443 	 1.06918620780956 	 201.526161547506 
 158 	-0.051191232721576 	-1.17052309414115 	 1.17164194881599 	 267.495842842801 	-1.0034498525598 	-0.40134044929587 	 1.0807339001083 	 201.799465554656 
 159 	 3.74888615888775E-02 	-1.07616501652953 	 1.07681779217527 	 271.995126477549 	-1.01231639448203 	-0.40805630900226 	 1.09146435299264 	 201.953953233541 
 160 	 0.125072124313251 	-0.979573308716125 	 0.987525646972921 	 277.276168240684 	-1.02119918330368 	-0.412640546194854 	 1.10141726531959 	 202.002377571893 
 161 	 0.211151247445877 	-0.881496916499714 	 0.906433485202557 	 283.470654901421 	-1.03007855169301 	-0.415282754404041 	 1.11064017069589 	 201.957143093957 
 162 	 0.29533206211919 	-0.782692860187068 	 0.83655791210375 	 290.672903891816 	-1.0389270051597 	-0.416179354246908 	 1.11918478230875 	 201.830335573117 
 163 	 0.377234730532818 	-0.683920717511528 	 0.781059274166597 	 298.880105026839 	-1.04771008981758 	-0.41553155108943 	 1.12710376729756 	 201.633736696965 
 164 	 0.456494838183557 	-0.585937106191096 	 0.742771721122868 	 307.921623200167 	-1.05638732073649 	-0.413543305555558 	 1.134447987782 	 201.37882262685 
 165 	 0.532764389602691 	-0.489490204470358 	 0.723490535598885 	 317.424003495795 	-1.06491315796749 	-0.4104193303628 	 1.14126423791676 	 201.076746975161 
 166 	 0.605712711344835 	-0.395314347563189 	 0.723298916129439 	 326.869793248802 	-1.073238017095 	-0.406363126524756 	 1.14759349594575 	 200.738309938888 
 167 	 0.675027266417327 	-0.304124737242466 	 0.74037400427733 	 335.746674841024 	-1.08130930106904 	-0.401575071469817 	 1.15346969730652 	 200.373916201552 
 168 	 0.740414384689702 	-0.216612300914029 	 0.771449512257737 	 343.692872715726 	-1.08907244009963 	-0.396250571085449 	 1.15891901997944 	 199.993524757477 
 169 	 0.80159991407852 	-0.133438735371861 	 0.812630493119925 	 350.548892306075 	-1.09647192655203 	-0.390578287113338 	 1.16395965741134 	 199.606594033748 
 170 	 0.858329797463837 	-5.52317690681858E-02 	 0.860104987503684 	 356.31820971348 	-1.10345233206285 	-0.384738450695621 	 1.16860203858226 	 199.222025608884 
 171 	 0.910370580362019 	 1.74193248449574E-02 	 0.910537218605991 	 1.0961821928374 	-1.10995929449944 	-0.378901272210355 	 1.17284944026432 	 198.848109493526 
 172 	 0.957509854357142 	 8.39679342261959E-02 	 0.961184547924721 	 5.01167920056259 	-1.1159404629038 	-0.373225456838568 	 1.17669892427006 	 198.492473405594 
 173 	 0.999556641183824 	 0.143914003902279 	 1.00986371330684 	 8.19301932286825 	-1.12134638919147 	-0.367856834579216 	 1.18014252329936 	 198.162037811856 
 174 	 1.03634172216205 	 0.196807595517405 	 1.05486368538648 	 10.7527733540236 	-1.12613135610937 	-0.362927112675288 	 1.18316859336594 	 197.862977797411 
 175 	 1.06771791741435 	 0.242252087233549 	 1.0948550702886 	 12.7832886621454 	-1.13025413178673 	-0.358552757637253 	 1.1857632488951 	 197.600692138941 
 176 	 1.09356031895399 	 0.279906991705423 	 1.12881446446984 	 14.3571508608711 	-1.13367864213219 	-0.354834013251991 	 1.18791179831972 	 197.379779361141 
 177 	 1.11376648132564 	 0.309490373351873 	 1.15596715616058 	 15.5294022420884 	-1.13637455332881 	-0.351854060149133 	 1.18960010301642 	 197.204020096222 
 178 	 1.12825657301515 	 0.330780848662144 	 1.1757460884024 	 16.3400158042784 	-1.1383177577484 	-0.349678321664974 	 1.19081579022441 	 197.076364772467 
 179 	 1.13697349133024 	 0.343619156092252 	 1.18776379992877 	 16.8160067704865 	-1.13949075773618 	-0.348353919899565 	 1.19154926061643 	 196.998925538328 
 180 	 1.13988294289727 	 0.347909285007452 	 1.1917944428896 	 16.9729713748693 	-1.13988294289727 	-0.347909285007452 	 1.1917944428896 	 196.972971374869 
******************************************

