MiePlot v4.6.18

Date & Time: 12/1/2020 18:53:51 

Calculation Method:         Mie (plane wave)

Graph type: Intensity v. scattering angle

Radius = 0.6 umWavelength = 0.6 umSize parameter x = 6.283185

Point

Wavelength = 0.60 um

Angle	Perpendicular	Parallel	Unpolarised
theta	[S1(theta)]^2	[S2(theta)]^2	[[S1(theta)]^2 + [S2(theta)]^2]/2
 0 	 1514.28138260946 	 1514.28138260946 	 1514.28138260946 
 1 	 1509.16338309373 	 1509.25464228531 	 1509.20901268952 
 2 	 1493.89880178128 	 1494.26415546055 	 1494.08147862092 
 3 	 1468.75366570386 	 1469.57677997979 	 1469.16522284183 
 4 	 1434.16400531244 	 1435.62953999691 	 1434.89677265467 
 5 	 1390.72506695603 	 1393.01828212046 	 1391.87167453824 
 6 	 1339.17667071845 	 1342.48231274952 	 1340.82949173399 
 7 	 1280.38515471646 	 1284.88551170092 	 1282.63533320869 
 8 	 1215.32244631034 	 1221.19452605838 	 1218.25848618436 
 9 	 1145.04288143839 	 1152.45473445615 	 1148.74880794727 
 10 	 1070.65845283905 	 1079.76473275742 	 1075.21159279824 
 11 	 993.313204451402 	 1004.25012537865 	 998.781664915024 
 12 	 914.157501836552 	 927.037411555712 	 920.597456696132 
 13 	 834.322896980847 	 849.228733002805 	 841.775814991826 
 14 	 754.898271151184 	 771.878200149926 	 763.388235650555 
 15 	 676.907883232857 	 695.970440957707 	 686.439162095282 
 16 	 601.291875609866 	 622.401922594932 	 611.846899102399 
 17 	 528.889698214061 	 551.965486155251 	 540.427592184656 
 18 	 460.426807459887 	 485.338412755117 	 472.882610107502 
 19 	 396.504884351005 	 423.074210790801 	 409.789547570903 
 20 	 337.595699256766 	 365.598183940133 	 351.59694159845 
 21 	 284.038633915775 	 313.206712661138 	 298.622673288456 
 22 	 236.041758214854 	 266.070063130977 	 251.055910672915 
 23 	 193.686254024895 	 224.238430943582 	 208.962342484239 
 24 	 156.933884247865 	 187.650835939196 	 172.292360093531 
 25 	 125.637125109336 	 156.14641198624 	 140.891768547788 
 26 	 99.5515158641619 	 129.477583223395 	 114.514549543779 
 27 	 78.3497340283931 	 107.324587141577 	 92.8371605849851 
 28 	 61.6368768469224 	 89.3107949846645 	 75.4738359157934 
 29 	 48.9664210672538 	 75.018290458706 	 61.9923557629799 
 30 	 39.8563426288968 	 64.0031970663419 	 51.9297698476193 
 31 	 33.8049043613617 	 55.8102902596725 	 44.8075973105171 
 32 	 30.305661406031 	 49.9864902265318 	 40.1460758162814 
 33 	 28.8612885570365 	 46.0929012998119 	 37.4770949284242 
 34 	 28.9958984073462 	 43.7151412854626 	 36.3555198464044 
 35 	 30.2655911975265 	 42.471784950566 	 36.3686880740462 
 36 	 32.2670535849696 	 42.020827090121 	 37.1439403375453 
 37 	 34.644101172924 	 42.0641488146732 	 38.3541249937986 
 38 	 37.092135674054 	 42.3500431297173 	 39.7210894018856 
 39 	 39.3605593718391 	 42.6739201130608 	 41.01723974245 
 40 	 41.2532547426053 	 42.8773661530773 	 42.0653104478413 
 41 	 42.6272937611742 	 42.8457744617716 	 42.7365341114729 
 42 	 43.390088029871 	 42.5047946683439 	 42.9474413491074 
 43 	 43.4952264185243 	 41.8158675410727 	 42.6555469797985 
 44 	 42.9372708469367 	 40.7711171154955 	 41.8541939812161 
 45 	 41.7457931269687 	 39.3878675349078 	 40.5668303309382 
 46 	 39.9789368075772 	 37.7030369445208 	 38.840986876049 
 47 	 37.716778539529 	 35.767637347349 	 36.742207943439 
 48 	 35.0547447527656 	 33.6415791748746 	 34.3481619638201 
 49 	 32.0973128538951 	 31.3889443237487 	 31.7431285888219 
 50 	 28.9521933425939 	 29.0738534719535 	 29.0130234072737 
 51 	 25.7251519757477 	 26.7570144741833 	 26.2410832249655 
 52 	 22.5155911826108 	 24.4930002797884 	 23.5042957311996 
 53 	 19.4129691263457 	 22.3282686591902 	 20.870618892768 
 54 	 16.4940947881968 	 20.2999033665375 	 18.3969990773671 
 55 	 13.8212997287228 	 18.4350282317674 	 16.1281639802451 
 56 	 11.4414530520218 	 16.7508227931051 	 14.0961379225635 
 57 	 9.38575661005968 	 15.2550508808785 	 12.3204037454691 
 58 	 7.67023340732991 	 13.947002185096 	 10.8086177962129 
 59 	 6.29680398828989 	 12.8187411542994 	 9.55777257129465 
 60 	 5.25483351506716 	 11.8565572173656 	 8.55569536621636 
 61 	 4.52302620460971 	 11.0425147319303 	 7.78277046827 
 62 	 4.0715434805505 	 10.356009529305 	 7.21377650492776 
 63 	 3.86422707990796 	 9.7752506269679 	 6.81973885343793 
 64 	 3.86081773847511 	 9.27859973836693 	 6.56970873842102 
 65 	 4.01907313099816 	 8.84571673486965 	 6.43239493293391 
 66 	 4.29670454820522 	 8.4584753429806 	 6.37758994559291 
 67 	 4.65306939936856 	 8.10162929165426 	 6.37734934551141 
 68 	 5.05057508943752 	 7.76322415267815 	 6.40689962105784 
 69 	 5.45576823378808 	 7.4347636496352 	 6.44526594171164 
 70 	 5.84010072368918 	 7.11115078548564 	 6.47562575458741 
 71 	 6.18038013583914 	 6.79043343000439 	 6.48540678292177 
 72 	 6.45892581787965 	 6.47339082839283 	 6.46615832313624 
 73 	 6.663463255281 	 6.16300178541072 	 6.41323252034586 
 74 	 6.78679776548092 	 5.86383711021211 	 6.32531743784651 
 75 	 6.8263140596299 	 5.58141844609981 	 6.20386625286486 
 76 	 6.7833507952123 	 5.32158311411991 	 6.0524669546661 
 77 	 6.66249908263058 	 5.0898903939804 	 5.87619473830549 
 78 	 6.47087128945782 	 4.89109911980914 	 5.68098520463348 
 79 	 6.21738178439426 	 4.728739975716 	 5.47306088005513 
 80 	 5.91207492390293 	 4.6047988352601 	 5.25843687958152 
 81 	 5.56552809456988 	 4.51952028416843 	 5.04252418936915 
 82 	 5.18834948520414 	 4.47133345186675 	 4.82984146853545 
 83 	 4.79078196632334 	 4.45689576702391 	 4.62383886667362 
 84 	 4.38241645970173 	 4.4712445057295 	 4.42683048271561 
 85 	 3.97201089288784 	 4.50804121989376 	 4.2400260563908 
 86 	 3.56740458980454 	 4.55989045786319 	 4.06364752383387 
 87 	 3.17551300470882 	 4.6187116967682 	 3.89711235073851 
 88 	 2.80238423093025 	 4.67614211461345 	 3.73926317277185 
 89 	 2.4532967854528 	 4.72394770230503 	 3.58862224387891 
 90 	 2.13287777455751 	 4.75442116585075 	 3.44364947020413 
 91 	 1.84522159099926 	 4.76074697049668 	 3.30298428074797 
 92 	 1.59399161347673 	 4.73731657362869 	 3.16565409355271 
 93 	 1.38249074846947 	 4.67998020180474 	 3.0312354751371 
 94 	 1.21369080188172 	 4.58622525662876 	 2.89995802925524 
 95 	 1.09021529379292 	 4.45527538825494 	 2.77274534102393 
 96 	 1.01427512280161 	 4.28810826315771 	 2.65119169297966 
 97 	 0.987561140925057 	 4.08739389614451 	 2.53747751853478 
 98 	 1.01110193060215 	 3.85735895625743 	 2.43423044342979 
 99 	 1.08509863174482 	 3.60358555726672 	 2.34434209450577 
 100 	 1.2087513453078 	 3.33275559891394 	 2.27075347211087 
 101 	 1.38009329240425 	 3.05235365819348 	 2.21622347529886 
 102 	 1.59584944798727 	 2.77034269524661 	 2.18309607161694 
 103 	 1.8513357731139 	 2.4948274211977 	 2.1730815971558 
 104 	 2.14041348096203 	 2.23372009008244 	 2.18706678552224 
 105 	 2.45551009012371 	 1.99442276520762 	 2.22496642766566 
 106 	 2.78771549863059 	 1.78353883641416 	 2.28562716752238 
 107 	 3.12695715240665 	 1.60662481254095 	 2.3667909824738 
 108 	 3.4622538144896 	 1.46799128127995 	 2.46512254788477 
 109 	 3.78204271953837 	 1.37055952475127 	 2.57630112214482 
 110 	 4.07457028283759 	 1.3157777166159 	 2.69517399972675 
 111 	 4.32833227978527 	 1.30359801865412 	 2.8159651492197 
 112 	 4.53254575802149 	 1.33251335043057 	 2.93252955422603 
 113 	 4.67763209723079 	 1.3996502255513 	 3.03864116139104 
 114 	 4.75568875836726 	 1.5009119208603 	 3.12830033961378 
 115 	 4.76092648345108 	 1.63116444480657 	 3.19604546412882 
 116 	 4.69004908397771 	 1.78445635541047 	 3.23725271969409 
 117 	 4.54255449802472 	 1.95426248586253 	 3.24840849194362 
 118 	 4.32093845345359 	 2.13374108710065 	 3.22733977027712 
 119 	 4.03078574208775 	 2.31599379338535 	 3.17338976773655 
 120 	 3.68073863200742 	 2.49431814277183 	 3.08752838738963 
 121 	 3.28233712367386 	 2.6624431069862 	 2.97239011533003 
 122 	 2.84973135818872 	 2.81473915779005 	 2.83223525798938 
 123 	 2.39927225725218 	 2.94639576091232 	 2.67283400908225 
 124 	 1.94899214771215 	 3.05356077653451 	 2.50127646212333 
 125 	 1.51799243349612 	 3.13343798372895 	 2.32571520861253 
 126 	 1.12576007205291 	 3.1843407590175 	 2.15505041553521 
 127 	 0.791438464116336 	 3.20570175056491 	 1.99857010734062 
 128 	 0.533081183136298 	 3.19804012703446 	 1.86556065508538 
 129 	 0.366918607146322 	 3.16288957749007 	 1.7649040923182 
 130 	 0.306667875691829 	 3.1026916380784 	 1.70467975688512 
 131 	 0.362915638432456 	 3.02066007514615 	 1.6917878567893 
 132 	 0.542600809180307 	 2.92062292741474 	 1.73161186829752 
 133 	 0.848621066356156 	 2.8068493791611 	 1.82773522275863 
 134 	 1.27958227993071 	 2.68386889258072 	 1.98172558625571 
 135 	 1.82970457709284 	 2.55628997426637 	 2.19299727567961 
 136 	 2.48889260716053 	 2.42862560406142 	 2.45875910561097 
 137 	 3.2429709859018 	 2.30513174175295 	 2.77405136382738 
 138 	 4.07407916704706 	 2.18966448517776 	 3.13187182611241 
 139 	 4.961213390306 	 2.08556042715902 	 3.52338690873251 
 140 	 5.88089717358724 	 1.99554359877071 	 3.93822038617897 
 141 	 6.80795631997117 	 1.921661146598 	 4.36480873328459 
 142 	 7.71636983791625 	 1.86524862677411 	 4.79080923234518 
 143 	 8.5801647292325 	 1.8269245621531 	 5.2035446456928 
 144 	 9.37432044005365 	 1.80661275103424 	 5.59046659554394 
 145 	 10.0756479983698 	 1.80358978092405 	 5.93961888964694 
 146 	 10.6636095223989 	 1.81655432630293 	 6.24008192435094 
 147 	 11.1210458614587 	 1.84371412420371 	 6.48237999283121 
 148 	 11.4347835492251 	 1.88288604521221 	 6.65883479721866 
 149 	 11.5960968753322 	 1.93160442004191 	 6.76385064768707 
 150 	 11.6010065303967 	 1.98723274303891 	 6.79411963671778 
 151 	 11.4504027228003 	 2.0470740442951 	 6.74873838354768 
 152 	 11.1499876393594 	 2.10847558326137 	 6.62923161131041 
 153 	 10.7100393391691 	 2.16892404309992 	 6.43948169113452 
 154 	 10.1450063317214 	 2.22612806462395 	 6.18556719817266 
 155 	 9.47294889920332 	 2.27808571522702 	 5.87551730721517 
 156 	 8.71484939465379 	 2.3231353027244 	 5.51899234868909 
 157 	 7.89381902405007 	 2.35998877673995 	 5.12690390039501 
 158 	 7.03423277969476 	 2.38774777242816 	 4.71099027606146 
 159 	 6.16082705886548 	 2.40590310693276 	 4.28336508289912 
 160 	 5.29779595357612 	 2.41431920636123 	 3.85605757996867 
 161 	 4.46792217136039 	 2.41320549410919 	 3.44056383273479 
 162 	 3.69177704179209 	 2.40307719061033 	 3.04742711620121 
 163 	 2.98702113942616 	 2.38470824779131 	 2.68586469360874 
 164 	 2.36783283087147 	 2.35907926402095 	 2.36345604744621 
 165 	 1.84448670619557 	 2.32732320001788 	 2.08590495310672 
 166 	 1.42309760451254 	 2.2906715529766 	 1.85688457874457 
 167 	 1.10553905017097 	 2.25040336141324 	 1.6779712057921 
 168 	 0.889537666385152 	 2.20779902858566 	 1.5486683474854 
 169 	 0.768937829575786 	 2.16410049357177 	 1.46651916157378 
 170 	 0.734123774758972 	 2.12047877463678 	 1.42730127469788 
 171 	 0.772579854432025 	 2.07800938899779 	 1.42529462171491 
 172 	 0.869563962307828 	 2.03765564575241 	 1.45360980403012 
 173 	 1.00886449664376 	 2.00025934198758 	 1.50456191931567 
 174 	 1.17360784943729 	 1.96653799013735 	 1.57007291978732 
 175 	 1.34708140884063 	 1.93708738736407 	 1.64208439810235 
 176 	 1.51353653602503 	 1.91238811964957 	 1.7129623278373 
 177 	 1.65893694593581 	 1.89281448301834 	 1.77587571447708 
 178 	 1.7716203428236 	 1.87864430421635 	 1.82513232351997 
 179 	 1.84284493407595 	 1.87006824929643 	 1.85645659168619 
 180 	 1.86719741099953 	 1.86719741099953 	 1.86719741099953 

Real and imaginary values of S1 (perpendicular polarisation) and S2 (parallel polarisation) 

Angle	S1 Real	S1 Imaginary	S1 Magnitude	S1 Phase	S2 Real	S2 Imaginary	S2 Magnitude	S2 Phase
 0 	 38.6952163119189 	-4.11844839511997 	 38.9137685480276 	 353.924709031885 	 38.6952163119189 	-4.11844839511997 	 38.9137685480276 	 353.924709031885 
 1 	 38.6316821728503 	-4.09347231450323 	 38.8479521093934 	 353.951421416959 	 38.6334523404309 	-4.08790931222388 	 38.8491266605224 	 353.959855306433 
 2 	 38.4414871039312 	-4.01881462866456 	 38.6509870738288 	 354.031768226609 	 38.4485503873187 	-3.99663966031055 	 38.6557131024711 	 354.065546535748 
 3 	 38.1258498882355 	-3.89528381553859 	 38.3243221166906 	 354.166383626778 	 38.1416772204094 	-3.84567793684009 	 38.3350594101508 	 354.242545251245 
 4 	 37.6867909876494 	-3.72421674525823 	 37.8703578714598 	 354.356342142188 	 37.7147670937426 	-3.63674071960892 	 37.8897022949101 	 354.492140249381 
 5 	 37.1271163805763 	-3.50746293197435 	 37.2924264020998 	 354.603185883052 	 37.170506308262 	-3.37220149278071 	 37.3231601304131 	 354.816174153924 
 6 	 36.4503951388165 	-3.24736276732206 	 36.5947628864903 	 354.908964433865 	 36.5123117941609 	-3.05506140617531 	 36.6399005559448 	 355.21708343097 
 7 	 35.6609309453407 	-2.94672001182752 	 35.7824699359401 	 355.276289327369 	 35.744303909893 	-2.68891236341575 	 35.8452997155962 	 355.697952369231 
 8 	 34.7637278089313 	-2.60876889295969 	 34.8614751023295 	 355.708405809567 	 34.8712737052199 	-2.27789293734661 	 34.9455938003402 	 356.262583095134 
 9 	 33.764450283455 	-2.23713622618007 	 33.8384822567205 	 356.209285590204 	 33.8986449455617 	-1.82663770652329 	 33.947823707215 	 356.915584349327 
 10 	 32.6693785483233 	-1.83579903731495 	 32.7209176649899 	 356.78374555205 	 32.8324312418547 	-1.34022069313421 	 32.8597737782448 	 357.662482536088 
 11 	 31.485358752059 	-1.40903822004322 	 31.5168717427888 	 357.437599075811 	 31.6791886736308 	-0.82409365920735 	 31.6899057331928 	 358.50985949842 
 12 	 30.2197490623524 	-0.961388810524587 	 30.2350376523091 	 358.177848881777 	 30.4459643326994 	-0.284020083283125 	 30.4472890674311 	 359.465522593906 
 13 	 28.8803619031884 	-0.497587501561733 	 28.8846481193877 	 359.01293330857 	 29.140241250246 	 0.273994306995976 	 29.1415293525032 	 0.538713961044649 
 14 	 27.4754028921976 	-2.25180506869446E-02 	 27.4754121197696 	 359.953042036056 	 27.7698802010249 	 0.843773530426858 	 27.7826960561772 	 1.74036735148032 
 15 	 26.0134070190209 	 0.458844740204284 	 26.0174534348167 	 1.01052280708283 	 26.3430589043221 	 1.41904493273652 	 26.3812516942943 	 3.08342246809998 
 16 	 24.5031726279393 	 0.94149178184078 	 24.5212535489087 	 2.2004082251563 	 24.8682091622663 	 1.99351339516639 	 24.9479843393195 	 4.58320815844838 
 17 	 22.9536937850907 	 1.42043649430291 	 22.9976020100805 	 3.54110183253187 	 23.3539524916798 	 2.56093521425582 	 23.4939457340663 	 6.25790655856889 
 18 	 21.3740916221442 	 1.8907709507165 	 21.457558282803 	 5.05527607493611 	 21.8090348158578 	 3.11519070938196 	 22.0303974715645 	 8.12910934108955 
 19 	 19.7735452542232 	 2.34772068828284 	 19.9124303978948 	 6.77105187014697 	 20.2422607873772 	 3.65035464121141 	 20.568767848143 	 10.2224726299678 
 20 	 18.1612228701427 	 2.78669752893465 	 18.3737774901289 	 8.72354975462509 	 18.6624283122407 	 4.16076356341112 	 19.1206219548459 	 12.5684652702359 
 21 	 16.5462135876593 	 3.20334978223317 	 16.8534457579385 	 10.956922489044 	 17.0782638394085 	 4.64107928101736 	 17.6976470939257 	 15.2031794957185 
 22 	 14.9374606555217 	 3.5936092413609 	 15.3636505497507 	 13.5269874869183 	 15.4983589681482 	 5.08634765085876 	 16.311654211973 	 18.1691225221483 
 23 	 13.3436965677731 	 3.95373442862499 	 13.9171208956772 	 16.5045451550998 	 13.9311089088055 	 5.49205203130699 	 14.9745928473392 	 21.5158144077281 
 24 	 11.7733806341921 	 4.28034959907417 	 12.5273255025909 	 19.9793252113407 	 12.3846533107623 	 5.85416076918118 	 13.6985705801443 	 25.2998561878405 
 25 	 10.2346395242 	 4.57047906887431 	 11.2087967734871 	 24.0640875421287 	 10.8668199447667 	 6.16916819954369 	 12.4958557924714 	 29.5838745612901 
 26 	 8.73521127030103 	 4.821576498135 	 9.97755059441755 	 28.8973898603539 	 9.38507169578922 	 6.43412872798573 	 11.3788216974955 	 34.4333872134468 
 27 	 7.28239318148723 	 5.03154882502609 	 8.85153851194204 	 34.6413584942702 	 7.94645728743936 	 6.64668366333761 	 10.3597580638535 	 39.9102425917663 
 28 	 5.88299407741141 	 5.19877461831773 	 7.85091566932943 	 41.4668830486274 	 6.55756612013889 	 6.80508057003524 	 9.45043887788628 	 46.0611604222214 
 29 	 4.54329121091904 	 5.32211668793908 	 6.99760109375019 	 49.5138585065606 	 5.22448756312951 	 6.90818501210058 	 8.66130997359556 	 52.9006950092627 
 30 	 3.26899220018388 	 5.4009288667815 	 6.31318799251985 	 58.8149559397621 	 3.95277499543649 	 6.95548466332821 	 8.00019981415101 	 60.3905984385041 
 31 	 2.06520224268425 	 5.43505695077555 	 5.81419851409991 	 69.1943088617669 	 2.74741484359854 	 6.94708585932597 	 7.47062850499692 	 68.4223270302974 
 32 	 0.936396832089073 	 5.42483385726093 	 5.5050578022425 	 80.2065092676863 	 1.61280081480454 	 6.88370276510379 	 7.07011246208515 	 76.8138631552809 
 33 	-0.113599853688762 	 5.3710691328895 	 5.37227033543887 	 91.2116436652704 	 0.552713473562316 	 6.76663942559041 	 6.78917530336431 	 85.3303259868574 
 34 	-1.0816307789384 	 5.27503301083503 	 5.38478397035073 	 101.587721808696 	-0.429694741315403 	 6.59776505452782 	 6.61174268143147 	 93.72625799372 
 35 	-1.96521603126337 	 5.13843528206709 	 5.50141719900668 	 110.929562082148 	-1.33190901426397 	 6.3794829985108 	 6.5170380504157 	 101.792819060611 
 36 	-2.76255695206111 	 4.96339930607929 	 5.68040963179326 	 119.09968569831 	-2.15205617133329 	 6.11469388649565 	 6.48234734414325 	 109.389433282599 
 37 	-3.47253446510624 	 4.75243154201861 	 5.88592398633588 	 126.155070920905 	-2.88890327632874 	 5.80675354003338 	 6.48568799856061 	 116.450688256506 
 38 	-4.09470170498029 	 4.50838703099961 	 6.09033132711628 	 132.247014327559 	-3.54185091113651 	 5.45942627507678 	 6.50769107516001 	 122.973846395113 
 39 	-4.62927109855872 	 4.23443130395194 	 6.27379943669218 	 137.550594216432 	-4.11092129437911 	 5.07683427191406 	 6.53252785015577 	 128.998513802476 
 40 	-5.07709610220161 	 3.93399922618379 	 6.42286966570281 	 142.229605703881 	-4.59674143810767 	 4.66340372520557 	 6.54808110465022 	 134.587544076363 
 41 	-5.43964784423028 	 3.61075131959196 	 6.52895809154678 	 146.424428561499 	-5.00052158519691 	 4.22380851101839 	 6.54566837395324 	 139.813103011018 
 42 	-5.71898696626995 	 3.26852812585503 	 6.58711530412752 	 150.251073987628 	-5.32402921006903 	 3.76291212210379 	 6.51957012910697 	 144.748131989413 
 43 	-5.9177309976928 	 2.91130318886062 	 6.59509108493008 	 153.804532497176 	-5.56955890197323 	 3.28570862654063 	 6.4665189662656 	 149.461922025627 
 44 	-6.03901763434015 	 2.54313524199273 	 6.55265372554789 	 157.163195075819 	-5.73989848296948 	 2.7972633985201 	 6.38522647331287 	 154.018324953701 
 45 	-6.08646432560922 	 2.16812018579575 	 6.46109844585027 	 160.393085173285 	-5.83829174172893 	 2.30265435386373 	 6.27597542497641 	 158.475451286224 
 46 	-6.06412460257765 	 1.79034343409012 	 6.3228899094937 	 163.551541031756 	-5.86839818903771 	 1.8069143973691 	 6.14027987509696 	 162.886092435623 
 47 	-5.97644160387106 	 1.41383319208745 	 6.14139874454745 	 166.690355492545 	-5.83425026128988 	 1.314975754905 	 5.98060509876292 	 167.298404903451 
 48 	-5.82819927526856 	 1.04251520877375 	 5.92070475135904 	 169.858510864554 	-5.74020841414126 	 0.831616821075976 	 5.80013613416742 	 171.756587040817 
 49 	-5.62447173345087 	 0.680169518213891 	 5.66544904256451 	 173.10468211718 	-5.59091455978123 	 0.361412104079217 	 5.60258371858455 	 176.30138917557 
 50 	-5.37057129373856 	 0.330389650965637 	 5.38072423959767 	 176.479684312142 	-5.39124430792508 	-9.13142060082549E-02 	 5.3920175697 	 180.970354540079 
 51 	-5.07199566611118 	-3.45524196913245E-03 	 5.07199684303408 	 180.039032121562 	-5.14625847264518 	-0.52253057988116 	 5.17271828676019 	 185.79771566582 
 52 	-4.73437482325497 	-0.318254953677489 	 4.74505966059551 	 183.845760881262 	-4.86115430460358 	-0.92853600179125 	 4.94904033927673 	 190.813887860616 
 53 	-4.36341803892826 	-0.611189122859003 	 4.40601510736694 	 187.973610390404 	-4.54121690122652 	-1.3059929996768 	 4.72527974401413 	 196.044524700467 
 54 	-3.96486158467281 	-0.879754171676719 	 4.06129225594475 	 192.510543785953 	-4.19177123602266 	-1.65195559001763 	 4.50554140659449 	 201.509145906008 
 55 	-3.54441755800324 	-1.12178603273585 	 3.71770086595504 	 197.562254296092 	-3.81813523278368 	-1.96389194609665 	 4.29360317586143 	 207.21942888259 
 56 	-3.10772429588314 	-1.33547847335684 	 3.38252170015535 	 203.254587182097 	-3.42557429105153 	-2.23970166977477 	 4.09277690487829 	 213.177376227521 
 57 	-2.66029880380002 	-1.51939688184486 	 3.06361822198192 	 209.732315398676 	-3.01925764625862 	-2.47772761747279 	 3.90577148344326 	 219.373717516719 
 58 	-2.20749160337277 	-1.67248743743223 	 2.76951862375574 	 217.149082954666 	-2.60421692164844 	-2.67676229988692 	 3.73456854068793 	 225.787028767512 
 59 	-1.75444437049525 	-1.79408164226922 	 2.50934333806474 	 225.639971055522 	-2.18530719979596 	-2.83604894118902 	 3.58032696192672 	 232.384081614924 
 60 	-1.30605070189828 	-1.88389624956848 	 2.29234236427877 	 235.267551168292 	-1.76717090962575 	-2.95527734629731 	 3.44333518806484 	 239.121789390109 
 61 	-0.866920311090045 	-1.94202867610889 	 2.12674074691997 	 245.944047280887 	-1.35420479064885 	-3.03457478354283 	 3.32302794630594 	 245.950776133074 
 62 	-0.441346915325435 	-1.96894803915269 	 2.0178066013745 	 257.365779806826 	-0.950530160101693 	-3.07449214408528 	 3.21807543872188 	 252.82013997962 
 63 	-3.32800339909021E-02 	-1.96548200684858 	 1.96576373959537 	 269.029946198095 	-0.559966671177156 	-3.07598568822072 	 3.12653972099634 	 259.682594787594 
 64 	 0.353699123978148 	-1.93279969685744 	 1.96489636838056 	 280.370286805034 	-0.18600971200336 	-3.04039473184114 	 3.04607940447503 	 266.499038667215 
 65 	 0.716397549849456 	-1.87239089977704 	 2.00476261213096 	 290.937405656912 	 0.168188444133861 	-2.96941566341418 	 2.97417496709081 	 273.241783534833 
 66 	 1.05202601262205 	-1.7860419415489 	 2.07284937904451 	 300.499211865277 	 0.499833666198512 	-2.86507271270995 	 2.90834580869961 	 279.896088124289 
 67 	 1.35821027946569 	-1.67580853205917 	 2.15709744781467 	 309.024095354163 	 0.80650113848722 	-2.72968591696427 	 2.84633611712571 	 286.460073240745 
 68 	 1.63299797840158 	-1.54398597531644 	 2.2473484575022 	 316.604880071767 	 1.08614268600703 	-2.56583674818013 	 2.78625629701902 	 292.943394785496 
 69 	 1.87486114596721 	-1.39307713969133 	 2.33575859921099 	 323.386562071477 	 1.33709029636198 	-2.37633187686608 	 2.72667630085333 	 299.3651455444 
 70 	 2.08269454480587 	-1.22575860458944 	 2.41663003450863 	 329.521291176663 	 1.55805591861012 	-2.16416555281005 	 2.66667410560151 	 305.751388961356 
 71 	 2.2558098766883 	-1.04484541252506 	 2.48603703428552 	 335.147383991089 	 1.74812765411074 	-1.93248108268559 	 2.60584601041665 	 312.132579344667 
 72 	 2.39392605501831 	-0.85325486285407 	 2.54144168099125 	 340.382666593763 	 1.90676248693069 	-1.68453187765228 	 2.54428591718636 	 318.540968737243 
 73 	 2.49715573702995 	-0.653969785463698 	 2.5813684849864 	 345.324620182108 	 2.03377573162953 	-1.42364253197405 	 2.48253938244909 	 325.007988880176 
 74 	 2.5659883493155 	-0.450001729616716 	 2.60514831928643 	 350.053091995563 	 2.12932740393418 	-1.15317037642625 	 2.42153610549422 	 331.561550676571 
 75 	 2.60126987072957 	-0.244354495077301 	 2.61272158096302 	 354.633575854925 	 2.1939057447186 	-0.876467928329681 	 2.36250258118373 	 338.223233047579 
 76 	 2.60417966382732 	-3.99884198301108E-02 	 2.60448666635333 	 359.120265139802 	 2.2283081496298 	-0.596846633913042 	 2.30685567691607 	 345.0054395762 
 77 	 2.57620466958872 	 0.160214178585664 	 2.58118172212469 	 3.55864167970699 	 2.23361977549014 	-0.317542268871052 	 2.2560785433979 	 351.90877233725 
 78 	 2.51911130006607 	 0.353482032552256 	 2.54379073224545 	 7.98759927263847 	 2.21119011013895 	-4.16823299834839E-02 	 2.21158294436567 	 358.920066277538 
 79 	 2.43491537962556 	 0.537186074332869 	 2.49346782301161 	 12.4411863185586 	 2.16260780456876 	 0.227744284965159 	 2.17456661790712 	 6.01166188268856 
 80 	 2.32585049753052 	 0.708868384850079 	 2.43147587360083 	 16.9500753019051 	 2.08967407501906 	 0.487915049422906 	 2.14587950157042 	 13.1424581598366 
 81 	 2.19433514267639 	 0.866268651276987 	 2.35913715043655 	 21.5428673386224 	 1.99437498810298 	 0.736198812140911 	 2.12591633987992 	 20.2609999687662 
 82 	 2.04293899531873 	 1.00734787765212 	 2.27779487338174 	 26.247334683034 	 1.87885294408862 	 0.970177852950833 	 2.11455277821736 	 27.3103423312235 
 83 	 1.87434875066204 	 1.13030912905054 	 2.18878550029996 	 31.0916993600915 	 1.74537767219801 	 1.18766685076942 	 2.11113613180768 	 34.2338814001645 
 84 	 1.69133384526909 	 1.23361512780486 	 2.09342218859496 	 36.1060432582217 	 1.59631704732032 	 1.3867286649392 	 2.1145317462099 	 40.9810108883767 
 85 	 1.4967124495166 	 1.31600255940095 	 1.99299043973819 	 41.323942142741 	 1.43410802998912 	 1.56568687106154 	 2.12321483130977 	 47.5115327253558 
 86 	 1.2933180779125 	 1.37649298550674 	 1.88875741952336 	 46.7844072815285 	 1.2612280210049 	 1.72313503153272 	 2.13539000134945 	 53.798185066602 
 87 	 1.08396715418888 	 1.41440030166445 	 1.78199691489879 	 52.5341906035354 	 1.08016690887756 	 1.85794271863642 	 2.14911881867155 	 59.8272254800989 
 88 	 0.871427849912825 	 1.42933471703676 	 1.67403232672797 	 58.6304345840141 	 0.893400072530898 	 1.96925834389885 	 2.16243892737193 	 65.5974695539374 
 89 	 0.658390494166153 	 1.4212032728095 	 1.5663003496944 	 65.1434691068662 	 0.70336258368205 	 2.05650888113354 	 2.17346444698436 	 71.1184004556159 
 90 	 0.447439827915615 	 1.39020695400086 	 1.46043752846793 	 72.1591645471048 	 0.51242483323554 	 2.11939660189741 	 2.18046352087137 	 76.4079472281249 
 91 	 0.241029350331796 	 1.33683448611932 	 1.35838933704563 	 79.7794570336645 	 0.322869784179314 	 2.15789297069171 	 2.18191360289464 	 81.4903772608276 
 92 	 4.14579758444668E-02 	 1.2618529429833 	 1.26253380686488 	 88.1182332535163 	 0.136872030118227 	 2.17222987296465 	 2.17653774918532 	 86.3945639799173 
 93 	-0.149150809510893 	 1.166295324732 	 1.17579366747294 	 97.2876714542953 	-4.35211859834948E-02 	 2.16288837163995 	 2.16332618941406 	 91.1527380939929 
 94 	-0.328867135539278 	 1.05144529531684 	 1.10167635986333 	 107.368444222235 	-0.21640686376161 	 2.13058520738919 	 2.14154739770773 	 95.7997314427946 
 95 	-0.495970154885372 	 0.918819296301452 	 1.04413375282715 	 118.359762980599 	-0.380040945128376 	 2.07625727410667 	 2.11075232754934 	 100.372671860787 
 96 	-0.648960578687915 	 0.770146278385255 	 1.00711226921412 	 130.119025466787 	-0.532850745112843 	 2.00104431399967 	 2.07077479778891 	 104.911070279266 
 97 	-0.786570283624724 	 0.607345313510838 	 0.99376110857945 	 142.32669983879 	-0.673445063778642 	 1.90627008637724 	 2.02173042123437 	 109.457241462748 
 98 	-0.907768966637386 	 0.432501368566898 	 1.0055356436259 	 154.52480028763 	-0.800621955350986 	 1.79342227065111 	 1.96401602749505 	 114.057003495025 
 99 	-1.01176785673426 	 0.247839536442792 	 1.04168067647663 	 166.236027949783 	-0.91337415637971 	 1.66413136732782 	 1.89831123825012 	 118.760595964556 
 100 	-1.09802052558221 	 5.56980314550856E-02 	 1.09943228318428 	 177.096111489261 	-1.01089219967536 	 1.5201488609835 	 1.82558363240744 	 123.623728622694 
 101 	-1.1662208697722 	-0.141499736084633 	 1.17477371966019 	 186.9179876685 	-1.09256526463426 	 1.36332490650913 	 1.7470986400869 	 128.708601048307 
 102 	-1.21629836736014 	-0.341273687154944 	 1.26326934894633 	 195.6732622836 	-1.15797983718718 	 1.19558579446001 	 1.66443464733423 	 134.084589242193 
 103 	-1.24841073924142 	-0.541115883393382 	 1.36063800223053 	 203.43402082243 	-1.20691627375532 	 1.01891144332679 	 1.57950227008311 	 139.828035657824 
 104 	-1.26293417183976 	-0.738519301414288 	 1.46301520189027 	 210.317588099369 	-1.23934338308892 	 0.835313156173268 	 1.49456351155862 	 146.020166087341 
 105 	-1.26045128122845 	-0.931006260866846 	 1.5670067294443 	 216.450661717177 	-1.25541115753217 	 0.646811866582045 	 1.41224033549804 	 152.741609344242 
 106 	-1.2417370199342 	-1.11615620410207 	 1.66964532120765 	 221.951321262437 	-1.25544180096341 	 0.455417084448875 	 1.33549198290898 	 160.061535364829 
 107 	-1.2077427461126 	-1.29163253738014 	 1.76832043261583 	 226.922371274994 	-1.23991921428434 	 0.263106736115705 	 1.26752704607868 	 168.019730015083 
 108 	-1.15957869037179 	-1.45520825840333 	 1.86071325423602 	 231.450507367527 	-1.20947711078716 	 0.071808075882118 	 1.21160690047554 	 176.602270824226 
 109 	-1.09849506813624 	-1.60479011238814 	 1.94474746934875 	 235.60796507125 	-1.16488594294893 	-0.116620172659982 	 1.17070898380053 	 185.717000768313 
 110 	-1.02586209499761 	-1.73844103865639 	 2.01855648492619 	 239.454948726587 	-1.10703882915048 	-0.300404306508821 	 1.1470735445541 	 195.182093566913 
 111 	-0.94314916894288 	-1.85440069157332 	 2.08046443848129 	 243.042087409586 	-1.03693667347999 	-0.47787064551652 	 1.14175217041796 	 204.742539350187 
 112 	-0.851903486664311 	-1.95110384332323 	 2.12897763210925 	 246.4126469647 	-0.955672674172516 	-0.647458948714531 	 1.15434542076043 	 214.11725836791 
 113 	-0.753728361360856 	-2.02719650120827 	 2.16278341431378 	 249.604451045087 	-0.864416416392708 	-0.807734167051321 	 1.18306814070505 	 223.058541717851 
 114 	-0.650261506588735 	-2.08154959859625 	 2.18075417192476 	 252.651561181402 	-0.764397743051354 	-0.957396475488759 	 1.22511710495785 	 231.395680627012 
 115 	-0.543153544897173 	-2.11327014603356 	 2.18195473909316 	 255.585808015408 	-0.656890593239057 	-1.09528954770901 	 1.27717048384566 	 239.047135237847 
 116 	-0.434046991312125 	-2.12170975708521 	 2.16565211517864 	 258.438290562467 	-0.543196991767451 	-1.22040705649601 	 1.33583545222099 	 246.006396168046 
 117 	-0.324555950354931 	-2.10647049186879 	 2.13132693363189 	 261.240989323775 	-0.424631365352919 	-1.3318974019875 	 1.39794938601601 	 252.316840915848 
 118 	-0.216246751381376 	-2.06740798972302 	 2.07868671363762 	 264.028689448513 	-0.302505351300467 	-1.42906668827428 	 1.46073306497137 	 258.048041072985 
 119 	-0.110619730802049 	-2.00463189070837 	 2.00768168345675 	 266.841503808614 	-0.178113253302364 	-1.51137998609992 	 1.52183895119863 	 263.278802140613 
 120 	-9.09235142337714E-03 	-1.91850357340116 	 1.91852511894096 	 269.728460520312 	-0.05271828632684 	-1.57846093555038 	 1.57934104701038 	 268.087115813253 
 121 	 8.70161710238026E-02 	-1.80963126344961 	 1.8117221430655 	 272.752948740295 	 7.24602612832674E-02 	-1.63008975750446 	 1.63169945363299 	 272.545219287218 
 122 	 0.176498585861092 	-1.6788625933583 	 1.68811473490066 	 276.001452024111 	 0.196258835263967 	-1.66619975614297 	 1.67771843817431 	 276.717818672112 
 123 	 0.258271544707219 	-1.52727471872179 	 1.5489584427131 	 279.598262542541 	 0.317580294910299 	-1.68687240691079 	 1.71650684848978 	 280.662033436053 
 124 	 0.331385656844024 	-1.35616211942017 	 1.39606308872921 	 283.731458771359 	 0.435403383401465 	-1.69233113493106 	 1.74744406964415 	 284.428156867055 
 125 	 0.395033586373491 	-1.16702223592056 	 1.23206835585373 	 288.700808417633 	 0.548790924560893 	-1.68293389794387 	 1.77015196628113 	 288.060722174274 
 126 	 0.448556140077813 	-0.961539110619742 	 1.06101841268326 	 295.00896062093 	 0.65689669864036 	-1.65916469536116 	 1.78447212335119 	 291.599609655155 
 127 	 0.491446320262159 	-0.741565221957664 	 0.8896282729974 	 303.533029412139 	 0.758970966744034 	-1.6216241309886 	 1.79044736045629 	 295.08106852596 
 128 	 0.52335134205541 	-0.509101714694715 	 0.730124087492186 	 315.790730064906 	 0.854364630368356 	-1.57101916137583 	 1.78830649695025 	 298.538597611178 
 129 	 0.544072639376698 	-0.266277243165831 	 0.605738068100662 	 333.922186474633 	 0.942532029039613 	-1.50815216464538 	 1.77845145491522 	 302.003660050337 
 130 	 0.553563907763107 	-1.53256554139393E-02 	 0.553776015814904 	 358.414146739195 	 1.02303239500325 	-1.43390946605855 	 1.76144589416718 	 305.506215502794 
 131 	 0.551927255227157 	 0.241437245200223 	 0.602424798985281 	 23.6266827528425 	 1.09552999918924 	-1.34924945655819 	 1.73800462460436 	 309.07504868537 
 132 	 0.539407554018074 	 0.501637618055649 	 0.736614423684675 	 42.9221755047502 	 1.15979303708939 	-1.25519043915005 	 1.70898300969165 	 312.737861070685 
 133 	 0.516385106362254 	 0.762867936331971 	 0.9212063104192 	 55.9059390687456 	 1.21569131659189 	-1.1527983353233 	 1.67536544645074 	 316.521077273418 
 134 	 0.483366755741071 	 1.02271152304795 	 1.13118622690108 	 64.7030574194214 	 1.26319282209802 	-1.04317437985255 	 1.63825177936138 	 320.4493036758 
 135 	 0.440975591835768 	 1.2787670251058 	 1.35266572999128 	 70.9735352131326 	 1.30235924028257 	-0.927442927363711 	 1.59884019660076 	 324.544371247405 
 136 	 0.389939411762054 	 1.52867258178957 	 1.5776224539352 	 75.6899470212508 	 1.3333405425579 	-0.806739488083257 	 1.55840482675761 	 328.823908280791 
 137 	 0.33107811249022 	 1.77012944987979 	 1.80082508476026 	 79.4060235761738 	 1.35636872758336 	-0.682199103331899 	 1.51826603128468 	 333.299436892951 
 138 	 0.26529019928657 	 2.00092485546298 	 2.01843483101314 	 82.447556338155 	 1.37175083396667 	-0.554945163677923 	 1.47975149439957 	 337.974085218579 
 139 	 0.193538602533892 	 2.21895385252493 	 2.22737814263901 	 85.0152396185819 	 1.37986133858954 	-0.426078764343997 	 1.44414695483494 	 342.840161750512 
 140 	 0.116836000337361 	 2.42223998039261 	 2.42505611761609 	 87.2384959982221 	 1.38113405973328 	-0.296668683577117 	 1.41263710795473 	 347.877030012778 
 141 	 3.62298468718265E-02 	 2.60895452589094 	 2.60920607081372 	 89.2044001232738 	 1.37605368637469 	-0.16774206035643 	 1.38623993110789 	 353.049888419665 
 142 	-4.72126935192467E-02 	 2.77743421154974 	 2.77783545911493 	 90.9738583771197 	 1.36514705568166 	-4.02758381390097E-02 	 1.36574105407069 	 358.310096819259 
 143 	-0.132419708870425 	 2.92619714816606 	 2.92919182185676 	 92.5910481554113 	 1.34897429989035 	 8.48109685621613E-02 	 1.35163773332691 	 3.59749121210682 
 144 	-0.218329205991646 	 3.05395690831824 	 3.06175120479337 	 94.089152591771 	 1.32811998143857 	 0.20666413800618 	 1.34410295403077 	 8.84466599944377 
 145 	-0.303903295039761 	 3.15963459685353 	 3.17421612344998 	 95.4939825283959 	 1.30318433152506 	 0.324500198754375 	 1.34297795250855 	 13.9826075751645 
 146 	-0.388141715901445 	 3.24236881473654 	 3.26551826245069 	 96.8263536622134 	 1.27477470223835 	 0.437611454187458 	 1.34779609967641 	 18.9465942738394 
 147 	-0.470094541392948 	 3.30152343375165 	 3.33482321292429 	 98.1037110778206 	 1.24349733614362 	 0.545370057124003 	 1.35783435079678 	 23.6811791749403 
 148 	-0.54887390554186 	 3.33669312119654 	 3.3815356791294 	 99.3412917209791 	 1.2099495498332 	 0.647231127241759 	 1.37218294888554 	 28.1433983683511 
 149 	-0.623664620183598 	 3.34770657568185 	 3.40530422654603 	 100.553004072673 	 1.17471241955132 	 0.742734913272421 	 1.38982172239532 	 32.3039218898845 
 150 	-0.693733559577885 	 3.33462745725996 	 3.40602503373018 	 101.752141860958 	 1.13834404771931 	 0.831508010821856 	 1.40969242852436 	 36.146411371819 
 151 	-0.758437710510568 	 3.297753017143 	 3.38384437035752 	 102.9520139767 	 1.1013734791463 	 0.913263655100903 	 1.43075995341465 	 39.6656694759423 
 152 	-0.817230804161657 	 3.23761045403685 	 3.33915972055238 	 104.166554966352 	 1.064295325049 	 0.987801115782029 	 1.452059083943 	 42.8652235962906 
 153 	-0.869668465650593 	 3.15495104542401 	 3.27261964474473 	 105.410974134129 	 1.02756514186703 	 1.05500422857907 	 1.47272673741598 	 45.7548622011418 
 154 	-0.915411837364556 	 3.05074212278492 	 3.18512265567927 	 106.702504143684 	 0.991595600391507 	 1.11483910494212 	 1.49202146922353 	 48.3484502067041 
 155 	-0.954229652682021 	 2.92615697958016 	 3.0778156051335 	 108.06132197716 	 0.956753469072026 	 1.16735106743673 	 1.50933287091583 	 50.6621731016936 
 156 	-0.985998757266461 	 2.78256281965435 	 2.95209237569792 	 109.511737956444 	 0.923357423677615 	 1.21266086391202 	 1.52418348722337 	 52.713234825798 
 157 	-1.01070309547042 	 2.62150687141129 	 2.80959410307789 	 111.083785998481 	 0.891676683904599 	 1.25096021844056 	 1.53622549670937 	 54.5189641560406 
 158 	-1.02843119930926 	 2.44470080950248 	 2.6522128081462 	 112.815406374478 	 0.861930466190227 	 1.28250678122233 	 1.54523388923106 	 56.0962553373658 
 159 	-1.03937223669483 	 2.25400364073651 	 2.48210133936257 	 114.755499181799 	 0.834288231041029 	 1.30761854318421 	 1.55109738795885 	 57.4612649306782 
 160 	-1.0438106939307 	 2.051403224335 	 2.3016941485732 	 116.968250715586 	 0.808870692748192 	 1.32666778387594 	 1.55380796958995 	 58.6292955895908 
 161 	-1.04211978464347 	 1.83899660842946 	 2.11374600445758 	 119.539294166044 	 0.785751549560369 	 1.34007462347164 	 1.5534495466893 	 59.6148104839025 
 162 	-1.03475369315617 	 1.61896937472324 	 1.92139976105757 	 122.584414024725 	 0.764959883328784 	 1.34830025124523 	 1.55018617933793 	 60.43153487841 
 163 	-1.02223877461339 	 1.39357419145988 	 1.72830007215939 	 126.261439892452 	 0.746483169432115 	 1.35183990381476 	 1.54425005999395 	 61.0926119577875 
 164 	-1.00516384677785 	 1.16510878118836 	 1.53877640704278 	 130.785030879771 	 0.730270830519156 	 1.35121566676597 	 1.5359294463031 	 61.6107878031397 
 165 	-0.984169719190164 	 0.93589351425508 	 1.35811881151671 	 136.440285975595 	 0.716238261353792 	 1.34696917299201 	 1.52555668528504 	 61.9986056439259 
 166 	-0.959938114196027 	 0.708248841457802 	 1.19293654672516 	 143.579842505661 	 0.70427124687346 	 1.33965427025181 	 1.51349646612624 	 62.2685926298511 
 167 	-0.933180141100683 	 0.48447277986103 	 1.05144617083851 	 152.563321871281 	 0.694230691530586 	 1.32982972908196 	 1.50013444777901 	 62.4334240216246 
 168 	-0.90462448933866 	 0.266818664403224 	 0.943153045048974 	 163.56659540507 	 0.68595757511261 	 1.31805206032663 	 1.48586642353398 	 62.5060505618679 
 169 	-0.875005509001112 	 5.74733746485452E-02 	 0.876891002106754 	 176.242014095177 	 0.679278048553317 	 1.30486850920902 	 1.4710882004733 	 62.4997755345299 
 170 	-0.845051347325978 	-0.141463759109963 	 0.856810232641378 	 189.50334134751 	 0.674008582763367 	 1.2908102900884 	 1.45618638045986 	 62.428269292267 
 171 	-0.815472307834787 	-0.328001173148255 	 0.87896521798762 	 201.911092740077 	 0.669961084215364 	 1.27638612286203 	 1.44153022479509 	 62.3055113694988 
 172 	-0.786949594729684 	-0.500274222464654 	 0.93250413527653 	 212.444657782587 	 0.666947892896868 	 1.26207612841415 	 1.42746476164997 	 62.1456540697434 
 173 	-0.760124599005194 	-0.656563089604463 	 1.00442246920495 	 220.819048992743 	 0.664786581259241 	 1.24832613661864 	 1.4143052506399 	 61.9628067172119 
 174 	-0.735588874567518 	-0.795309283895131 	 1.08333182794437 	 227.233978308559 	 0.663304476892342 	 1.23554245619967 	 1.40233305250121 	 61.7707463551621 
 175 	-0.7138749425999 	-0.915130578206529 	 1.16063836264386 	 232.042924034005 	 0.662342836783951 	 1.22408715127848 	 1.39179286798146 	 61.5825679652484 
 176 	-0.695448050597994 	-1.014834245059 	 1.23025872727042 	 235.577845097908 	 0.661760607105287 	 1.21427386471636 	 1.38289121757627 	 61.4102943923151 
 177 	-0.680698999078942 	-1.09342846980895 	 1.28799726161813 	 238.096234027073 	 0.661437709415584 	 1.20636422343396 	 1.3757959452689 	 61.2644720629732 
 178 	-0.669938134114187 	-1.15013183560981 	 1.33102229238416 	 239.779708179616 	 0.661277801905158 	 1.20056485577574 	 1.37063645953854 	 61.1537823123585 
 179 	-0.663390587739816 	-1.18438079272427 	 1.35751424820366 	 240.746115931947 	 0.661210472694441 	 1.19702504572612 	 1.36750438730427 	 61.0846989623045 
 180 	-0.661192831164372 	-1.19583504339703 	 1.36645432086094 	 241.061220404007 	 0.661192831164372 	 1.19583504339703 	 1.36645432086094 	 61.0612204040067 
******************************************

