MiePlot v4.6.18

Date & Time: 4/28/2021 03:35:37 

Calculation Method:         Mie (plane wave)

Graph type: Intensity v. scattering angle

Radius = 0.7 umWavelength = 0.6 umSize parameter x = 7.330383

Point

Wavelength = 0.60 um

Angle	Perpendicular	Parallel	Unpolarised
theta	[S1(theta)]^2	[S2(theta)]^2	[[S1(theta)]^2 + [S2(theta)]^2]/2
 0 	 2549.88615513381 	 2549.88615513381 	 2549.88615513381 
 1 	 2537.03639951644 	 2537.78702607995 	 2537.4117127982 
 2 	 2498.81389552123 	 2501.79245105511 	 2500.30317328817 
 3 	 2436.18744967596 	 2442.80004548865 	 2439.4937475823 
 4 	 2350.7339470155 	 2362.27023836269 	 2356.50209268909 
 5 	 2244.5833230562 	 2262.17450956061 	 2253.37891630841 
 6 	 2120.3447657197 	 2144.9261028421 	 2132.6354342809 
 7 	 1981.0172051425 	 2013.2962034223 	 1997.1567042824 
 8 	 1829.88777181785 	 1870.319161255 	 1850.10346653643 
 9 	 1670.42235548913 	 1719.19075704959 	 1694.80655626936 
 10 	 1506.15265936408 	 1563.16372956226 	 1534.65819446317 
 11 	 1340.56420680202 	 1405.44480210774 	 1373.00450445488 
 12 	 1176.98962082122 	 1249.09726665055 	 1213.04344373588 
 13 	 1018.51117054179 	 1096.95281879846 	 1057.73199467013 
 14 	 867.876082099674 	 951.535809543781 	 909.705945821727 
 15 	 727.42747170215 	 815.002420658989 	 771.214946180569 
 16 	 599.05300885636 	 689.096517282058 	 644.074763069209 
 17 	 484.152596498039 	 575.12312428217 	 529.637860390105 
 18 	 383.625502435982 	 473.939654791187 	 428.782578613585 
 19 	 297.876534272169 	 385.964231193792 	 341.92038273298 
 20 	 226.840057123092 	 311.199719072827 	 269.01988809796 
 21 	 170.019945757366 	 249.271476105684 	 209.645710931525 
 22 	 126.542970506843 	 199.476326904639 	 163.009648705741 
 23 	 95.222663081021 	 160.839929534969 	 128.031296307995 
 24 	 74.630410067412 	 132.179509570974 	 103.404959819193 
 25 	 63.1703860206858 	 112.168903975522 	 87.669644998104 
 26 	 59.1549638747319 	 99.4029723867917 	 79.2789681307618 
 27 	 60.8774192189233 	 92.4586826487244 	 76.6680509338238 
 28 	 66.6790608204843 	 89.9505394590357 	 78.31480013976 
 29 	 75.00835062172 	 90.5784739405341 	 82.7934122811271 
 30 	 84.4700955799414 	 93.1668188783227 	 88.8184572291321 
 31 	 93.8633713346208 	 96.6935292107385 	 95.2784502726796 
 32 	 102.207442545627 	 100.309340567123 	 101.258391556375 
 33 	 108.755545871794 	 103.347062823096 	 106.051304347445 
 34 	 112.996969818668 	 105.321656951113 	 109.159313384891 
 35 	 114.64837520246 	 105.922122668613 	 110.285248935537 
 36 	 113.635729303603 	 104.99651768948 	 109.316123496541 
 37 	 110.068559766826 	 102.531628680291 	 106.300094223558 
 38 	 104.208460640956 	 98.6289169929813 	 101.418688816968 
 39 	 96.4338983898681 	 93.4783720209531 	 94.9561352054106 
 40 	 87.2033719225698 	 87.3318295732316 	 87.2676007479007 
 41 	 77.0188848535676 	 80.4771639375981 	 78.7480243955829 
 42 	 66.3915022714708 	 73.2145552438248 	 69.8030287576478 
 43 	 55.8105040912847 	 65.8357851532852 	 60.823144622285 
 44 	 45.7173312200202 	 58.6072413586846 	 52.1622862893524 
 45 	 36.4851695434528 	 51.7570321322644 	 44.1211008378586 
 46 	 28.4046508777114 	 45.4663421974353 	 36.9354965375734 
 47 	 21.6757895943313 	 39.8649144336187 	 30.770352013975 
 48 	 16.4059370081058 	 35.0303295996081 	 25.718133303857 
 49 	 12.6132386474464 	 30.9905865526576 	 21.801912600052 
 50 	 10.2348348128632 	 27.7293632814706 	 18.9820990471669 
 51 	 9.13886129064065 	 25.1932661822789 	 17.1660637364598 
 52 	 9.13918973092819 	 23.3003501149262 	 16.2197699229272 
 53 	 10.0117971105421 	 21.9492109855488 	 15.9805040480454 
 54 	 11.5116682627583 	 21.0280098889819 	 16.2698390758701 
 55 	 13.3892087432787 	 20.4228756201868 	 16.9060421817328 
 56 	 15.4052686315844 	 20.0252420841564 	 17.7152553578704 
 57 	 17.3440404684045 	 19.7377998932336 	 18.5409201808191 
 58 	 19.0232842774303 	 19.4788685354074 	 19.2510764064189 
 59 	 20.30153679423 	 19.1851189135364 	 19.7433278538832 
 60 	 21.0821680589409 	 18.8126888695831 	 19.947428464262 
 61 	 21.3143446878456 	 18.3368309779083 	 19.825587832877 
 62 	 20.9911351161342 	 17.7503084378718 	 19.370721777003 
 63 	 20.1451394957657 	 17.0608089699787 	 18.6029742328722 
 64 	 18.8421395732148 	 16.2876774694049 	 17.5649085213098 
 65 	 17.1733380259631 	 15.4582765143598 	 16.3158072701615 
 66 	 15.2467911387489 	 14.6042716542532 	 14.9255313965011 
 67 	 13.1786344572239 	 13.7581087222096 	 13.4683715897167 
 68 	 11.0846614196086 	 12.9499069682685 	 12.0172841939385 
 69 	 9.07274500107692 	 12.2049387667032 	 10.6388418838901 
 70 	 7.23649857544295 	 11.5418083263244 	 9.38915345088365 
 71 	 5.65046190202448 	 10.9713824091764 	 8.31092215560042 
 72 	 4.36697922335769 	 10.4964693588538 	 7.43172429110577 
 73 	 3.41481671160228 	 10.1121920198003 	 6.76350436570127 
 74 	 2.79945323464008 	 9.8069579685122 	 6.30320560157614 
 75 	 2.50487804458305 	 9.56389867908132 	 6.03438836183218 
 76 	 2.4966467296126 	 9.36262880939177 	 5.92963776950219 
 77 	 2.7258863819341 	 9.18116793862036 	 5.95352716027723 
 78 	 3.1339046128495 	 8.99786930988404 	 6.06588696136677 
 79 	 3.65704537487684 	 8.79321231045313 	 6.22512884266499 
 80 	 4.231446568876 	 8.55133593415875 	 6.39139125151737 
 81 	 4.79738776369446 	 8.26121733658258 	 6.52930255013852 
 82 	 5.30296750760828 	 7.91743062242526 	 6.61019906501677 
 83 	 5.70691424543434 	 7.5204539395645 	 6.61368409249942 
 84 	 5.98040778299862 	 7.07652560940387 	 6.52846669620124 
 85 	 6.1078643390522 	 6.59708040189492 	 6.35247237047356 
 86 	 6.08671237226597 	 6.0978234587232 	 6.09226791549459 
 87 	 5.92625385866069 	 5.59752043563098 	 5.76188714714583 
 88 	 5.64576249755001 	 5.1165972425025 	 5.38117987002626 
 89 	 5.27201331710804 	 4.67565080908235 	 4.97383206309519 
 90 	 4.83646526154611 	 4.29397352658058 	 4.56521939406334 
 91 	 4.37232863063876 	 3.98818874599358 	 4.18025868831617 
 92 	 3.91174290854868 	 3.77108364478235 	 3.84141327666551 
 93 	 3.48326883788675 	 3.65070989115417 	 3.56698936452046 
 94 	 3.10986378979275 	 3.62980304660753 	 3.36983341820014 
 95 	 2.80746454039125 	 3.70554989912679 	 3.25650721975902 
 96 	 2.58425001993446 	 3.86971031415686 	 3.22698016704566 
 97 	 2.44060227894639 	 4.10907810597002 	 3.2748401924582 
 98 	 2.36973067683928 	 4.40624514593045 	 3.38798791138487 
 99 	 2.35887578736538 	 4.7406155486166 	 3.54974566799099 
 100 	 2.39096892990068 	 5.08960320529614 	 3.74028606759841 
 101 	 2.44659313288948 	 5.42993680307762 	 3.93826496798355 
 102 	 2.50607348389833 	 5.73899213306009 	 4.12253280847921 
 103 	 2.55152010565622 	 5.99607202054362 	 4.27379606309992 
 104 	 2.56865538899456 	 6.18355939483482 	 4.37610739191469 
 105 	 2.54827769088949 	 6.28787839003345 	 4.41807804046147 
 106 	 2.48724473963863 	 6.30021124670528 	 4.39372799317196 
 107 	 2.3888990745833 	 6.2169343098019 	 4.3029166921926 
 108 	 2.2629020773829 	 6.03975361371564 	 4.15132784554927 
 109 	 2.12448931850495 	 5.77553837333902 	 3.95001384592199 
 110 	 1.99320475756109 	 5.43586812166841 	 3.71453643961475 
 111 	 1.89121164885902 	 5.03632526764287 	 3.46376845825094 
 112 	 1.84131100913267 	 4.59557861964032 	 3.21844481438649 
 113 	 1.86482192553315 	 4.13431421193498 	 2.99956806873406 
 114 	 1.97949021420653 	 3.67407705485616 	 2.82678363453135 
 115 	 2.19759215153963 	 3.23609088952338 	 2.7168415205315 
 116 	 2.52438818119917 	 2.84012257522773 	 2.68225537821345 
 117 	 2.95705845635138 	 2.50345350607215 	 2.73025598121177 
 118 	 3.48421937180696 	 2.24001278791135 	 2.86211607985915 
 119 	 4.08608009013985 	 2.05971633671287 	 3.07289821342636 
 120 	 4.73525318634975 	 1.96804326545084 	 3.3516482259003 
 121 	 5.39818696675191 	 1.96586669696288 	 3.6820268318574 
 122 	 6.03714192054962 	 2.04954132405088 	 4.04334162230025 
 123 	 6.61259321214858 	 2.21123549575995 	 4.41191435395427 
 124 	 7.08590790649836 	 2.43948216238965 	 4.762695034444 
 125 	 7.42212205639772 	 2.71991139952414 	 5.07101672796093 
 126 	 7.59263056549655 	 3.03611806724585 	 5.3143743163712 
 127 	 7.57760283523714 	 3.37061190251759 	 5.47410736887737 
 128 	 7.36794977071324 	 3.70579426956231 	 5.53687202013777 
 129 	 6.96669210906982 	 4.02490599357983 	 5.49579905132483 
 130 	 6.38961481972563 	 4.31289407499992 	 5.35125444736277 
 131 	 5.66513539669146 	 4.55715134193249 	 5.11114336931198 
 132 	 4.83336255289253 	 4.74809180508789 	 4.79072717899021 
 133 	 3.9443730804711 	 4.87953505960645 	 4.41195407003877 
 134 	 3.05578521038845 	 4.94888486570556 	 4.002335038047 
 135 	 2.22975345079758 	 4.95709931607428 	 3.59342638343593 
 136 	 1.52954958451584 	 4.90846203461524 	 3.21900580956554 
 137 	 1.01592464859077 	 4.8101749543095 	 2.91304980145013 
 138 	 0.743465267548775 	 4.67180277128378 	 2.70763401941628 
 139 	 0.757163339819705 	 4.50460665572338 	 2.63088499777154 
 140 	 1.08941025494681 	 4.32080984230196 	 2.70511004862439 
 141 	 1.75760585459841 	 4.13284010242143 	 2.94522297850992 
 142 	 2.76253937286935 	 3.95259376103507 	 3.35756656695221 
 143 	 4.08765648839729 	 3.79076296874877 	 3.93920972857303 
 144 	 5.69927592514223 	 3.6562626345836 	 4.67776927986291 
 145 	 7.54776377500793 	 3.55578615877454 	 5.55177496689123 
 146 	 9.56961721605039 	 3.49351037691297 	 6.53156379648168 
 147 	 11.6903550001297 	 3.47096050844032 	 7.58065775428503 
 148 	 13.8280633101942 	 3.48703600238806 	 8.65754965629115 
 149 	 15.8974053520889 	 3.53818859837087 	 9.7177969752299 
 150 	 17.8138738591279 	 3.61873523982068 	 10.7163045494743 
 151 	 19.4980494009978 	 3.72128118574962 	 11.6096652933737 
 152 	 20.8796250771497 	 3.83722316264465 	 12.3584241198972 
 153 	 21.9009700682654 	 3.95729895267518 	 12.9291345104703 
 154 	 22.5200299835866 	 4.07214856545425 	 13.2960892745204 
 155 	 22.7123995143534 	 4.17285308449508 	 13.4426262994242 
 156 	 22.4724503795191 	 4.25142027583663 	 13.3619353276779 
 157 	 21.8134521142453 	 4.30119083043989 	 13.0573214723426 
 158 	 20.7666816490471 	 4.31714531509363 	 12.5419134820704 
 159 	 19.3795763594399 	 4.29609908195198 	 11.8378377206959 
 160 	 17.7130408039154 	 4.23678004024044 	 10.9749104220779 
 161 	 15.8380663683434 	 4.13979181628863 	 9.988929092316 
 162 	 13.8318625430295 	 4.00747192949114 	 8.91966723626032 
 163 	 11.7737261904295 	 3.84366075124368 	 7.80869347083657 
 164 	 9.7408892493365 	 3.65340182735981 	 6.69714553834816 
 165 	 7.80458501711806 	 3.44259736649663 	 5.62359119180735 
 166 	 6.02655847956098 	 3.21764417565844 	 4.62210132760971 
 167 	 4.45621801444604 	 2.98507502743035 	 3.72064652093819 
 168 	 3.12858589485228 	 2.751228460442 	 2.93990717764714 
 169 	 2.06315579078451 	 2.52196654389094 	 2.29256116733773 
 170 	 1.26370990953725 	 2.30245547309343 	 1.78308269131534 
 171 	 0.719089907508199 	 2.09701837353448 	 1.40805414052134 
 172 	 0.404857808946089 	 1.90906379016324 	 1.15696079955466 
 173 	 0.285729401951497 	 1.7410874589016 	 1.01340843042655 
 174 	 0.318616217217859 	 1.59473951863648 	 0.956677867927172 
 175 	 0.456076045902215 	 1.47094470386914 	 0.963510374885679 
 176 	 0.649948210169185 	 1.37005957414995 	 1.01000389215957 
 177 	 0.854939895149445 	 1.29204871317184 	 1.07349430416064 
 178 	 1.03193436982204 	 1.2366611934021 	 1.13429778161207 
 179 	 1.15081057011547 	 1.20358946813396 	 1.17720001912472 
 180 	 1.19259512981396 	 1.19259512981396 	 1.19259512981396 

Real and imaginary values of S1 (perpendicular polarisation) and S2 (parallel polarisation) 

Angle	S1 Real	S1 Imaginary	S1 Magnitude	S1 Phase	S2 Real	S2 Imaginary	S2 Magnitude	S2 Phase
 0 	 50.1782155619373 	 5.65975601537376 	 50.4963974470834 	 6.43536916746735 	 50.1782155619373 	 5.65975601537376 	 50.4963974470834 	 6.43536916746735 
 1 	 50.0479030643299 	 5.67836229734244 	 50.3690023676908 	 6.47301516092248 	 50.0540408907129 	 5.6903441539853 	 50.3764530914985 	 6.48576888896196 
 2 	 49.6582107434184 	 5.73375978599352 	 49.9881375480346 	 6.58646074513431 	 49.6826643022289 	 5.78146338630128 	 50.0179212988216 	 6.63753179793767 
 3 	 49.0128596374851 	 5.82469225213975 	 49.35774964153 	 6.77724945306153 	 49.0675150155283 	 5.93119007363259 	 49.4246906463627 	 6.89236787446542 
 4 	 48.1180034049644 	 5.94909197569943 	 48.4843680686414 	 7.04802446297477 	 48.2142650402457 	 6.13635763231184 	 48.603191647902 	 7.25319066851087 
 5 	 46.9821568652962 	 6.10411822795898 	 47.3770337089207 	 7.40264014448941 	 47.130764723263 	 6.39261497049822 	 47.5623223734986 	 7.7242165935922 
 6 	 45.6160972448172 	 6.28621013577221 	 46.0472014971562 	 7.84633011872947 	 45.8269536654608 	 6.69450674701365 	 46.3133469190265 	 8.31111209963901 
 7 	 44.0327393952272 	 6.49115294031062 	 44.5086194477261 	 8.38594541012331 	 44.3147481410155 	 7.03557393683457 	 44.8697693711736 	 9.02119766818643 
 8 	 42.2469865844413 	 6.71415641401742 	 42.7771875164538 	 9.03028285349727 	 42.6079064484325 	 7.40847280730813 	 43.2471867438219 	 9.86372130788885 
 9 	 40.2755587700785 	 6.94994397438432 	 40.8708007688757 	 9.79053313312149 	 40.7218738996819 	 7.8051100663602 	 41.4631252687203 	 10.850218949766 
 10 	 38.1368005502539 	 7.19285083636773 	 38.8091826680759 	 10.6808910570927 	 38.6736094076382 	 8.21679164563021 	 39.5368654493785 	 11.9949851522327 
 11 	 35.8504712408723 	 7.43692938042392 	 36.6137161020569 	 11.7193900009825 	 36.4813958591082 	 8.63438233336802 	 37.4892624908485 	 13.3156851035444 
 12 	 33.4375197498799 	 7.67605978335316 	 34.3072823292843 	 12.929051041846 	 34.164636658013 	 9.04847327876395 	 35.3425701760716 	 14.8341481561725 
 13 	 30.91984710395 	 7.90406386678063 	 31.9141218043328 	 14.3394798307532 	 31.7436409881721 	 9.44955425469911 	 33.1202780604037 	 16.5773935988103 
 14 	 28.3200596294523 	 8.11482006479122 	 29.4597366264479 	 15.9891073736586 	 29.2394004754818 	 9.8281874920137 	 30.8469740743526 	 18.5789492160575 
 15 	 25.6612158953871 	 8.30237739882287 	 26.9708633844404 	 17.9283630435307 	 26.6733600234269 	 10.1751798863529 	 28.548247243202 	 20.8805272438037 
 16 	 22.9665705899545 	 8.46106637445882 	 24.4755594186601 	 20.2241966332242 	 24.0671856527166 	 10.4817504282314 	 26.250647940233 	 23.534108061717 
 17 	 20.2593185238539 	 8.58560478050727 	 22.0034678289137 	 22.9665249574327 	 21.4425321947704 	 10.7396898166755 	 23.9817247978991 	 26.6044210989642 
 18 	 17.5623419321463 	 8.67119647421037 	 19.5863601119754 	 26.2773062469631 	 18.8208136697669 	 10.9415093839518 	 21.7701551393459 	 30.1716448912108 
 19 	 14.8979641830444 	 8.71362137534652 	 17.2591000423594 	 30.3227981914064 	 16.2229791234785 	 11.0805766796215 	 19.6459723911491 	 34.3337550667092 
 20 	 12.2877128973807 	 8.70931506346143 	 15.0612103472162 	 35.3283443845658 	 13.669296604167 	 11.1512353315736 	 17.6408536945587 	 39.2071205782075 
 21 	 9.75209533838698 	 8.65543657295094 	 13.0391696728498 	 41.5905404015419 	 11.1791478329185 	 11.1489071139479 	 15.7883335442878 	 44.9223996666461 
 22 	 7.3103887499774 	 8.54992320614907 	 11.24913198904 	 49.4687661596222 	 8.7708359599748 	 11.0701745003343 	 14.1236088484721 	 51.6104159223821 
 23 	 4.98044810566371 	 8.39153143042507 	 9.75821003468469 	 59.3104943611534 	 6.46140860830605 	 10.9128423580421 	 12.6822683118979 	 59.3705565951599 
 24 	 2.77853348270903 	 8.17986318668453 	 8.63888940011458 	 71.2384185195298 	 4.26649818676244 	 10.6759778378061 	 11.4969347902375 	 68.2166036866344 
 25 	 0.719159000742735 	 7.91537720846812 	 7.94797999624344 	 84.8085917262053 	 2.20018121185974 	 10.3599279249666 	 10.590982200699 	 78.0099982849371 
 26 	-1.18503503522292 	 7.59938522776851 	 7.69122642201697 	 98.863223537658 	 0.274858113171549 	 9.96631453469212 	 9.97010393059128 	 88.4202566558796 
 27 	-2.92338546633563 	 7.23403322042005 	 7.80239829917207 	 112.00440060603 	-1.49884528376508 	 9.4980074470417 	 9.61554380410824 	 98.9676819842627 
 28 	-4.48728409896017 	 6.82226811520212 	 8.1657247578206 	 123.334551354671 	-3.11215369713628 	 8.95907577959003 	 9.48422582286165 	 109.15591883372 
 29 	-5.87022936857821 	 6.3677906515527 	 8.66073614779483 	 132.671807273301 	-4.55819515401642 	 8.35471907836735 	 9.51727240024862 	 118.616144616486 
 30 	-7.06785155578404 	 5.8749953161975 	 9.19076142547186 	 140.265696014145 	-5.83203029117977 	 7.69117946488601 	 9.65229604178833 	 127.172138394517 
 31 	-8.07791161223304 	 5.3488985146076 	 9.6883110671892 	 146.488926490432 	-6.93065820922435 	 6.97563660160488 	 9.83328679591613 	 134.814683702503 
 32 	-8.90027400083093 	 4.79505633499332 	 10.1097696583862 	 151.686264847627 	-7.8529992011369 	 6.21608752464652 	 10.015455085373 	 141.63641763372 
 33 	-9.53685429195607 	 4.21947343702898 	 10.4285927081171 	 156.133547015364 	-8.59985497171309 	 5.4212136361333 	 10.1659757437787 	 147.773312033904 
 34 	-9.99154258148756 	 3.62850474176198 	 10.6300032840385 	 160.041124106342 	-9.17384724736628 	 4.60023734530116 	 10.2626340162316 	 153.368466168076 
 35 	-10.2701041025008 	 3.02875171089617 	 10.7073981527942 	 163.56870875422 	-9.5793359430459 	 3.7627709947434 	 10.2918473885213 	 158.555059422054 
 36 	-10.3800586866046 	 2.42695508121748 	 10.6600060648952 	 166.840113301731 	-9.82231830074054 	 2.91866080393347 	 10.2467808451962 	 163.45090327567 
 37 	-10.3305409892934 	 1.82988596239088 	 10.4913564312164 	 169.955183636534 	-9.91031063918275 	 2.07782860582688 	 10.1257902743584 	 168.158697838525 
 38 	-10.1321436230279 	 1.24423721343246 	 10.208254534491 	 172.999072966984 	-9.85221455407864 	 1.25011414414136 	 9.93120924122442 	 172.768576467479 
 39 	-9.79674553913348 	 0.676516985253434 	 9.82007629246678 	 176.049695243446 	-9.6581695800321 	 0.445120640158994 	 9.66842138205369 	 177.361249473858 
 40 	-9.33732816258973 	 0.132946254849579 	 9.33827456881462 	 179.184269364959 	-9.3393944673235 	-0.327933769165137 	 9.34515005621802 	 182.010998126071 
 41 	-8.76778191046339 	-0.380637917342265 	 8.77604038582137 	 182.485835151859 	-8.90801933729005 	-1.06035627223339 	 8.97090652819425 	 186.788199445823 
 42 	-8.10270581371701 	-0.858871799413277 	 8.1480980769423 	 186.050653020509 	-8.37691105816185 	-1.74410904689772 	 8.55655042898859 	 191.761204159078 
 43 	-7.35720301258031 	-1.29694561295526 	 7.47064281647066 	 189.997524291467 	-7.75949422823308 	-2.37192632164297 	 8.11392538499617 	 196.997372214332 
 44 	-6.54667490731134 	-1.69067408982342 	 6.76145925226354 	 194.480218925622 	-7.06957016507308 	-2.93741706943246 	 7.6555366473347 	 202.562958329939 
 45 	-5.68661671927838 	-2.03655587487218 	 6.04029548477993 	 199.70403931154 	-6.3211362784599 	-3.43515185710945 	 7.19423603534554 	 208.521381174029 
 46 	-4.79241715267964 	-2.3318209005868 	 5.3296013807518 	 205.945917969397 	-5.52820815167016 	-3.86073268036559 	 6.74287343774412 	 214.929278656108 
 47 	-3.87916474623616 	-2.57446508344741 	 4.65572653775233 	 213.570829402567 	-4.7046465719454 	-4.21084493501021 	 6.31386683686144 	 221.829802204608 
 48 	-2.96146336869805 	-2.76327192363788 	 4.05042429976241 	 223.017200924892 	-3.86399163806097 	-4.48329100333706 	 5.91864254703797 	 229.243099314859 
 49 	-2.05325914432506 	-2.89782082498072 	 3.55151216349408 	 234.680412991901 	-3.01930593302185 	-4.67700526357162 	 5.5669189461189 	 237.15517152189 
 50 	-1.16768089740106 	-2.97848218640096 	 3.19919283771129 	 248.59288836901 	-2.18302858542602 	-4.79205065464498 	 5.26586776148723 	 245.508264454549 
 51 	-0.316895981476759 	-3.00639954556352 	 3.02305495991069 	 263.982834934727 	-1.3668418567097 	-4.82959724211298 	 5.01928941009372 	 254.197763793893 
 52 	 0.488016887100396 	-2.98345927554459 	 3.02310928200225 	 279.289838292766 	-0.581551686324905 	-4.79188352853644 	 4.82704362057421 	 263.080320351677 
 53 	 1.23717643692772 	-2.91224854269908 	 3.16414239732381 	 293.016672887397 	 0.163016593874914 	-4.68216152814811 	 4.68499850432727 	 271.994034483308 
 54 	 1.92198821620547 	-2.79600242480682 	 3.39288494687903 	 304.50485690368 	 0.858106397758522 	-4.504626876791 	 4.58563080600499 	 280.785307164594 
 55 	 2.53521375082768 	-2.63854126003232 	 3.65912677332703 	 313.855870978217 	 1.49610113896606 	-4.2643354701725 	 4.51916758044962 	 289.332931243067 
 56 	 3.07101899978515 	-2.44419944655567 	 3.92495460248706 	 321.483998642235 	 2.07057811113308 	-3.9671083133503 	 4.47495721590234 	 297.561693794245 
 57 	 3.52500192128236 	-2.21774703773001 	 4.16461768574314 	 327.824041802969 	 2.57634475292137 	-3.61942641965935 	 4.44272437736504 	 305.443650153278 
 58 	 3.89419926033603 	-1.96430557659155 	 4.36156901555281 	 333.232784579727 	 3.00945730288113 	-3.22831771632577 	 4.41348711739452 	 312.990527702299 
 59 	 4.17707295960235 	-1.68925968530269 	 4.50572267169541 	 337.980986262103 	 3.36722209012416 	-2.80123799583618 	 4.38008206698646 	 320.24246770781 
 60 	 4.37347687568297 	-1.39816596897763 	 4.59153221255616 	 342.271332947727 	 3.64817993900248 	-2.34594799649159 	 4.3373596656933 	 327.257112522307 
 61 	 4.48460474930286 	-1.09666080917294 	 4.61674611472687 	 346.258619056083 	 3.85207438634522 	-1.87038870290949 	 4.28215261030107 	 334.100940269028 
 62 	 4.51292062590298 	-0.790368610480986 	 4.58160835473026 	 350.066271053106 	 3.97980461542405 	-1.38255692863668 	 4.21311149127006 	 340.843122397887 
 63 	 4.46207315002734 	-0.484812024985748 	 4.48833371038358 	 353.79903854581 	 4.03336419907877 	-0.890383180191742 	 4.13047321380718 	 347.551355647684 
 64 	 4.33679535943197 	-0.185325615132098 	 4.34075334166948 	 357.553050525913 	 4.0157669130247 	-0.401613707013318 	 4.03579948330004 	 354.28888396272 
 65 	 4.14279178052416 	 0.103025672453864 	 4.14407263763114 	 1.42457552455137 	 3.93096102730052 	 7.63014823202068E-02 	 3.93170147828644 	 1.1119937243662 
 66 	 3.88661477339594 	 0.375521959370327 	 3.90471396375572 	 5.51874704203739 	 3.78373360746711 	 0.536313007465946 	 3.821553565535 	 8.06746320915066 
 67 	 3.57553219064181 	 0.62785668022892 	 3.63023889809251 	 9.95949276871747 	 3.57960645627557 	 0.971867450015604 	 3.7091924622766 	 15.189712984269 
 68 	 3.21738849811165 	 0.856196631520735 	 3.32936351569014 	 14.9019248989797 	 3.32472540020674 	 1.37699236798488 	 3.59859791700441 	 22.4977349379595 
 69 	 2.82046155699612 	 1.05723299541016 	 3.01209976612278 	 20.5482069206516 	 3.02574467305336 	 1.74636993222869 	 3.49355675017642 	 29.9922653870894 
 70 	 2.39331728491009 	 1.22822267899333 	 2.69007408363468 	 27.1663687493908 	 2.68970817046367 	 2.07539834346694 	 3.39732370055083 	 37.6540384381861 
 71 	 1.94466439915688 	 1.36701948657519 	 2.37707002463631 	 35.1056489920667 	 2.32392934536675 	 2.36024041294941 	 3.31230771655901 	 45.444140447101 
 72 	 1.48321139882327 	 1.47209482363006 	 2.08973185441522 	 44.784479242005 	 1.93587148509726 	 2.59785891688544 	 3.23982551364326 	 53.3072721790298 
 73 	 1.01752786493921 	 1.54254781309188 	 1.84792226882038 	 56.5895169709617 	 1.53303005782539 	 2.78603856068148 	 3.17996729854259 	 61.1780153542599 
 74 	 0.555912051239667 	 1.57810488432379 	 1.67315666769137 	 70.5943929379022 	 1.12281873989985 	 2.92339461001109 	 3.13160629206677 	 68.9891931921143 
 75 	 0.106266604103897 	 1.5791090695184 	 1.58268065148439 	 86.1500685238294 	 0.712460638553799 	 3.00936845826377 	 3.09255536394764 	 76.6805981859081 
 76 	-0.324015908590846 	 1.54649940853291 	 1.58007807706221 	 101.833200291397 	 0.308886108006254 	 3.04421060074242 	 3.05984130460908 	 84.2062133768791 
 77 	-0.728156160953333 	 1.48178101863933 	 1.65102585743958 	 116.16978111472 	-0.081361576548932 	 3.02895167219318 	 3.0300442139712 	 91.538669071617 
 78 	-1.10007862627637 	 1.38698652800213 	 1.77028376619386 	 128.419445686346 	-0.452211570895866 	 2.96536237330818 	 2.99964486396041 	 98.6706845511034 
 79 	-1.43448844532454 	 1.26462969880801 	 1.91234028741666 	 138.600943579363 	-0.798140884120305 	 2.85590326158797 	 2.96533510930099 	 105.614113260219 
 80 	-1.72693375151186 	 1.11765217611079 	 2.05704802298731 	 147.089508233828 	-1.11423908598401 	 2.70366551064 	 2.92426673444109 	 112.397619302762 
 81 	-1.97385283603056 	 0.949364390204619 	 2.19029399024297 	 154.313832251315 	-1.39626169122351 	 2.51230384830423 	 2.87423334762204 	 119.063967467848 
 82 	-2.17260577841739 	 0.763381712641605 	 2.30281729792189 	 160.640213895811 	-1.64067179403553 	 2.28596296704069 	 2.81379292458156 	 125.667602044348 
 83 	-2.32149041193522 	 0.563557018168705 	 2.38891486776619 	 166.355023190258 	-1.84466970884975 	 2.02919875931775 	 2.7423446062748 	 132.272816530556 
 84 	-2.41974273483325 	 0.353910836539808 	 2.44548722814056 	 171.678936429017 	-2.00621055507213 	 1.74689576624395 	 2.66017398104031 	 138.952477293592 
 85 	-2.46752211444141 	 0.138560289386299 	 2.47140938313591 	 176.786010108874 	-2.12400990118884 	 1.44418223972832 	 2.56847822686799 	 145.786963257192 
 86 	-2.46588185769771 	-7.83520015269024E-02 	 2.46712633893483 	 181.819928681448 	-2.19753775494537 	 1.12634420774151 	 2.46937713983166 	 152.86266937917 
 87 	-2.41672593583501 	-0.292727876573247 	 2.43438983292748 	 186.906353173751 	-2.22700134890828 	 0.798739899837029 	 2.36590795163949 	 160.269038405748 
 88 	-2.32275284952462 	-0.5005813595963 	 2.37608133226748 	 192.161922373898 	-2.21331732240974 	 0.466715837339463 	 2.2619896645437 	 168.092645619071 
 89 	-2.18738780102703 	-0.698103090543359 	 2.29608652213022 	 197.700442072371 	-2.15807403971282 	 0.135525821155776 	 2.16232532452505 	 176.406576582611 
 90 	-2.01470449938037 	-0.881720500908645 	 2.19919650362266 	 203.636234787115 	-2.06348490849865 	-0.189746038111221 	 2.0721905140649 	 185.253810994816 
 91 	-1.80933806125793 	-1.04815285656347 	 2.09101138940914 	 210.083791436967 	-1.93233367100219 	-0.504257206101005 	 1.99704500349731 	 194.625597877558 
 92 	-1.5763905821109 	-1.19446039749367 	 1.97781265759644 	 217.151884706361 	-1.76791273111984 	-0.803472600607356 	 1.94192781657361 	 204.440621580692 
 93 	-1.32133103823955 	-1.31808691870891 	 1.86635174548817 	 224.92957755582 	-1.57395565367162 	-1.08322365715919 	 1.91068309542796 	 214.536424844864 
 94 	-1.04989123957058 	-1.41689525896084 	 1.76348058957074 	 233.462289005675 	-1.35456502610506 	-1.33975991754513 	 1.90520420076367 	 224.6851672623 
 95 	-0.76795958464604 	-1.48919529167317 	 1.67554902655555 	 242.720402109671 	-1.11413690795198 	-1.56979261352128 	 1.92498049318085 	 234.635340503623 
 96 	-0.481474373553502 	-1.53376414338898 	 1.60756026945632 	 252.572049267162 	-0.857283109258332 	-1.77052985988298 	 1.96715792811784 	 244.163929614112 
 97 	-0.196318411571125 	-1.54985849683917 	 1.56224270807912 	 262.780869949556 	-0.588752536250399 	-1.93970321364603 	 2.02708611212499 	 253.115533218378 
 98 	 8.17834131070918E-02 	-1.53721896624386 	 1.53939295725272 	 273.045389726037 	-0.313352821201995 	-2.07558549700445 	 2.09910579674547 	 261.414842889526 
 99 	 0.347361968940017 	-1.49606665957754 	 1.53586320594165 	 283.071526581729 	-3.58734146089784E-02 	-2.17699991886562 	 2.17729546654022 	 269.055944270891 
 100 	 0.595295627857117 	-1.42709216428193 	 1.54627582594461 	 292.642914598773 	 0.238988737614483 	-2.24332066111592 	 2.25601489474164 	 276.080982377697 
 101 	 0.820894529868851 	-1.33143730746922 	 1.56415892187766 	 301.655810002633 	 0.506699879883504 	-2.27446521951945 	 2.33022247930914 	 282.559126941489 
 102 	 1.01997611646541 	-1.2106701473723 	 1.58305826926817 	 310.113764601474 	 0.762955528124481 	-2.27087890367681 	 2.39561936314183 	 288.570993137053 
 103 	 1.18893084169427 	-1.06675374821201 	 1.5973478348989 	 318.100344004974 	 1.00374107563695 	-2.23351200436058 	 2.44868781606468 	 294.199167234981 
 104 	 1.32477714248926 	-0.902009374525869 	 1.60270252667005 	 325.749978596467 	 1.22538616010897 	-2.16379022861465 	 2.48667637517125 	 299.523514292277 
 105 	 1.42520493444454 	-0.719074812327923 	 1.59633257527668 	 333.22716732752 	 1.42461214408987 	-2.06357908230945 	 2.50756423447804 	 304.619640982743 
 106 	 1.48860709278946 	-0.520858582472771 	 1.57710010450784 	 340.715231044894 	 1.59857218370283 	-1.93514294567529 	 2.51002216060044 	 309.559242739076 
 107 	 1.51409857772832 	-0.310490855750002 	 1.54560637763413 	 348.411218779542 	 1.74488348750121 	-1.78109963922502 	 2.49337809202734 	 314.411523083509 
 108 	 1.501523065412 	-9.12719092528384E-02 	 1.50429454475608 	 356.52148633768 	 1.8616514971111 	-1.60437131519472 	 2.45759101839904 	 319.245235594291 
 109 	 1.45144714745296 	 0.13338102059745 	 1.45756280087856 	 5.25046047546125 	 1.94748585164109 	-1.40813253317889 	 2.40323498088286 	 324.131133658073 
 110 	 1.36514235997018 	 0.359987631143254 	 1.4118090372147 	 14.7725915651964 	 2.00150812680378 	-1.19575638823584 	 2.33149482557187 	 329.144735707348 
 111 	 1.24455549463515 	 0.585058347203488 	 1.3752133103119 	 25.1779461291787 	 2.02335146537357 	-0.970759555818781 	 2.24417585488367 	 334.369332059185 
 112 	 1.09226782619926 	 0.805147194606431 	 1.35694915495484 	 36.3951706588787 	 2.01315233618918 	-0.736747101070909 	 2.1437300715436 	 339.899047154537 
 113 	 0.911444060807401 	 1.01690296958562 	 1.36558482912383 	 48.1303168644076 	 1.97153477270609 	-0.49735787110061 	 2.03330130869357 	 345.841444268543 
 114 	 0.705771964550568 	 1.21711796809552 	 1.40694357179189 	 59.8917783839644 	 1.89958754756299 	-0.256211248776859 	 1.91678821335487 	 352.318456428613 
 115 	 0.479393769941782 	 1.40277359715695 	 1.4824277896544 	 71.132287216746 	 1.79883483536084 	-1.68559964325211E-02 	 1.79891380825302 	 359.46312514611 
 116 	 0.236830577357536 	 1.57108225718059 	 1.58883233262644 	 81.427571963401 	 1.67120100065654 	 0.217278141174677 	 1.68526632175088 	 7.40765421836497 
 117 	-0.017098932674858 	 1.71952495848498 	 1.71960997215979 	 90.5697296696924 	 1.51897022103013 	 0.442925471942883 	 1.58223054769909 	 16.2564673073405 
 118 	-0.277364083459834 	 1.84588421549496 	 1.86660637837948 	 98.5453803282465 	 1.34474171518623 	 0.657025499771001 	 1.49666722684481 	 26.0396083299781 
 119 	-0.538810635298257 	 1.94827184690159 	 2.02140547395614 	 105.459221638949 	 1.15138139279766 	 0.856759724212217 	 1.4351711872501 	 36.653474414683 
 120 	-0.796250589948281 	 2.0251513978853 	 2.17606369078429 	 111.463797965249 	 0.941970775810237 	 1.03958372581063 	 1.40286965376361 	 47.8201559662337 
 121 	-1.04455188134428 	 2.07535498985885 	 2.32339987233191 	 116.716678725162 	 0.719754060035339 	 1.20325424995116 	 1.402093683376 	 59.1132807155701 
 122 	-1.27872648390371 	 2.0980944926082 	 2.45705960866838 	 121.361070841879 	 0.488084191109154 	 1.34585108627968 	 1.43162192077758 	 70.0663985758358 
 123 	-1.49401550915306 	 2.09296700178448 	 2.57149629829572 	 125.520255452906 	 0.250368820551818 	 1.46579362444221 	 1.48702235886349 	 80.3069834060491 
 124 	-1.68596992300407 	 2.05995469009005 	 2.66193687124589 	 129.298609965992 	 1.00169861701474E-02 	 1.56185204881183 	 1.56188417060602 	 89.6325367934943 
 125 	-1.85052559863929 	 1.9994191819572 	 2.72435718223542 	 132.785234600691 	-0.229612672938128 	 1.63315321386279 	 1.64921538906358 	 98.003025998848 
 126 	-1.98407152214038 	 1.91209067790419 	 2.75547283882396 	 136.058408054675 	-0.465261402185292 	 1.67918131685724 	 1.74244600124246 	 105.486793368533 
 127 	-2.0835100879435 	 1.79905212505776 	 2.75274460043738 	 139.190318478369 	-0.693816809869943 	 1.69977355458293 	 1.83592262977436 	 112.204394054592 
 128 	-2.14630855690512 	 1.66171879367994 	 2.71439676000272 	 142.252183890561 	-0.912355695842832 	 1.69511101519206 	 1.92504396561801 	 118.290368076325 
 129 	-2.17054089895768 	 1.50181367520135 	 2.63944920562412 	 145.320346954463 	-1.11818266246195 	 1.6657051140431 	 2.00621683613209 	 123.873339106417 
 130 	-2.15491940258445 	 1.32133916466996 	 2.52776874332397 	 148.484483671974 	-1.3088640211238 	 1.61237993326869 	 2.07675084567213 	 129.068278127625 
 131 	-2.09881560205843 	 1.12254552925375 	 2.38015449008913 	 151.860028322091 	-1.48225659453171 	 1.53625086815264 	 2.13474854302152 	 133.975217342039 
 132 	-2.00227024786899 	 0.907896694228584 	 2.19849097175597 	 155.6088615048 	-1.63653110585202 	 1.43870001899863 	 2.17901165785956 	 138.68079290549 
 133 	-1.86599222323691 	 0.680033898633352 	 1.98604458169274 	 159.976461690685 	-1.7701899395141 	 1.32134879484923 	 2.2089669666173 	 143.260697500624 
 134 	-1.69134648730161 	 0.441737784529393 	 1.74808043590346 	 165.362730564686 	-1.88207915312169 	 1.18602821513247 	 2.22460892421692 	 147.782134994568 
 135 	-1.48033130068181 	 0.195889486750283 	 1.49323589924619 	 172.461951436574 	-1.97139471426746 	 1.03474740716399 	 2.22645442712719 	 152.305877494919 
 136 	-1.23554515894975 	-5.45687155031412E-02 	 1.23674960461519 	 182.528864726885 	-2.03768302852429 	 0.869660801622852 	 2.21550491640512 	 156.887741322956 
 137 	-0.960144021510216 	-0.30667263743112 	 1.00793087490699 	 197.713624782104 	-2.08083591412673 	 0.693034524962413 	 2.19321110573276 	 161.579362347166 
 138 	-0.657789574967943 	-0.55747479101056 	 0.862244320102357 	 220.281181047822 	-2.10108026353729 	 0.507212477624353 	 2.1614353497812 	 166.428143917717 
 139 	-0.332589409009355 	-0.80408185207385 	 0.870151331562335 	 247.528725567532 	-2.09896271099063 	 0.314582570391679 	 2.12240586498516 	 171.476224633835 
 140 	 1.09698929656549E-02 	-1.04369052711766 	 1.04374817602083 	 270.602195199081 	-2.07532969711624 	 0.11754356881334 	 2.0786557777328 	 176.75831617166 
 141 	 0.368095638588392 	-1.27362139407699 	 1.32574728157308 	 286.120085046532 	-2.0313033858764 	-8.15270320109078E-02 	 2.03293878472064 	 182.2983514604 
 142 	 0.73376668727627 	-1.49135033493574 	 1.66208885829529 	 296.19787651923 	-1.96825394447939 	-0.280303712205866 	 1.9881131157545 	 188.10512695676 
 143 	 1.10281461756588 	-1.69453722522709 	 2.02179536264116 	 303.056310925349 	-1.88776874294886 	-0.476541857441768 	 1.94698817889292 	 194.167560804052 
 144 	 1.47000708192927 	-1.88105159531046 	 2.38731563165456 	 308.006969339413 	-1.79161906611643 	-0.668104599977932 	 1.91213562138871 	 200.450761987721 
 145 	 1.8301320013715 	-2.04899502990219 	 2.74731937986975 	 311.770756155201 	-1.68172495658734 	-0.852987297189034 	 1.88567923008515 	 206.894567902284 
 146 	 2.17808124488361 	-2.19672012480804 	 3.09347979079392 	 314.755892301687 	-1.56011882250498 	-1.02933941757744 	 1.86909346393191 	 213.416137942934 
 147 	 2.50893245297785 	-2.3228458723136 	 3.41911611387062 	 317.20554590573 	-1.42890844867338 	-1.19548364846623 	 1.86305139715476 	 219.917240440408 
 148 	 2.81802769972597 	-2.42626939843279 	 3.71861040043109 	 319.272161488332 	-1.29024004391336 	-1.34993208402146 	 1.86736070494911 	 226.295188050811 
 149 	 3.10104774329984 	-2.50617402545472 	 3.98715504490218 	 321.055893279632 	-1.14626194171431 	-1.49139939632153 	 1.88100733607577 	 232.454787600492 
 150 	 3.35408069000666 	-2.56203368128764 	 4.22064851167778 	 322.625393075632 	-0.999089545738881 	-1.61881293527571 	 1.90229735841184 	 238.318186640649 
 151 	 3.57368398995773 	-2.59361372237994 	 4.4156595657951 	 324.0295994898 	-0.850772077121025 	-1.73131974474411 	 1.92906225554014 	 243.830456773993 
 152 	 3.75693879227223 	-2.60096827898184 	 4.56942283851579 	 325.304736636614 	-0.703261637484885 	-1.82829052174066 	 1.95888314165104 	 248.960496777298 
 153 	 3.90149581231256 	-2.58443426977221 	 4.67984722702199 	 326.478657129665 	-0.558385051033344 	-1.90932058268319 	 1.98929609477201 	 253.698323642961 
 154 	 4.00561200086979 	-2.54462226707119 	 4.7455273662246 	 327.573662570138 	-0.417818891848049 	-1.97422793493282 	 2.01795653210228 	 258.050440725796 
 155 	 4.06817745327337 	-2.48240442374557 	 4.76575277520282 	 328.608432055295 	-0.28306803973406 	-2.02304858304891 	 2.04275624696024 	 262.034799594008 
 156 	 4.08873215274158 	-2.39889969833178 	 4.74051161579835 	 329.599428806614 	-0.155448040628366 	-2.05602922705428 	 2.06189725152264 	 265.676324120449 
 157 	 4.06747230445171 	-2.29545663578375 	 4.67048735296921 	 330.562018184878 	-3.60714769260309E-02 	-2.0736175344051 	 2.07393125017198 	 269.003415564381 
 158 	 4.00524618224859 	-2.17363397761219 	 4.55704747057205 	 331.511461132117 	 7.41615197522884E-02 	-2.07645018820141 	 2.07777412513816 	 272.045479711387 
 159 	 3.90353957603966 	-2.03517938711358 	 4.40222402422229 	 332.463919577338 	 0.1745685546158 	-2.06533893143264 	 2.07270332704707 	 274.831325364603 
 160 	 3.76445109215947 	-1.88200658305297 	 4.20868635133522 	 333.43761501757 	 0.264686069388023 	-2.04125484075663 	 2.05834400434923 	 277.388222844773 
 161 	 3.59065771877838 	-1.71617117879325 	 3.97970681939554 	 334.454320396958 	 0.344266342536559 	-2.00531107354573 	 2.03464783593836 	 279.741420885202 
 162 	 3.38537122130846 	-1.53984552373475 	 3.71912120574599 	 335.541453429781 	 0.413270546494659 	-1.9587443388281 	 2.00186711084706 	 281.913957464008 
 163 	 3.15228607636988 	-1.35529284036846 	 3.43128637546175 	 336.735212431997 	 0.471858084178345 	-1.90289534647579 	 1.96052563136616 	 283.926641098716 
 164 	 2.89551978501583 	-1.16484094361351 	 3.12103977054707 	 338.08553114585 	 0.520372488262777 	-1.83918848974732 	 1.9113874090199 	 285.798113765233 
 165 	 2.61954652455395 	-0.97085581978757 	 2.79366873789969 	 339.664296635453 	 0.559324222206928 	-1.76911101430895 	 1.8554237700581 	 287.544932169912 
 166 	 2.32912520163648 	-0.775715330944794 	 2.45490498381526 	 341.579658800461 	 0.589370771066364 	-1.69419192238397 	 1.79377929959581 	 289.181621348873 
 167 	 2.02922305575298 	-0.581783296809533 	 2.11097560725984 	 344.002271199757 	 0.611294451981535 	-1.61598085397289 	 1.7277369670845 	 290.720665644756 
 168 	 1.72493603054501 	-0.391384191530395 	 1.768780906402 	 347.216162210167 	 0.625978408264998 	-1.5360271784145 	 1.65868274858154 	 292.172409767256 
 169 	 1.42140717944896 	-0.206778676355771 	 1.43636896053365 	 351.722980541074 	 0.634381276756228 	-1.45585951918174 	 1.58807006894877 	 293.544850124836 
 170 	 1.12374440133963 	-3.01401724463359E-02 	 1.12414852645781 	 358.463626823668 	 0.637511035222862 	-1.37696592298521 	 1.51738441836386 	 294.843307820528 
 171 	 0.836938810676696 	 0.136467339284081 	 0.847991690707049 	 9.26088335529531 	 0.636398544857899 	-1.3007748712353 	 1.44810855032849 	 296.069994194285 
 172 	 0.56578503504884 	 0.291110121879799 	 0.636284377417903 	 27.2269189763224 	 0.632071302289709 	-1.22863731791975 	 1.38168874576123 	 297.223512080122 
 173 	 0.314804701178749 	 0.432003937559898 	 0.534536623582985 	 53.9188792382883 	 0.625527906064654 	-1.16180992319569 	 1.31950273167644 	 298.298383369467 
 174 	 8.81743189209682E-02 	 0.557531619462684 	 0.564460997074075 	 81.0130346903412 	 0.617713724497804 	-1.10143963665901 	 1.26282996426141 	 299.284752118612 
 175 	-0.110341297618214 	 0.666258841548946 	 0.675334025429058 	 99.4035875809841 	 0.609498225468676 	-1.04854976849918 	 1.21282509203477 	 300.168466690178 
 176 	-0.27744902087031 	 0.75694798433399 	 0.806193655500454 	 110.129726072781 	 0.60165439464861 	-1.00402767070931 	 1.17049543961091 	 300.931763393251 
 177 	-0.410379866061778 	 0.82857000952277 	 0.924629598893225 	 116.348611274174 	 0.594840627387091 	-0.968614134308173 	 1.13668320704224 	 301.554716615681 
 178 	-0.506933085755739 	 0.880314271375969 	 1.01584170510077 	 119.935689811852 	 0.589585431770803 	-0.942894592224253 	 1.11205269362657 	 302.017455546986 
 179 	-0.565511207616941 	 0.911596206757738 	 1.07275839316943 	 121.813509406147 	 0.586275227016564 	-0.927292201153789 	 1.09708225221902 	 302.302888436237 
 180 	-0.585145463268487 	 0.922062859370373 	 1.09206003947309 	 122.399405479462 	 0.585145463268487 	-0.922062859370373 	 1.09206003947309 	 302.399405479462 
******************************************

