MiePlot v4.6.18

Date & Time: 4/28/2021 03:35:27 

Calculation Method:         Mie (plane wave)

Graph type: Intensity v. scattering angle

Radius = 0.8 umWavelength = 0.6 umSize parameter x = 8.37758

Point

Wavelength = 0.60 um

Angle	Perpendicular	Parallel	Unpolarised
theta	[S1(theta)]^2	[S2(theta)]^2	[[S1(theta)]^2 + [S2(theta)]^2]/2
 0 	 3267.12705510581 	 3267.12705510581 	 3267.12705510581 
 1 	 3244.06660290224 	 3245.24469573637 	 3244.6556493193 
 2 	 3175.68224979044 	 3180.35210218287 	 3178.01717598665 
 3 	 3064.32796139499 	 3074.67663132981 	 3069.5022963624 
 4 	 2913.80554904824 	 2931.81229449487 	 2922.80892177155 
 5 	 2729.18941418822 	 2756.54950098644 	 2742.86945758733 
 6 	 2516.59464141779 	 2554.65046117246 	 2535.62255129513 
 7 	 2282.900911954 	 2332.58293625702 	 2307.74192410551 
 8 	 2035.44694591633 	 2097.22719757473 	 2066.33707174553 
 9 	 1781.71154448209 	 1855.57229058507 	 1818.64191753358 
 10 	 1528.99772082329 	 1614.41792415728 	 1571.70782249028 
 11 	 1284.13587174387 	 1380.09752999267 	 1332.11670086827 
 12 	 1053.22050004037 	 1158.23633380486 	 1105.72841692261 
 13 	 841.392756704083 	 953.555784043181 	 897.474270373632 
 14 	 652.678186017128 	 769.732580541672 	 711.2053832794 
 15 	 489.885716129387 	 609.317055238646 	 549.601385684017 
 16 	 354.570357233439 	 473.712019760023 	 414.141188496731 
 17 	 247.058472445196 	 363.209651283541 	 305.134061864368 
 18 	 166.531090697689 	 277.08076403616 	 221.805927366925 
 19 	 111.157734404336 	 213.708103236191 	 162.432918820264 
 20 	 78.2708034394545 	 170.753251891685 	 124.51202766557 
 21 	 64.5688155611136 	 145.34545686942 	 104.957136215267 
 22 	 66.3358279855618 	 134.280200448902 	 100.308014217232 
 23 	 79.6641803089385 	 134.21565158331 	 106.939915946124 
 24 	 100.668279384686 	 141.856158818175 	 121.26221910143 
 25 	 125.678419096575 	 154.113580661195 	 139.895999878885 
 26 	 151.405479002311 	 168.239341102413 	 159.822410052362 
 27 	 175.069631348444 	 181.922478070584 	 178.496054709514 
 28 	 194.488741622056 	 193.351442637811 	 193.920092129933 
 29 	 208.12480080335 	 201.239833407103 	 204.682317105227 
 30 	 215.089308231839 	 204.818457333064 	 209.953882782452 
 31 	 215.110876998007 	 203.797965758039 	 209.454421378023 
 32 	 208.470326963676 	 198.307727451168 	 203.389027207422 
 33 	 195.910062568002 	 188.817512156089 	 192.363787362046 
 34 	 178.525537730435 	 176.0489513967 	 177.287244563568 
 35 	 157.647060420397 	 160.883638517621 	 159.265349469009 
 36 	 134.720094153007 	 144.274180684043 	 139.497137418525 
 37 	 111.191616545816 	 127.163601798092 	 119.177609171954 
 38 	 88.4090693087944 	 110.417315329643 	 99.4131923192188 
 39 	 67.5370755832199 	 94.7705478474883 	 81.1538117153541 
 40 	 49.4955203618866 	 80.792706423997 	 65.1441133929418 
 41 	 34.9209055529775 	 68.8688478430878 	 51.8948766980326 
 42 	 24.1512194372062 	 59.1972126145239 	 41.6742160258651 
 43 	 17.2330082168167 	 51.800801226784 	 34.5169047218004 
 44 	 13.9479970745474 	 46.5502407961088 	 30.2491189353281 
 45 	 13.855551255425 	 43.1947408983785 	 28.5251460769017 
 46 	 16.3465420316102 	 41.3977688105215 	 28.8721554210659 
 47 	 20.703810630888 	 40.7741671136373 	 30.7389888722627 
 48 	 26.1644029117375 	 40.9257542294742 	 33.5450785706059 
 49 	 31.9790532345546 	 41.4729421810075 	 36.7259977077811 
 50 	 37.464982254401 	 42.0805194160499 	 39.7727508352255 
 51 	 42.0488794346647 	 42.4764211296698 	 42.2626502821673 
 52 	 45.2978957980405 	 42.4629884999091 	 43.8804421489748 
 53 	 46.9374997473722 	 41.9208510242954 	 44.4291753858338 
 54 	 46.8560731886972 	 40.8061112810846 	 43.8310922348909 
 55 	 45.0970767096983 	 39.1419387182274 	 42.1195077139628 
 56 	 41.8404311250502 	 37.0059704710514 	 39.4232007980508 
 57 	 37.3754014790974 	 34.5150668656735 	 35.9452341723855 
 58 	 32.0676973316752 	 31.8089825430988 	 31.938339937387 
 59 	 26.3237052345778 	 29.0344059595378 	 27.6790555970578 
 60 	 20.5547476952033 	 26.3306126697588 	 23.4426801824811 
 61 	 15.1440349614997 	 23.8176984507616 	 19.4808667061306 
 62 	 10.4185722149462 	 21.5880364565135 	 16.0033043357299 
 63 	 6.62774609650354 	 19.7012675661636 	 13.1645068313336 
 64 	 3.92968863917882 	 18.1828119681248 	 11.0562503036518 
 65 	 2.38585449934857 	 17.025605850929 	 9.7057301751388 
 66 	 1.96359913414621 	 16.1945376057358 	 9.07906836994102 
 67 	 2.54595745539822 	 15.632894929627 	 9.08942619251263 
 68 	 3.94733360082317 	 15.2700431736294 	 9.6086883872263 
 69 	 5.9334524382976 	 15.0295357598134 	 10.4814940990555 
 70 	 8.24371084523297 	 14.8369037462535 	 11.5403072957432 
 71 	 10.6140084787515 	 14.6264735550472 	 12.6202410168993 
 72 	 12.7982288060454 	 14.3467062361561 	 13.5724675211008 
 73 	 14.586766012659 	 13.9637232625141 	 14.2752446375866 
 74 	 15.8208274109531 	 13.4628669653425 	 14.6418471881478 
 75 	 16.4016526789232 	 12.8483231238529 	 14.624987901388 
 76 	 16.2942450363778 	 12.1409953349417 	 14.2176201856598 
 77 	 15.5256683196851 	 11.3749544638779 	 13.4503113917815 
 78 	 14.1783923071267 	 10.5928836043837 	 12.3856379557552 
 79 	 12.3795350738647 	 9.8409948028594 	 11.110264938362 
 80 	 10.2871303494004 	 9.16390700516541 	 9.72551867728289 
 81 	 8.0747224186504 	 8.59994720907043 	 8.33733481386041 
 82 	 5.91565253104963 	 8.17727348594405 	 7.04646300849684 
 83 	 3.9683497079075 	 7.91112655485387 	 5.93973813138069 
 84 	 2.36378467071418 	 7.80240481907666 	 5.08309474489542 
 85 	 1.19600544999761 	 7.83763602749181 	 4.51682073874471 
 86 	 0.516370249752051 	 7.99029701552867 	 4.25333363264036 
 87 	 0.331754552946579 	 8.22332079720257 	 4.27753767507457 
 88 	 0.606664234268425 	 8.49253592598206 	 4.54960008012525 
 89 	 1.26886297875568 	 8.75071310333469 	 5.00978804104519 
 90 	 2.21784614138154 	 8.95185295913439 	 5.58484955025796 
 91 	 3.33528509619582 	 9.05533887567541 	 6.19531198593561 
 92 	 4.49644059256908 	 9.02959937985856 	 6.76301998621382 
 93 	 5.58150787026125 	 8.85497338091231 	 7.21824062558678 
 94 	 6.48590986037747 	 8.52554373516048 	 7.50572679776898 
 95 	 7.12868991645841 	 8.0497939844037 	 7.58924195043105 
 96 	 7.4583578537618 	 7.4500422159585 	 7.45420003486015 
 97 	 7.45579313409373 	 6.76070684886927 	 7.1082499914815 
 98 	 7.13408391217484 	 6.02555382910996 	 6.5798188706424 
 99 	 6.53545602864262 	 5.29415592226143 	 5.91480597545202 
 100 	 5.72569820986365 	 4.61785640345498 	 5.17177730665931 
 101 	 4.78669764647987 	 4.04556695231368 	 4.41613229939678 
 102 	 3.80784703137644 	 3.61974038401692 	 3.71379370769668 
 103 	 2.87715895370324 	 3.37284250122826 	 3.12500072746575 
 104 	 2.07292165133567 	 3.3246054560045 	 2.69876355367009 
 105 	 1.45665363862327 	 3.48028114386302 	 2.46846739124314 
 106 	 1.06797219538097 	 3.8300325543838 	 2.44900237488239 
 107 	 0.921796250973127 	 4.34951015842057 	 2.63565320469685 
 108 	 1.00807621615881 	 5.00156653898032 	 3.00482137756956 
 109 	 1.29400280950222 	 5.73897295898051 	 3.51648788424136 
 110 	 1.72841565393243 	 6.50792338922554 	 4.11816952157898 
 111 	 2.24793099733727 	 7.25205073679407 	 4.74999086706567 
 112 	 2.78415402972935 	 7.91664125476122 	 5.35039764224529 
 113 	 3.27124818600649 	 8.45271925812063 	 5.86198372206356 
 114 	 3.65310924932492 	 8.82068622549243 	 6.23689773740867 
 115 	 3.88943754801033 	 8.99323500840874 	 6.44133627820953 
 116 	 3.96011235736071 	 8.95731814548652 	 6.45871525142361 
 117 	 3.86743826981738 	 8.71502445364274 	 6.29123136173006 
 118 	 3.6360384393129 	 8.28330411091414 	 5.95967127511352 
 119 	 3.31039543228566 	 7.69257250859659 	 5.50148397044113 
 120 	 2.95026633029209 	 6.98431011746014 	 4.96728822387612 
 121 	 2.62440415603411 	 6.207852660872 	 4.41612840845306 
 122 	 2.40318390481995 	 5.41662702616433 	 3.90990546549214 
 123 	 2.35084321531967 	 4.6641288858927 	 3.50748605060619 
 124 	 2.51809459823782 	 3.99995492008741 	 3.25902475916261 
 125 	 2.93584350533565 	 3.46619470205924 	 3.20101910369745 
 126 	 3.61065588594374 	 3.09445557931811 	 3.35255573263092 
 127 	 4.52246782468102 	 2.90374098512326 	 3.71310440490214 
 128 	 5.62483137828097 	 2.89933295272429 	 4.26208216550263 
 129 	 6.84776212472937 	 3.07274886793685 	 4.96025549633311 
 130 	 8.10301530161744 	 3.40275721244677 	 5.7528862570321 
 131 	 9.29138990096595 	 3.85735404882259 	 6.57437197489427 
 132 	 10.3114640821442 	 4.39652785986031 	 7.35399597100225 
 133 	 11.069018576929 	 4.97558088696661 	 8.02229973194781 
 134 	 11.4863210726807 	 5.54873488803269 	 8.51752798035668 
 135 	 11.510432199673 	 6.07273123637614 	 8.79158171802455 
 136 	 11.1197549276604 	 6.51014067303359 	 8.81494780034698 
 137 	 10.3281797458237 	 6.83212607451494 	 8.58015291016932 
 138 	 9.18636775444941 	 7.02044975903064 	 8.10340875674003 
 139 	 7.77994730159095 	 7.06858098450244 	 7.42426414304669 
 140 	 6.22465766985712 	 6.98183400768011 	 6.60324583876861 
 141 	 4.65873385160873 	 6.77654619940626 	 5.7176400255075 
 142 	 3.23306745396904 	 6.47838278846452 	 4.85572512121678 
 143 	 2.09987946174471 	 6.11992362419234 	 4.10990154296853 
 144 	 1.40078335818391 	 5.73774244523083 	 3.56926290170737 
 145 	 1.25518907371519 	 5.36922624553418 	 3.31220765962468 
 146 	 1.74999235950938 	 5.04939869025363 	 3.3996955248815 
 147 	 2.93140991337253 	 4.80800613634246 	 3.86970802485749 
 148 	 4.79966395564755 	 4.66709843386241 	 4.73338119475498 
 149 	 7.30700312787566 	 4.63929181230657 	 5.97314747009112 
 150 	 10.359286883243 	 4.72684176509226 	 7.54306432416761 
 151 	 13.8210790031772 	 4.92158504758422 	 9.37133202538072 
 152 	 17.5239155465001 	 5.20573751591822 	 11.3648265312091 
 153 	 21.2771565251744 	 5.55346458548843 	 13.4153105553314 
 154 	 24.8806201498466 	 5.93307932043618 	 15.4068497351414 
 155 	 28.1380511951737 	 6.30967455810796 	 17.2238628766408 
 156 	 30.870403357258 	 6.64796383781511 	 18.7591835975366 
 157 	 32.9279256694156 	 6.91509358398388 	 19.9215096266997 
 158 	 34.2001346144622 	 7.08319668536525 	 20.6416656499137 
 159 	 34.6229192942628 	 7.13148432492571 	 20.8772018095943 
 160 	 34.1822535088632 	 7.04771607894618 	 20.6149847939047 
 161 	 32.9142574188828 	 6.82894400285911 	 19.8716007108709 
 162 	 30.9016406418578 	 6.48148974039197 	 18.6915651911249 
 163 	 28.2668444789302 	 6.02017914427539 	 17.1435118116028 
 164 	 25.1624600521305 	 5.46692089228003 	 15.3146904722052 
 165 	 21.7597102317913 	 4.84876890620315 	 13.3042395689972 
 166 	 18.2359291033729 	 4.19564863011157 	 11.2157888667422 
 167 	 14.762041535569 	 3.53795117164704 	 9.14999635360803 
 168 	 11.4910317447977 	 2.90420517009917 	 7.19761845744846 
 169 	 8.54829504137559 	 2.31902381761697 	 5.43365942949628 
 170 	 6.02459936410702 	 1.80149509402851 	 3.91304722906776 
 171 	 3.97215699027744 	 1.36413979486011 	 2.66814839256877 
 172 	 2.4040410362615 	 1.01250833884334 	 1.70827468755242 
 173 	 1.29689839151184 	 0.745428471011114 	 1.02116343126148 
 174 	 0.596634296266881 	 0.555857073962972 	 0.576245685114927 
 175 	 0.226497021500615 	 0.432235557374147 	 0.329366289437381 
 176 	 0.096794639806265 	 0.360204409298198 	 0.228499524552232 
 177 	 0.11534602443202 	 0.324502253338129 	 0.219924138885075 
 178 	 0.19771568416207 	 0.310860726105711 	 0.25428820513389 
 179 	 0.276311010459688 	 0.307709787362544 	 0.292010398911116 
 180 	 0.307528282965674 	 0.307528282965674 	 0.307528282965674 

Real and imaginary values of S1 (perpendicular polarisation) and S2 (parallel polarisation) 

Angle	S1 Real	S1 Imaginary	S1 Magnitude	S1 Phase	S2 Real	S2 Imaginary	S2 Magnitude	S2 Phase
 0 	 54.4494741401252 	 17.3891293907904 	 57.1587880828995 	 17.7115410687487 	 54.4494741401252 	 17.3891293907904 	 57.1587880828995 	 17.7115410687487 
 1 	 54.2429273164111 	 17.3715698498662 	 56.9567081466462 	 17.7579250444159 	 54.2456683433346 	 17.3969009229034 	 56.967049210367 	 17.7813475668913 
 2 	 53.625988877751 	 17.3186479458926 	 56.3531920106611 	 17.897992880803 	 53.6369044977302 	 17.4193736421329 	 56.3946105774556 	 17.9919674578854 
 3 	 52.6067227787003 	 17.229645378822 	 55.3563723648415 	 18.134549649995 	 52.6311018259296 	 17.4540468636485 	 55.4497667382813 	 18.3470642251465 
 4 	 51.1984291885306 	 17.1034031021681 	 53.9796771854764 	 18.4724683144475 	 51.2413217057223 	 17.4968352665715 	 54.1462121897263 	 18.8529570696198 
 5 	 49.4194373702558 	 16.938377259808 	 52.2416444437598 	 18.9190111659638 	 49.4855641604661 	 17.5421903052849 	 52.5028523128643 	 19.5189618831843 
 6 	 47.2928206873825 	 16.7327150471428 	 50.1656719422534 	 19.4843339846088 	 47.3864878593809 	 17.5832656103812 	 50.5435501441328 	 20.3579132105258 
 7 	 44.8460386059586 	 16.4843481310871 	 47.7797123469156 	 20.1822395716704 	 44.9710584332594 	 17.6121219519222 	 48.2968211816991 	 21.3869188370929 
 8 	 42.1105117974828 	 16.1911007059555 	 45.1159278516615 	 21.0312881182661 	 42.2701311318547 	 17.6199662789274 	 45.7954932015666 	 22.6284245218661 
 9 	 39.1211375756581 	 15.8508087890974 	 42.2103250933002 	 22.0564373606042 	 39.3179749597869 	 17.5974184369936 	 43.0763541932819 	 24.1117024215292 
 10 	 35.9157538965895 	 15.4614469847716 	 39.1024004483521 	 23.2914942361912 	 36.1517464081474 	 17.5347984247974 	 40.1798198621806 	 25.8749266971769 
 11 	 32.5345610000781 	 15.0212586781555 	 35.8348415894903 	 24.782845508833 	 32.8109217314612 	 17.4224264993312 	 37.1496639283947 	 27.9680665084466 
 12 	 29.019510454184 	 14.5288854713592 	 32.4533588406558 	 26.5952596317706 	 29.3366973895401 	 17.2509280932768 	 34.032871371732 	 30.456906905202 
 13 	 25.4136718743343 	 13.9834916443553 	 29.0067708768846 	 28.821129979411 	 25.7713687693425 	 17.0115353744963 	 30.8796985743576 	 33.428577301759 
 14 	 21.7605879133513 	 13.384879516919 	 25.5475671252103 	 31.5955617279604 	 22.157697614909 	 16.6963773600123 	 27.7440548684159 	 36.9989355069545 
 15 	 18.1036282547159 	 12.7335918006051 	 22.1333620611372 	 35.1214941891046 	 18.5382787188763 	 16.2987507920056 	 24.6843483859438 	 41.3217537416957 
 16 	 14.4853532865615 	 12.0309973567007 	 18.8300386944222 	 39.7117649574394 	 14.9549163656558 	 15.8133644824959 	 21.7649263669791 	 46.5981620061069 
 17 	 10.9468978902403 	 11.2793572080083 	 15.7180937917165 	 45.8569637680069 	 11.4480207662988 	 15.2365505222781 	 19.0580600083939 	 53.0805382585242 
 18 	 7.52738535027229 	 10.4818681772953 	 12.9046925843931 	 54.3165893547002 	 8.05603429409967 	 14.5664366091522 	 16.6457431205747 	 61.0550119851308 
 19 	 4.26338079087911 	 9.64268212875957 	 10.5431368389268 	 66.1480336450064 	 4.81489672716621 	 13.8030747568401 	 14.6187586079048 	 70.7698063044027 
 20 	 1.18839278015685 	 8.76689945416996 	 8.84707880825386 	 82.2803519772687 	 1.75755794179045 	 12.9485227718429 	 13.0672587749568 	 82.2702401953187 
 21 	-1.66756916877798 	 7.86053615400723 	 8.03547232968378 	 101.977406888293 	-1.08645440633932 	 12.0068761004837 	 12.0559303610057 	 95.1703863879232 
 22 	-4.27837451199245 	 6.9304645963092 	 8.14468096278558 	 121.688223064404 	-3.69140570944753 	 10.9842489200291 	 11.5879333985358 	 108.575620333156 
 23 	-6.62208346826718 	 5.98432877173715 	 8.9254792761475 	 137.896107671838 	-6.03565837982782 	 9.88870464243545 	 11.5851478878481 	 121.398173368821 
 24 	-8.68118639572025 	 5.03043558227788 	 10.0333583303242 	 149.909249335441 	-8.10190482780634 	 8.73013728296088 	 11.9103383166968 	 132.862507256856 
 25 	-10.4427677598802 	 4.07762438311609 	 11.2106386569444 	 158.670670785502 	-9.87732659246589 	 7.52010638534862 	 12.4142490977584 	 142.716154270105 
 26 	-11.8985930465587 	 3.13511762374174 	 12.3046933729496 	 165.238834864966 	-11.3536780951707 	 6.27162935875954 	 12.9707108942576 	 151.08429014811 
 27 	-13.0451183333318 	 2.21235598803966 	 13.2313881111713 	 170.374640933904 	-12.5272948213643 	 4.9989361397405 	 13.4878641033554 	 158.245848168465 
 28 	-13.8834235843154 	 1.31882189871528 	 13.9459220427355 	 174.573610170465 	-13.3990270591413 	 3.71719201901264 	 13.9050869338459 	 164.494786765091 
 29 	-14.4190720495708 	 0.463855616151605 	 14.4265311424247 	 178.157453774191 	-13.9741016094414 	 2.44219524528875 	 14.1859026292691 	 170.086774158236 
 30 	-14.6618994090942 	-0.343531584346784 	 14.6659233678565 	 181.342207359246 	-14.2619151090486 	 1.19005661855051 	 14.3114799141481 	 175.230119714626 
 31 	-14.6257374794319 	-1.09484253696468 	 14.666658685536 	 184.281020214046 	-14.2757637519326 	-2.31313001593476E-02 	 14.27578249197 	 180.092837394689 
 32 	-14.3280783777426 	-1.7822729771111 	 14.4385015484182 	 187.090614068052 	-14.0325152366789 	-1.18162751472013 	 14.0821776530183 	 184.813315828527 
 33 	-13.7896859948947 	-2.3988794738807 	 13.9967875802986 	 189.86852198738 	-13.5522296897978 	-2.27037058451997 	 13.7410884632946 	 189.510302221466 
 34 	-13.0341624497126 	-2.93873220367834 	 13.3613449072477 	 192.705675993429 	-12.8577371010478 	-3.27529358028225 	 13.2683439583356 	 194.291202184125 
 35 	-12.0874778672117 	-3.39704860578474 	 12.5557580583729 	 195.697416042921 	-11.9741794447786 	-4.18361866592341 	 12.6839914268979 	 199.258733955064 
 36 	-10.9774723340325 	-3.77030440529121 	 11.6068985587454 	 198.955461442499 	-10.9285261408725 	-4.98412450409381 	 12.0114187623296 	 204.516095899711 
 37 	-9.73333922683655 	-4.05631902605566 	 10.5447435505002 	 202.623681908397 	-9.7490718234654 	-5.66738038065253 	 11.2766839894577 	 210.170512792667 
 38 	-8.38509927995353 	-4.25431303198497 	 9.40260970735223 	 206.901681205919 	-8.46492553176446 	-6.22594178187729 	 10.5079643761122 	 216.334433711566 
 39 	-6.96307475614397 	-4.3649359128824 	 8.2180944009679 	 212.082325261693 	-7.10550041474133 	-6.65450311470354 	 9.73501658177778 	 223.122747956234 
 40 	-5.49737291130863 	-4.39026325359844 	 7.03530527851398 	 218.61125356851 	-5.70001285321395 	-6.95000430914923 	 8.98847631270156 	 230.643272349163 
 41 	-4.01738760586497 	-4.33376307349859 	 5.90939130139285 	 227.169559050606 	-4.2769995549353 	-7.11168915590178 	 8.29872567585456 	 238.977123242911 
 42 	-2.55132742090566 	-4.20023187794925 	 4.91438901972627 	 238.724442534313 	-2.86386067979466 	-7.14111438231107 	 7.69397248594794 	 248.147322092997 
 43 	-1.12577799758333 	-3.99570170520448 	 4.15126585715932 	 254.264963296078 	-1.48643641487057 	-7.04210962789779 	 7.19727734819105 	 258.081062086497 
 44 	 0.234694452540946 	-3.72732016179103 	 3.73470173836512 	 273.602929716368 	-0.168623657074598 	-6.82068961750816 	 6.82277368788595 	 268.583800642056 
 45 	 1.50789240386569 	-3.40320609922308 	 3.72230456242164 	 293.897172004647 	 1.06796140912895 	-6.48492091910069 	 6.57227060446985 	 279.351747346095 
 46 	 2.67428395935485 	-3.03228417803272 	 4.0430857066862 	 311.410267039859 	 2.2042700117631 	-6.0447466883041 	 6.43410979161232 	 290.034828683758 
 47 	 3.71724345730299 	-2.62410207690673 	 4.5501440230929 	 324.780704286003 	 3.22405297274708 	-5.51177372018827 	 6.38546530126328 	 300.325042251164 
 48 	 4.62323283409147 	-2.18863452259989 	 5.11511514159139 	 334.667164895204 	 4.1140356548698 	-4.89902692990498 	 6.39732398972213 	 310.022393590819 
 49 	 5.38192198237723 	-1.73607863017759 	 5.65500249642337 	 342.121546736008 	 4.86403406766929 	-4.22067705108554 	 6.43994892689434 	 319.050784238259 
 50 	 5.98624750332657 	-1.27664524568004 	 6.1208645022089 	 347.961277976444 	 5.46701164182956 	-3.49174786090719 	 6.48694993167435 	 327.433870740247 
 51 	 6.43241040019458 	-0.820351070050737 	 6.48451073209573 	 352.732074297447 	 5.91907728388854 	-2.72780960424743 	 6.51739373750503 	 335.257364138013 
 52 	 6.71981437723981 	-0.376816312653329 	 6.7303711486099 	 356.790477205891 	 6.21942639057873 	-1.9446654910503 	 6.51636313444156 	 342.636787876469 
 53 	 6.85094747206523 	 0.044927523581449 	 6.85109478458532 	 0.375732056870941 	 6.37022751545445 	-1.1580381796998 	 6.4746313427326 	 349.696764282804 
 54 	 6.83121074172003 	 0.436615380977509 	 6.84514961039547 	 3.65707313263569 	 6.37645832144469 	-0.383263037564783 	 6.38796613023931 	 356.560321388517 
 55 	 6.66869862568243 	 0.790907927333897 	 6.71543570512728 	 6.76368724950237 	 6.24569530518094 	 0.365005305534255 	 6.25635186975824 	 3.34462415584991 
 56 	 6.37393640655722 	 1.10152885128561 	 6.46841797699021 	 9.80487803761496 	 5.98786252796192 	 1.07306701434761 	 6.08325328019896 	 10.159959249044 
 57 	 5.95958086861294 	 1.36337718535997 	 6.11354246563295 	 12.8858488610395 	 5.61494522186968 	 1.72842616882421 	 5.87495249901422 	 17.1097266058957 
 58 	 5.44009080428784 	 1.57261227668426 	 5.66283474345448 	 16.1234349688167 	 5.14067464812939 	 2.3200100657494 	 5.63994526064737 	 24.2898750581054 
 59 	 4.83137443130965 	 1.72670968580859 	 5.13066323535056 	 19.6666420413353 	 4.58019096119425 	 2.83835457942315 	 5.38835837333949 	 31.7865876998223 
 60 	 4.15042105268145 	 1.82448699109146 	 4.5337344094249 	 23.7298498366687 	 3.94969107180978 	 3.27575229634735 	 5.13133634346442 	 39.6712681599159 
 61 	 3.4149244159111 	 1.86609919219582 	 3.89153375438267 	 28.6545760334015 	 3.26606860376614 	 3.62636103087581 	 4.88033794431919 	 47.9923357282226 
 62 	 2.64290520678406 	 1.85300412382161 	 3.22778131461011 	 35.0352170341279 	 2.54655300318914 	 3.88627125384499 	 4.64629276483021 	 56.7644179316905 
 63 	 1.85233994978111 	 1.78789899237861 	 2.57444092892098 	 43.9858332549799 	 1.80835468969135 	 4.05353190223476 	 4.43861099513842 	 65.9574761402303 
 64 	 1.06080328771038 	 1.6746298169929 	 1.98234422822547 	 57.6475654054488 	 1.06832284166095 	 4.12813496316561 	 4.26413085729376 	 75.4907046429292 
 65 	 0.285130185585437 	 1.51807617615737 	 1.5446211507514 	 79.3624471978839 	 0.342621991909155 	 4.11196011916327 	 4.12620962275658 	 85.2369305230761 
 66 	-0.458895941083886 	 1.32401421797613 	 1.40128481549834 	 109.116030958808 	-0.35356691453628 	 4.00868158409734 	 4.02424373090595 	 95.0404614835259 
 67 	-1.15682382284152 	 1.09896137252614 	 1.59560567039548 	 136.469354167838 	-1.00631596899624 	 3.82364003276593 	 3.95384558747899 	 104.744892875906 
 68 	-1.7957790463134 	 0.850006598589027 	 1.98678977267933 	 154.670128160964 	-1.60318592460004 	 3.56368321611135 	 3.90769026070765 	 114.22144064566 
 69 	-2.3646690796073 	 0.584630295354891 	 2.43586790247287 	 166.112926609412 	-2.13342443753487 	 3.23697944527648 	 3.8767945212267 	 123.388028765781 
 70 	-2.85434568485168 	 0.310518206554086 	 2.87118631322194 	 173.791329772374 	-2.58812418129269 	 2.85280861055585 	 3.85187016217493 	 132.214934415768 
 71 	-3.25772269807223 	 3.53737362525274E-02 	 3.25791474393537 	 179.377882548389 	-2.96033894239094 	 2.42133576796174 	 3.82445728895581 	 140.719402192066 
 72 	-3.56984808509634 	-0.233266918741904 	 3.5774612235558 	 183.738600630332 	-3.24515667299441 	 1.95337257170156 	 3.78770461310754 	 148.954803458129 
 73 	-3.78793011215986 	-0.488212533689627 	 3.81926249590926 	 187.344156905324 	-3.43972934129311 	 1.46013195333892 	 3.73680655941863 	 156.999245280177 
 74 	-3.91131838309964 	-0.722783450958761 	 3.97754037200794 	 190.469738545496 	-3.54326026759461 	 0.952981448627341 	 3.66917796861129 	 164.946186823958 
 75 	-3.94144137383224 	-0.930963251458739 	 4.04989539110867 	 193.289618804083 	-3.55695044679421 	 0.443200454538774 	 3.58445576396932 	 172.897480233227 
 76 	-3.88170292261426 	-1.10753214713872 	 4.03661306498131 	 195.924571525295 	-3.48390612114495 	-5.82535320000796E-02 	 3.48439310855445 	 180.957939280745 
 77 	-3.73734089602381 	-1.24817921253039 	 3.94026246837505 	 198.468041615117 	-3.32901056731459 	-0.540964977226506 	 3.37267764007737 	 189.229898988245 
 78 	-3.51525193194288 	-1.34959110922478 	 3.76542060162297 	 201.003016120148 	-3.09876368638495 	-0.995262387677567 	 3.25467104395877 	 197.806004125121 
 79 	-3.22378675013024 	-1.40951554214537 	 3.51845634815393 	 203.616082474109 	-2.80109352426615 	-1.41239862332617 	 3.13703599004847 	 206.758664619919 
 80 	-2.87252100835497 	-1.42679830598431 	 3.20735566306582 	 206.413864664629 	-2.44514429442892 	-1.7847062460212 	 3.02719457669398 	 216.125636293703 
 81 	-2.47200705980205 	-1.40139341904378 	 2.84160560575362 	 209.549122078079 	-2.04104581841049 	-2.1057253325682 	 2.93256665893044 	 225.893601929195 
 82 	-2.03351223016203 	-1.33434648455005 	 2.43221144867169 	 213.272014182749 	-1.59966953785927 	-2.37030184904563 	 2.85959323784766 	 235.985369916178 
 83 	-1.56874937744545 	-1.22775205097447 	 1.99207171254137 	 218.047838613903 	-1.13237638275343 	-2.57465537162474 	 2.8126724933511 	 246.259305825011 
 84 	-1.08960552348424 	-1.0846863481702 	 1.53746046151248 	 224.870372737456 	-0.650761803822083 	-2.71641563347049 	 2.79327850725212 	 256.527761634339 
 85 	-0.607874255026928 	-0.90911734120138 	 1.09362034088508 	 236.231640225994 	-0.166403195195767 	-2.79462806185733 	 2.7995778302258 	 266.592406323322 
 86 	-0.134997388323299 	-0.705794555729881 	 0.718589068767436 	 259.171813989232 	 0.309385249979917 	-2.80972912976029 	 2.82671134280256 	 276.283645994198 
 87 	 0.318178919676537 	-0.480121576290892 	 0.575981382465249 	 303.5326312613 	 0.765785486808602 	-2.763492968219 	 2.86763330940387 	 285.488468300951 
 88 	 0.741628839704764 	-0.238014491967591 	 0.778886534912772 	 342.206757371868 	 1.19269197073782 	-2.65895125734181 	 2.91419558814814 	 294.15896710949 
 89 	 1.12634804218008 	 1.42501450087949E-02 	 1.12643818239426 	 0.724846652580249 	 1.58090746078881 	-2.50028892405597 	 2.95816042555753 	 302.304754589452 
 90 	 1.46452767162466 	 0.27019407918603 	 1.48924347954978 	 10.453089175965 	 1.92231483219478 	-2.29271861445279 	 2.99196473226781 	 309.977929321923 
 91 	 1.74969806099686 	 0.523298950447674 	 1.8262762924037 	 16.6508498447341 	 2.21002202459144 	-2.04233727050558 	 3.00920901163003 	 317.258194276238 
 92 	 1.9768398121182 	 0.767166833090134 	 2.12048121721676 	 21.2101069195709 	 2.43847786312602 	-1.75596841967699 	 3.00492918050635 	 324.242022135114 
 93 	 2.14246059225656 	 0.995675891487254 	 2.36252150683571 	 24.9259306700282 	 2.60355713130982 	-1.44099397809917 	 2.97573073057901 	 331.036733713728 
 94 	 2.24463674081642 	 1.20312749206162 	 2.54674495393188 	 28.1913519771617 	 2.70261393271972 	-1.105179472226 	 2.91985337562702 	 337.758882530178 
 95 	 2.28301952863561 	 1.38438135942625 	 2.66996065822296 	 31.2318577512013 	 2.73450304032102 	-0.756496600705366 	 2.83721588611154 	 344.535965962152 
 96 	 2.25880665041796 	 1.53497569029265 	 2.73099942397683 	 34.1981307734291 	 2.69956958403953 	-0.402946990170071 	 2.72947654614552 	 351.510513066128 
 97 	 2.17468024363295 	 1.65122953342237 	 2.73052982662591 	 37.2093160910288 	 2.59960805655629 	-5.23908499350238E-02 	 2.60013592892165 	 358.845453536949 
 98 	 2.03471340082288 	 1.73032519737957 	 2.67097059365595 	 40.3779196289848 	 2.43779221217049 	 0.287615992933038 	 2.45470035424081 	 6.7287738882789 
 99 	 1.84424776373415 	 1.77036894872346 	 2.55645379943441 	 43.8290999173771 	 2.21857798296541 	 0.609973487753808 	 2.30090328398684 	 15.3729989003029 
 100 	 1.60974534534356 	 1.77042879919199 	 2.39284312270229 	 47.7216225830925 	 1.94758203056216 	 0.908174343221792 	 2.14891982248175 	 25.0000465767598 
 101 	 1.33861820946656 	 1.73054873833833 	 2.18785229082767 	 52.2772456196091 	 1.63143898191845 	 1.17642415845246 	 2.01135947863968 	 35.7952233647714 
 102 	 1.03904003864569 	 1.65173933460083 	 1.95137055204193 	 57.8277212422808 	 1.27764075684373 	 1.40974270009414 	 1.90256153225511 	 47.8141857723953 
 103 	 0.719743932649588 	 1.53594518948996 	 1.69621901702087 	 64.8922111467979 	 0.894361677643341 	 1.6040447907684 	 1.83653001642452 	 60.8574256149731 
 104 	 0.389810997292986 	 1.38599027331548 	 1.43976444300298 	 74.2913149390225 	 0.490273253694249 	 1.75619975877363 	 1.82335006403173 	 74.4020135657627 
 105 	 5.84544035085116E-02 	 1.205502684084 	 1.20691906879594 	 87.2239220764963 	 7.43526535940628E-02 	 1.86406889002701 	 1.86555116356079 	 87.7158375636798 
 106 	-0.265196381249724 	 0.998820842169914 	 1.03342740208539 	 104.86949810419 	-0.344311085704365 	 1.92652080981361 	 1.95704689631695 	 100.13301562141 
 107 	-0.572306562046463 	 0.770883551524928 	 0.960102208607567 	 126.590318047397 	-0.756709108520525 	 1.94342519369865 	 2.08554792762491 	 111.274385632464 
 108 	-0.854537727587345 	 0.52710671432706 	 1.00402998767906 	 148.332362146286 	-1.1540991689411 	 1.91562565425236 	 2.23641823883198 	 121.067530810285 
 109 	-1.10423610309326 	 0.273249772420085 	 1.13754244294541 	 166.101028505395 	-1.52818275760303 	 1.84489306420326 	 2.39561536123404 	 129.636017819215 
 110 	-1.31460348524871 	 1.52751597169101E-02 	 1.31469222783602 	 179.334276222672 	-1.87126951483251 	 1.73386094946626 	 2.55106318801114 	 137.182756447026 
 111 	-1.47984741470408 	-0.240795819172433 	 1.49931017382571 	 189.241979809461 	-2.17642584931195 	 1.58594491053152 	 2.69296318890438 	 143.919462073299 
 112 	-1.59530762179174 	-0.489027219674463 	 1.66857844578232 	 197.04245035281 	-2.43760506705005 	 1.40524830256192 	 2.81365265353796 	 150.037098302793 
 113 	-1.65755631566601 	-0.723709365976568 	 1.80865922329401 	 203.586670364827 	-2.64975674667408 	 1.1964566191784 	 2.90735605974236 	 155.699181462334 
 114 	-1.66447046441012 	-0.939493119948887 	 1.91131087197371 	 209.442105486003 	-2.80891356437667 	 0.964723179649566 	 2.96996401080761 	 161.044932758116 
 115 	-1.61527482148801 	-1.13151438306246 	 1.97216569993759 	 215.011584401567 	-2.91225426516138 	 0.715548812771074 	 2.99887228944627 	 166.195722182299 
 116 	-1.51055507953613 	-1.29550596642713 	 1.99000310486208 	 220.617569025944 	-2.95814198597096 	 0.454658263228857 	 2.99287790353808 	 171.262172699691 
 117 	-1.35224116298933 	-1.4278942912326 	 1.96658034918927 	 226.558749774839 	-2.94613765039617 	 0.187876019121266 	 2.95212202553396 	 176.351172983968 
 118 	-1.1435612935947 	-1.52587876553313 	 1.9068399091987 	 233.150481306182 	-2.87698866361813 	-7.89958247432953E-02 	 2.87807298568228 	 181.572821771904 
 119 	-0.888968064995848 	-1.58749211390268 	 1.81944921124105 	 240.75192976557 	-2.75259363002327 	-0.340295190315554 	 2.77354872115068 	 187.047552564465 
 120 	-0.5940383323516 	-1.61164040343652 	 1.71763393372747 	 249.766499127031 	-2.5759442850464 	-0.590610834473033 	 2.64278453859942 	 192.913542718598 
 121 	-0.26534924927262 	-1.59812200158329 	 1.62000128272607 	 260.572718431877 	-2.3510462684327 	-0.824884297681015 	 2.49155627286883 	 199.333849060723 
 122 	 8.96667428865631E-02 	-1.54762520657944 	 1.55022059876004 	 273.315911910725 	-2.08282076029367 	-1.03850118278894 	 2.32736482446657 	 206.500992725791 
 123 	 0.462884758059496 	-1.46170479785621 	 1.53324597352143 	 287.571671037891 	-1.77698934708127 	-1.22737025638247 	 2.15965943747914 	 214.632918697392 
 124 	 0.84566458524022 	-1.34273824981204 	 1.58685052800754 	 302.202969210799 	-1.43994477602956 	-1.38798917937878 	 1.9999887299901 	 223.947464265276 
 125 	 1.2290382652278 	-1.19386282626669 	 1.71343033279315 	 315.831756040208 	-1.07861048902045 	-1.51749600165349 	 1.86177192536015 	 234.595429086191 
 126 	 1.60390412093956 	-1.01889521383547 	 1.90017259372504 	 327.573861094959 	-0.700291996778509 	-1.6137058897352 	 1.75910647185385 	 246.540840412327 
 127 	 1.96122313761627 	-0.822235750353642 	 2.12660946689349 	 337.254307472835 	-0.312523259651833 	-1.67513288944485 	 1.70403667364387 	 259.432036466722 
 128 	 2.29221357345208 	-0.608759650406497 	 2.3716726962802 	 345.126876551936 	 7.70887188350125E-02 	-1.70099684954225 	 1.70274277350523 	 272.594853755035 
 129 	 2.5885397493044 	-0.383697916335837 	 2.61682290664259 	 351.568470808193 	 0.461017904485848 	-1.69121594117378 	 1.75292580217671 	 285.248092698298 
 130 	 2.84249111593999 	-0.152510843613398 	 2.84657957935791 	 356.928800575671 	 0.831968758040315 	-1.64638549498337 	 1.8446563941414 	 296.808860658958 
 131 	 3.04714792492594 	 7.92428204034685E-02 	 3.04817812815556 	 1.48967368112847 	 1.18301832938929 	-1.56774413765498 	 1.96401477815789 	 307.038171785574 
 132 	 3.19653012944656 	 0.306037928506518 	 3.21114684842412 	 5.46886711481883 	 1.50774818052909 	-1.45712843770599 	 2.09678989406672 	 315.978123626034 
 133 	 3.28572650730623 	 0.522513058319325 	 3.32701346209014 	 9.03580648324423 	 1.80036365306897 	-1.31691746274197 	 2.23060101474168 	 323.815536341908 
 134 	 3.3110014222223 	 0.72359564310641 	 3.38914754365765 	 12.3277592460038 	 2.0557982968377 	-1.14996880425162 	 2.35557527751348 	 330.778301000715 
 135 	 3.26987711221186 	 0.904619185462024 	 3.39270278681658 	 15.4642304211138 	 2.26980161512857 	-0.959547739477227 	 2.46429122393765 	 337.084022247943 
 136 	 3.16118990555169 	 1.06142984162802 	 3.33462965374873 	 18.5604593619966 	 2.4390086519698 	-0.749251272037668 	 2.55149773134008 	 342.923303788526 
 137 	 2.98511930488695 	 1.19047993742647 	 3.21374855049733 	 21.742351254728 	 2.56099033962945 	-0.522928823875279 	 2.61383359732691 	 348.459414308244 
 138 	 2.74318943757175 	 1.2889063053784 	 3.03090213541272 	 25.1668055180427 	 2.63428393217304 	-0.284601341749489 	 2.64961313384249 	 353.833826080388 
 139 	 2.43824293399124 	 1.35459170838771 	 2.78925568953277 	 29.0548249761815 	 2.6584032649559 	-3.83805337934462E-02 	 2.6586803088191 	 359.172853170659 
 140 	 2.07438785417752 	 1.38620802922863 	 2.49492638565893 	 33.7527950398292 	 2.63382899213923 	 0.211610131720972 	 2.6423160310001 	 4.59345704361458 
 141 	 1.65691882542511 	 1.38324034699708 	 2.15841002861105 	 39.8560361133836 	 2.56197935653578 	 0.461311148890596 	 2.60318001671153 	 10.2073283693566 
 142 	 1.19221406919222 	 1.34599148109829 	 1.7980732615689 	 48.4670321319229 	 2.44516243051983 	 0.70679804529929 	 2.54526674210475 	 16.1224534601846 
 143 	 0.687610474315966 	 1.27556704933754 	 1.44909608437285 	 61.6725539087636 	 2.28651112605686 	 0.944346596653235 	 2.47384793877723 	 22.4409999223148 
 144 	 0.151259306255105 	 1.17384154827435 	 1.18354693957777 	 82.6574208570843 	 2.08990259941225 	 1.17049116622073 	 2.39535852123035 	 29.2518673023401 
 145 	-0.408034479531922 	 1.04340641038298 	 1.12035220967122 	 111.358478701756 	 1.85986396580753 	 1.38207535041504 	 2.31715908938816 	 36.6162475146155 
 146 	-0.980986034969983 	 0.887501413352817 	 1.32287276769513 	 137.864248112914 	 1.60146648606302 	 1.57629432031921 	 2.24708671177897 	 44.5461493859589 
 147 	-1.55801399265633 	 0.709931202342592 	 1.71213606742353 	 155.50294405957 	 1.32021058687016 	 1.75072846057246 	 2.19271661104267 	 52.9803406336256 
 148 	-2.12942970218014 	 0.514969027341024 	 2.19081353739828 	 166.404937344448 	 1.02190422553679 	 1.90336811670587 	 2.16034683184493 	 61.7689787242793 
 149 	-2.68562851335944 	 0.307250087235862 	 2.70314689350684 	 173.47343594326 	 0.712537206632866 	 2.03262946487312 	 2.15390153263945 	 70.6819113563138 
 150 	-3.21727926339381 	 9.16571032661724E-02 	 3.21858460868173 	 178.368141315618 	 0.398154100785188 	 2.13736170947273 	 2.17413011687255 	 79.4477216645029 
 151 	-3.7155081744622 	-0.126799087858547 	 3.71767118007728 	 181.954573584998 	 8.47284048392848E-02 	 2.21684599036505 	 2.21846456982847 	 87.8112064363078 
 152 	-4.17207349282047 	-0.343101030317361 	 4.1861576112827 	 184.701284307489 	-0.221959481308673 	 2.27078653875159 	 2.28160853695769 	 95.5826782942615 
 153 	-4.57952739710197 	-0.552345312614147 	 4.61271682690087 	 186.87733019072 	-0.516438000727713 	 2.29929475641832 	 2.35657900047684 	 102.658956651007 
 154 	-4.93136196803787 	-0.749859513533159 	 4.98804772930719 	 188.646124197993 	-0.793651610613502 	 2.30286700471538 	 2.43579131298972 	 109.015811313716 
 155 	-5.22213633864063 	-0.931312652025442 	 5.30453119466496 	 190.111787605036 	-1.04905728779219 	 2.28235697581208 	 2.51190655839503 	 114.685294459102 
 156 	-5.44758252631009 	-1.09281653368671 	 5.55611405185837 	 191.343302190438 	-1.27870852413383 	 2.23894357859295 	 2.57836456650628 	 119.731610837969 
 157 	-5.60468787855747 	-1.23101561865257 	 5.7382859522174 	 192.387762036197 	-1.47932524792316 	 2.17409530491213 	 2.62965655247674 	 124.232646364103 
 158 	-5.69175253345277 	-1.34316332305352 	 5.84808811616773 	 193.277975494916 	-1.64834841587172 	 2.08953204934943 	 2.66142756530499 	 128.268498555082 
 159 	-5.70842079512208 	-1.42718300160863 	 5.88412434388183 	 194.036978441468 	-1.78397835080965 	 1.98718533830344 	 2.67048391212636 	 131.91563273579 
 160 	-5.65568584376749 	-1.48171223436647 	 5.84655911702458 	 194.680765200429 	-1.88519624538641 	 1.86915788400209 	 2.65475348741577 	 135.24476242678 
 161 	-5.53586772852884 	-1.50612944699839 	 5.73709485880117 	 195.219925322982 	-1.95176860533645 	 1.73768331812275 	 2.61322482822644 	 138.320938841466 
 162 	-5.35256511969438 	-1.50056232169441 	 5.55892441411626 	 195.660549513504 	-1.98423475994913 	 1.59508688095715 	 2.54587700810388 	 141.204890395744 
 163 	-5.11058181399607 	-1.46587789443147 	 5.31665726551281 	 196.004580217739 	-1.98387791529767 	 1.44374774855914 	 2.45360533588338 	 143.955111474181 
 164 	-4.81582948295577 	-1.40365467377999 	 5.01621969735482 	 196.249653330184 	-1.9526805606949 	 1.28606357547528 	 2.33814475434692 	 146.630523484441 
 165 	-4.4752086198864 	-1.31613754611199 	 4.6647304564992 	 196.388358630194 	-1.89326535423326 	 1.12441771804928 	 2.20199203136686 	 149.293757527874 
 166 	-4.09647006723617 	-1.20617664196044 	 4.27035468121477 	 196.406692204393 	-1.80882290305299 	 0.961149486553748 	 2.04832825252975 	 152.015280796438 
 167 	-3.68805988432755 	-1.07715171873923 	 3.84214022851444 	 196.281214617137 	-1.7030281126319 	 0.798527657149372 	 1.88094422342797 	 154.878732334092 
 168 	-3.25895063897101 	-0.932883957171623 	 3.38984243657397 	 195.973921228497 	-1.5799470020193 	 0.63872736038893 	 1.70417286978146 	 157.987925674673 
 169 	-2.81846246879292 	-0.777537364620688 	 2.92374674713382 	 195.422737055835 	-1.44393606439803 	 0.483810354940537 	 1.5228341398908 	 161.475876434377 
 170 	-2.37607745447253 	-0.615512221206323 	 2.45450593075409 	 194.522979460327 	-1.29953639131552 	 0.335708596367671 	 1.34219785949334 	 165.515471912943 
 171 	-1.9412509737815 	-0.451333188531283 	 1.99302709220859 	 193.088518219616 	-1.15136487190485 	 0.196210923762276 	 1.1679639527229 	 170.328794211551 
 172 	-1.5232237600616 	-0.289534821818198 	 1.5504970287819 	 190.762407299455 	-1.00400482385848 	 6.69526139314001E-02 	 1.00623473347094 	 176.184848016255 
 173 	-1.13083837065078 	-0.134547281562027 	 1.13881446755468 	 186.785161004197 	-0.861898410187678 	-5.05925046530286E-02 	 0.863381995996624 	 183.359345559577 
 174 	-0.772363680265185 	 9.41497074346941E-03 	 0.772421061511713 	 179.30160961041 	-0.729243145206556 	-0.155117726685967 	 0.745558229760072 	 192.008442444523 
 175 	-0.455330853351482 	 0.138458786239179 	 0.475917032160665 	 163.086327322345 	-0.609894695955051 	-0.24548730561893 	 0.657446239151268 	 201.92516442813 
 176 	-0.186384021165881 	 0.249109687608294 	 0.31111836944524 	 126.803858405323 	-0.507278043551254 	-0.320738828065781 	 0.600170316908624 	 212.304112233344 
 177 	 2.88514016591475E-02 	 0.338398612666073 	 0.339626301148807 	 85.1268253656966 	-0.424308885729438 	-0.38008449432879 	 0.569650992571881 	 221.8531284985 
 178 	 0.185880174323827 	 0.403935941648442 	 0.444652318291572 	 65.2894173160767 	-0.363326940856039 	-0.422911645800755 	 0.557548855353242 	 229.333848313332 
 179 	 0.281426272350268 	 0.44397101672375 	 0.525652937269153 	 57.6300299767203 	-0.326042559526141 	-0.448782839177465 	 0.554715951963294 	 234.001442197136 
 180 	 0.313497767561122 	 0.457435714281107 	 0.554552326625427 	 55.5757040314731 	-0.313497767561122 	-0.457435714281107 	 0.554552326625427 	 235.575704031473 
******************************************

