MiePlot v4.6.18

Date & Time: 4/28/2021 03:35:19 

Calculation Method:         Mie (plane wave)

Graph type: Intensity v. scattering angle

Radius = 0.9 umWavelength = 0.6 umSize parameter x = 9.424778

Point

Wavelength = 0.60 um

Angle	Perpendicular	Parallel	Unpolarised
theta	[S1(theta)]^2	[S2(theta)]^2	[[S1(theta)]^2 + [S2(theta)]^2]/2
 0 	 3185.30968920556 	 3185.30968920556 	 3185.30968920556 
 1 	 3154.32818200479 	 3154.61699388471 	 3154.47258794475 
 2 	 3062.82052943635 	 3063.993855538 	 3063.40719248718 
 3 	 2915.00972026528 	 2917.71302714017 	 2916.36137370273 
 4 	 2717.64821384852 	 2722.59564214632 	 2720.12192799742 
 5 	 2479.61039003757 	 2487.58442022378 	 2483.59740513067 
 6 	 2211.36273029055 	 2223.19093577036 	 2217.27683303045 
 7 	 1924.34863007514 	 1940.8572574072 	 1932.60294374117 
 8 	 1630.33015291568 	 1652.27784881382 	 1641.30400086475 
 9 	 1340.73120647103 	 1368.72950022954 	 1354.73035335029 
 10 	 1066.02543821858 	 1100.45515292749 	 1083.24029557304 
 11 	 815.207775206476 	 856.142031596126 	 835.674903401301 
 12 	 595.381387511489 	 642.526056902123 	 618.953722206806 
 13 	 411.482571955151 	 464.143860832781 	 437.813216393966 
 14 	 266.155420555203 	 323.241824755947 	 294.698622655575 
 15 	 159.777031108376 	 219.839433558167 	 189.808232333271 
 16 	 90.6233175316105 	 151.932898018239 	 121.278107774925 
 17 	 55.1560011851603 	 115.815341553608 	 85.485671369384 
 18 	 48.4037950281424 	 106.482590861491 	 77.4431929448166 
 19 	 64.4056293810752 	 118.089225642813 	 91.2474275119442 
 20 	 96.681292390509 	 144.418231220041 	 120.549761805275 
 21 	 138.695119657094 	 179.329283786601 	 159.012201721848 
 22 	 184.281191552542 	 217.155051020465 	 200.718121286504 
 23 	 228.003511664605 	 253.021370259489 	 240.512440962047 
 24 	 265.4313183951 	 283.075082660404 	 274.253200527752 
 25 	 293.317394693147 	 304.611887364343 	 298.964641028745 
 26 	 309.675315652851 	 316.105063787786 	 312.890189720318 
 27 	 313.759353266623 	 317.143587984397 	 315.45147062551 
 28 	 305.957654318423 	 308.294460610769 	 307.126057464596 
 29 	 287.614846894501 	 290.908557056937 	 289.261701975719 
 30 	 260.8040835121 	 266.891784141312 	 263.847933826706 
 31 	 228.070525741468 	 238.463757796628 	 233.267141769048 
 32 	 192.16841035516 	 207.924759462853 	 200.046584909006 
 33 	 155.812254576642 	 177.448694152155 	 166.630474364399 
 34 	 121.459728006186 	 148.915579034442 	 135.187653520314 
 35 	 91.1396045702739 	 123.79221833584 	 107.465911453057 
 36 	 66.3334280791473 	 103.064660938407 	 84.6990445087773 
 37 	 47.9145147394925 	 87.2212500231913 	 67.5678823813419 
 38 	 36.1430898020086 	 76.2809458157122 	 56.2120178088604 
 39 	 30.7120757713782 	 69.8584192618388 	 50.2852475166085 
 40 	 30.8346020689557 	 67.2553468668213 	 49.0449744678885 
 41 	 35.3618842870971 	 67.5664367452418 	 51.4641605161695 
 42 	 42.918819938134 	 69.78892449205 	 56.353872215092 
 43 	 52.0444648065938 	 72.9254435079232 	 62.4849541572585 
 44 	 61.3254003565668 	 76.0720784852433 	 68.698739420905 
 45 	 69.5117170828386 	 78.4857934251697 	 73.9987552540041 
 46 	 75.6077079292426 	 79.6280158424778 	 77.6178618858602 
 47 	 78.9321458707176 	 79.1837004455533 	 79.0579231581355 
 48 	 79.1459572205683 	 77.0574686001338 	 78.1017129103511 
 49 	 76.2479547604456 	 73.3502562170653 	 74.7991054887554 
 50 	 70.5418479337682 	 68.3211948879214 	 69.4315214108448 
 51 	 62.5798279246868 	 62.3401542750735 	 62.4599910998801 
 52 	 53.0895106234145 	 55.8365016191644 	 54.4630061212895 
 53 	 42.8918423350258 	 49.2492500179627 	 46.0705461764942 
 54 	 32.8177189588578 	 42.9829714124365 	 37.9003451856472 
 55 	 23.6305783495645 	 37.372766823154 	 30.5016725863592 
 56 	 15.9611818211201 	 32.6603482414136 	 24.3107650312669 
 57 	 10.2593242620241 	 28.9820227094014 	 19.6206734857127 
 58 	 6.7654479754911 	 26.3681938168737 	 16.5668208961824 
 59 	 5.50324101943245 	 24.7530007261945 	 15.1281208728135 
 60 	 6.2924352860516 	 23.9919640657554 	 15.1421996759035 
 61 	 8.77933098222714 	 23.8850365525192 	 16.3321837673732 
 62 	 12.4811897190259 	 24.2022707765168 	 18.3417302477713 
 63 	 16.8396557244257 	 24.7093990025967 	 20.7745273635112 
 64 	 21.2778455913592 	 25.1909317686251 	 23.2343886799922 
 65 	 25.2557139095098 	 25.4688707251825 	 25.3622923173461 
 66 	 28.3187374857086 	 25.4157354492378 	 26.8672364674732 
 67 	 30.135809255567 	 24.9612602327571 	 27.5485347441621 
 68 	 30.5234064469695 	 24.0927641651367 	 27.3080853060531 
 69 	 29.4544831712232 	 22.8497823147306 	 26.1521327429769 
 70 	 27.0520072316516 	 21.3140239356747 	 24.1830155836631 
 71 	 23.5684820718209 	 19.596064388943 	 21.582273230382 
 72 	 19.3540419734656 	 17.8203635300695 	 18.5872027517676 
 73 	 14.8166742187271 	 16.1102310902238 	 15.4634526544755 
 74 	 10.3787254710041 	 14.574238417246 	 12.4764819441251 
 75 	 6.43404478406509 	 13.2953265626021 	 9.86468567333357 
 76 	 3.30989425651605 	 12.3235129446472 	 7.81670360058162 
 77 	 1.23715095046264 	 11.672688947089 	 6.45491994877581 
 78 	 0.331396517009836 	 11.3215684499474 	 5.82648248347862 
 79 	 0.586339550416598 	 11.218432234384 	 5.9023858924003 
 80 	 1.87975566930106 	 11.2889522648368 	 6.58435396706893 
 81 	 3.9908862706201 	 11.4461039555615 	 7.71849511309078 
 82 	 6.62713022376375 	 11.6010062584206 	 9.11406824109215 
 83 	 9.45699985455572 	 11.6734812084531 	 10.5652405315044 
 84 	 12.145774369631 	 11.6011977472165 	 11.8734860584238 
 85 	 14.390118003461 	 11.3464493300481 	 12.8682836667546 
 86 	 15.9481463111093 	 10.8998908396809 	 13.4240185753951 
 87 	 16.661993157764 	 10.2808990442656 	 13.4714461010148 
 88 	 16.4707885234324 	 9.5345878002678 	 13.0026881618501 
 89 	 15.4130099906471 	 8.7258673644852 	 12.0694386775662 
 90 	 13.6183065252835 	 7.93125044573761 	 10.7747784855106 
 91 	 11.2899925105698 	 7.22934436477379 	 9.2596684376718 
 92 	 8.68035884662322 	 6.69110489619087 	 7.68573187140704 
 93 	 6.06164935967854 	 6.37094913050572 	 6.21629924509213 
 94 	 3.69593510652027 	 6.2997297172323 	 4.99783241187628 
 95 	 1.80715115404731 	 6.48037080730417 	 4.14376098067574 
 96 	 0.558242700539131 	 6.88667771603704 	 3.72246020828808 
 97 	 0.035739942800871 	 7.46548771870258 	 3.75061383075173 
 98 	 0.243216584122502 	 8.14196456053431 	 4.19259057232841 
 99 	 1.10408268261252 	 8.82749277245431 	 4.96578772753342 
 100 	 2.47312995851363 	 9.42933676115749 	 5.95123335983556 
 101 	 4.15529976525433 	 9.86102547077914 	 7.00816261801674 
 102 	 5.92938315916726 	 10.0523289265392 	 7.99085604285323 
 103 	 7.57386965753216 	 9.95771952576411 	 8.76579459164814 
 104 	 8.89198674220179 	 9.56235715929683 	 9.22717195074931 
 105 	 9.7331306246104 	 8.88488898314932 	 9.30900980387986 
 106 	 10.0083578466394 	 7.97668634090183 	 8.99252209377063 
 107 	 9.69833023650983 	 6.91751852662743 	 8.30792438156863 
 108 	 8.85299807224236 	 5.8080460379824 	 7.33052205511238 
 109 	 7.58326535029275 	 4.75986383344793 	 6.17156459187034 
 110 	 6.0457975519393 	 3.88410023547717 	 4.96494889370823 
 111 	 4.42290268959855 	 3.27974916208036 	 3.85132592583946 
 112 	 2.89995446494436 	 3.02296259987448 	 2.96145853240942 
 113 	 1.64307280497333 	 3.15844979405837 	 2.40076129951585 
 114 	 0.779706127689764 	 3.69392641826436 	 2.23681627297706 
 115 	 0.384382025307025 	 4.59825106432456 	 2.49131654481579 
 116 	 0.471254256715217 	 5.80350899584503 	 3.13738162628012 
 117 	 0.994249373652994 	 7.21089343129585 	 4.10257140247442 
 118 	 1.85470243378986 	 8.69983570261058 	 5.27726906820022 
 119 	 2.91547462155331 	 10.139489806048 	 6.52748221380063 
 120 	 4.01977064352575 	 11.4014212220055 	 7.71059593276563 
 121 	 5.01231087474373 	 12.3722122903764 	 8.69226158256008 
 122 	 5.76022836623403 	 12.9646924614472 	 9.36246041384062 
 123 	 6.17108790933347 	 13.1266329271434 	 9.64886041823842 
 124 	 6.2057613010472 	 12.8459986872684 	 9.52587999415779 
 125 	 5.88450177719189 	 12.1522011803245 	 9.0183514787582 
 126 	 5.28537159145335 	 11.1132049801176 	 8.19928828578548 
 127 	 4.53509637868748 	 9.8287699027118 	 7.18193314069964 
 128 	 3.79334145402173 	 8.42051028074785 	 6.10692586738479 
 129 	 3.2322206834275 	 7.01978392774552 	 5.12600230558651 
 130 	 3.01346141479688 	 5.75464940514684 	 4.38405540997186 
 131 	 3.2659850228875 	 4.73722753087142 	 4.00160627687946 
 132 	 4.06667886820224 	 4.05276108089178 	 4.05971997454701 
 133 	 5.42682521011087 	 3.7514894884071 	 4.58915734925899 
 134 	 7.28604662026746 	 3.84416149254506 	 5.56510405640626 
 135 	 9.51479082342852 	 4.30162895475319 	 6.90820988909085 
 136 	 11.9254030524657 	 5.05853938717212 	 8.49197121981893 
 137 	 14.2908304405766 	 6.02071794769519 	 10.1557741941359 
 138 	 16.3690850519205 	 7.07544669854883 	 11.7222658752347 
 139 	 17.9308662126705 	 8.10355009119025 	 13.0172081519304 
 140 	 18.7872950511442 	 8.99201228228515 	 13.8896536667147 
 141 	 18.8146006910105 	 9.64580308434511 	 14.2302018876778 
 142 	 17.9728376890191 	 9.99767989900675 	 13.9852587940129 
 143 	 16.3162879946215 	 10.0149528741866 	 13.165620434404 
 144 	 13.9940502315338 	 9.70252607294355 	 11.8482881522387 
 145 	 11.2403551247614 	 9.10192379715734 	 10.1711394609594 
 146 	 8.35525703340548 	 8.2864361173083 	 8.32084657535689 
 147 	 5.67741649199197 	 7.35292597819963 	 6.5151712350958 
 148 	 3.55158953105514 	 6.411188774358 	 4.98138915270657 
 149 	 2.29407497740435 	 5.57200735638895 	 3.93304116689665 
 150 	 2.15966745102426 	 4.93517481569554 	 3.5474211333599 
 151 	 3.31358417502106 	 4.5787510752164 	 3.94616762511873 
 152 	 5.81138150589412 	 4.55067880440522 	 5.18103015514967 
 153 	 9.58909647653112 	 4.86362531000769 	 7.2263608932694 
 154 	 14.4648200172419 	 5.49356821837433 	 9.97919411780811 
 155 	 20.1517399456948 	 6.3822418007965 	 13.2669908732457 
 156 	 26.2815074133848 	 7.44315088687484 	 16.8623291501298 
 157 	 32.4357069853141 	 8.57048432844098 	 20.5030956568776 
 158 	 38.1823634232315 	 9.64995974540663 	 23.9161615843191 
 159 	 43.1138891926568 	 10.570437330747 	 26.8421632617019 
 160 	 46.8827234166281 	 11.2350726904742 	 29.0588980535512 
 161 	 49.2311527803635 	 11.5708431971124 	 30.400997988738 
 162 	 50.0124126875238 	 11.535470986431 	 30.7739418369774 
 163 	 49.2010779444373 	 11.1210570333211 	 30.1610674888792 
 164 	 46.8918687712447 	 10.3541022793807 	 28.6229855253127 
 165 	 43.2872001621452 	 9.29198377761984 	 26.2895919698825 
 166 	 38.6749615130284 	 8.01633350461147 	 23.3456475088199 
 167 	 33.3990048508952 	 6.62409377724319 	 20.0115493140692 
 168 	 27.8255381941576 	 5.21726114278315 	 16.5213996684704 
 169 	 22.3089897446974 	 3.89245513301387 	 13.1007224388557 
 170 	 17.1608911505307 	 2.73144690768843 	 9.94616902910959 
 171 	 12.6249286241291 	 1.79365694682016 	 7.20929278547465 
 172 	 8.86057557544969 	 1.11139560731105 	 4.98598559138037 
 173 	 5.93673246498681 	 0.688302473722067 	 3.31251746935444 
 174 	 3.83566900612428 	 0.501075839945077 	 2.16837242303468 
 175 	 2.46641604711759 	 0.504213110609042 	 1.48531457886332 
 176 	 1.68571620444508 	 0.637147574395958 	 1.16143188942052 
 177 	 1.32382775963034 	 0.832903921381454 	 1.0783658405059 
 178 	 1.21197445756452 	 1.02723290976022 	 1.11960368366237 
 179 	 1.20809869090021 	 1.16714224583194 	 1.18762046836607 
 180 	 1.21782029204326 	 1.21782029204326 	 1.21782029204326 

Real and imaginary values of S1 (perpendicular polarisation) and S2 (parallel polarisation) 

Angle	S1 Real	S1 Imaginary	S1 Magnitude	S1 Phase	S2 Real	S2 Imaginary	S2 Magnitude	S2 Phase
 0 	 51.8366335014672 	 22.3220320858145 	 56.4385479012843 	 23.2978095718079 	 51.8366335014672 	 22.3220320858145 	 56.4385479012843 	 23.2978095718079 
 1 	 51.5607361038586 	 22.266986200046 	 56.1634060755292 	 23.3575530924988 	 51.5525900869161 	 22.2923181660208 	 56.1659771915766 	 23.3845714725328 
 2 	 50.7378505558669 	 22.1018336435435 	 55.3427549859631 	 23.5383456153481 	 50.705497859322 	 22.2023949693789 	 55.3533545102553 	 23.6471486694052 
 3 	 49.3822983443858 	 21.826551044344 	 53.9908299645901 	 23.8450163209945 	 49.31036644145 	 22.0499611915779 	 54.0158590336224 	 24.0926105389649 
 4 	 47.5176226627215 	 21.441169518749 	 52.1310676453928 	 24.2861166823862 	 47.3918661429674 	 21.8313230390047 	 52.1784978908584 	 24.7334199297447 
 5 	 45.1761071558338 	 20.9458762595933 	 49.7956864601501 	 24.8747700267624 	 44.9838175592777 	 21.5416011015291 	 49.8756896716604 	 25.5885697793575 
 6 	 42.3981173206755 	 20.3411498680084 	 47.0251287110471 	 25.6300804227938 	 42.1284931912794 	 21.1750087887273 	 47.1507257183848 	 26.6854358258641 
 7 	 39.2312792846583 	 19.6279228591382 	 43.8673982597001 	 26.5794007134864 	 38.8757468032863 	 20.7251916250243 	 44.0551615296914 	 28.0626869326506 
 8 	 35.7295142840394 	 18.8077633423622 	 40.3773470267138 	 27.7620011065208 	 35.2819900768845 	 20.1856143089193 	 40.6482207336781 	 29.7748372284114 
 9 	 31.951950327868 	 17.8830667592694 	 36.6159965926237 	 29.2351388731341 	 31.409039493823 	 19.5499805193 	 36.9963444171116 	 31.8994415885425 
 10 	 27.9617351879646 	 16.8572478031477 	 32.6500449956594 	 31.0844490398799 	 27.3228592118605 	 18.8126690667841 	 33.1731088824591 	 34.5486638438197 
 11 	 23.8247769398097 	 15.7349222741895 	 28.5518436393602 	 33.4425133299347 	 23.0922279180525 	 17.9691691899443 	 29.2599048459855 	 37.88819534324 
 12 	 19.608439745863 	 14.5220686627061 	 24.4004382647421 	 36.5237579531633 	 18.7873592035921 	 17.0164976142956 	 25.3480976978968 	 42.1684536472245 
 13 	 15.3802233896614 	 13.2261597011099 	 20.2850332007407 	 40.6937484079554 	 14.4785058686156 	 15.9535804334089 	 21.5439982554952 	 47.775013558012 
 14 	 11.2064552200169 	 11.8562549718264 	 16.314270457339 	 46.6139012198901 	 10.2345787171071 	 14.78158392187 	 17.9789272415221 	 55.301769155339 
 15 	 7.15102264998035 	 10.4230468754507 	 12.6402939486539 	 55.5468405579872 	 6.12180984135045 	 13.5041800130371 	 14.8269832925706 	 65.6139284024786 
 16 	 3.27417319152571 	 8.93885381038894 	 9.51962801435069 	 69.8829462912245 	 2.20248913987406 	 12.1277343146598 	 12.3261063608197 	 79.706831409318 
 17 	-0.3685927736494 	 7.41755623857169 	 7.42670863742212 	 92.8447985432234 	-1.46619910307608 	 10.6614071183754 	 10.7617536467626 	 97.8304247730344 
 18 	-3.72751363704588 	 5.87447334778015 	 6.9572835954949 	 122.396241628446 	-4.83321527445136 	 9.11716079557122 	 10.3190402102856 	 117.929084671034 
 19 	-6.75942262908584 	 4.32618019764289 	 8.02531179338692 	 147.379856647634 	-7.85455789473131 	 7.50967016060808 	 10.8668866582298 	 136.285928161055 
 20 	-9.42845161223564 	 2.79026747575214 	 9.83266456208636 	 163.514342866862 	-10.4939937931778 	 5.85613571297547 	 12.0174136660115 	 150.836454461981 
 21 	-11.7065695551652 	 1.28504821200379 	 11.7768892181719 	 173.735634920276 	-12.7236112207699 	 4.17600302793218 	 13.3913884189281 	 161.829701339528 
 22 	-13.5739465534 	-0.170782077458095 	 13.5750208674809 	 180.72083501647 	-14.5241863244269 	 2.49059483533465 	 14.736181697457 	 170.269607377628 
 23 	-15.019138340189 	-1.55852339824243 	 15.0997851529287 	 185.924331263133 	-15.885357783332 	 0.822665396757487 	 15.9066454747533 	 177.035434442151 
 24 	-16.0390903765224 	-2.85987732059347 	 16.292063049077 	 190.109972028253 	-16.8056088570409 	-0.804110443005892 	 16.824835293708 	 182.739384450453 
 25 	-16.638964721255 	-4.05736955403094 	 17.1265114571867 	 193.703988647687 	-17.292060508128 	-2.36569878631719 	 17.4531340269976 	 187.790181277692 
 26 	-16.8317968628328 	-5.13477653079298 	 17.5975940302318 	 196.965064572953 	-17.3600835338488 	-3.83830216183881 	 17.7793437389513 	 192.467481660202 
 27 	-16.6379934492333 	-6.07754286285922 	 17.7132536047622 	 200.066288133428 	-17.0327416706686 	-5.19897097170835 	 17.8085257105802 	 196.973968471353 
 28 	-16.0846852950512 	-6.87317636013986 	 17.4916452719126 	 203.137591935085 	-16.3400813285145 	-6.42621216489948 	 17.5583159958684 	 201.468676309247 
 29 	-15.2049530955848 	-7.5116075679954 	 16.9592112698233 	 206.290464608373 	-15.3182868835392 	-7.50057624523121 	 17.0560416585132 	 206.088611709367 
 30 	-14.0369458693033 	-7.98550149798669 	 16.1494298200308 	 209.635186948928 	-14.0087232356136 	-8.40520418843537 	 16.3368229512752 	 210.963667054261 
 31 	-12.6229142263875 	-8.29051036877294 	 15.10200403064 	 213.296212363004 	-12.4568895592884 	-9.12631690794917 	 15.442271782242 	 216.22770112921 
 32 	-11.0081820797852 	-8.4254577118075 	 13.8624821137905 	 217.429770932682 	-10.7113097985624 	-9.65363153751346 	 14.4195963696233 	 222.026944487917 
 33 	-9.24008134839297 	-8.39244608274148 	 12.4824779021091 	 222.247781733662 	-8.82238644578408 	-9.98069093567174 	 13.320986981157 	 228.525071969544 
 34 	-7.36687453642647 	-8.19688279596194 	 11.0208769163885 	 228.052666671445 	-6.84124448869195 	-10.1050953919488 	 12.2030971082935 	 235.90163073096 
 35 	-5.43668981063004 	-7.84742049805319 	 9.54670647764316 	 235.285798171122 	-4.81859210834181 	-10.0286284420785 	 11.126195141909 	 244.336475886526 
 36 	-3.4964923543145 	-7.35581193991306 	 8.14453363177704 	 244.576512174334 	-2.80362378176688 	-9.75727188453405 	 10.152076681074 	 253.968691133463 
 37 	-1.59111438502224 	-6.73668091520355 	 6.92203111373335 	 256.711031750287 	-0.842989919157493 	-9.3011084296115 	 9.3392317683625 	 264.821245029248 
 38 	 0.23763567521808 	-6.00721392060181 	 6.01191232487705 	 272.26534728715 	 1.02014490713109 	-8.67411379820248 	 8.73389637079077 	 276.707627694619 
 39 	 1.9517667358678 	-5.18677957697627 	 5.54184768568915 	 290.621140556907 	 2.74693564576877 	-7.89384341242235 	 8.358134915269 	 289.187107639642 
 40 	 3.51778587067767 	-4.29648514916742 	 5.55289132515266 	 309.309210458042 	 4.30356584531033 	-6.98102197976053 	 8.20093573117247 	 301.652439342267 
 41 	 4.90725407929409 	-3.35868154018041 	 5.9465859354 	 325.611014399301 	 5.66181892977866 	-5.9590471681001 	 8.21988057974335 	 313.534858647706 
 42 	 6.09720787990713 	-2.39642984611117 	 6.55124567835263 	 338.543324329383 	 6.7995020406856 	-4.85342111203657 	 8.3539765676024 	 324.481108168546 
 43 	 7.07044104928436 	-1.4329438841729 	 7.21418497174794 	 348.543221826258 	 7.70071654309235 	-3.69112560486188 	 8.53963954203708 	 334.390558171575 
 44 	 7.81564429749432 	-0.491024003090788 	 7.83105359173124 	 356.405072419782 	 8.35597308617585 	-2.49995845332438 	 8.72193089202404 	 343.343752774015 
 45 	 8.32740410567007 	 0.407502078163704 	 8.33736871457887 	 2.80153801193992 	 8.76215287236367 	-1.30784955805275 	 8.85922081365905 	 351.510636846037 
 46 	 8.60606528197296 	 1.24231569726146 	 8.69526928445822 	 8.21410528911589 	 8.92232043156434 	-0.14217580303006 	 8.92345313443612 	 359.087077834943 
 47 	 8.65746492372605 	 1.99510575287897 	 8.8843765043315 	 12.9772055722166 	 8.84539663114929 	 0.970906217513381 	 8.89852237427952 	 6.26393865181635 
 48 	 8.4925483392302 	 2.65001508041118 	 8.8964013635047 	 17.3300121029407 	 8.54570379771023 	 2.00709122910115 	 8.77823835402832 	 13.2172494835714 
 49 	 8.12688001604629 	 3.19402191057496 	 8.73200748742496 	 21.4557920142038 	 8.04239761149236 	 2.94450282318207 	 8.56447641231297 	 20.1088157914819 
 50 	 7.58006486827822 	 3.61724543353952 	 8.3989194503679 	 25.5107133553478 	 7.3588027974097 	 3.76420194420497 	 8.26566360844194 	 27.0908197707209 
 51 	 6.87509670936148 	 3.91316664117614 	 7.91074130057903 	 29.6476607833126 	 6.52167152803073 	 4.45061285168085 	 7.89557814698034 	 34.3109713752434 
 52 	 6.03765214669474 	 4.07875804368522 	 7.28625491068042 	 34.0411376064795 	 5.5603848369882 	 4.9918555752101 	 7.47238259320041 	 41.9160233390035 
 53 	 5.09534886028284 	 4.11451848058071 	 6.5491863872565 	 38.9210399350885 	 4.50611819249413 	 5.37997665917206 	 7.01778098959797 	 50.0513991052229 
 54 	 4.07698750227621 	 4.02441198998579 	 5.72867514865853 	 44.6281737896649 	 3.39099269041239 	 5.6110729799216 	 6.55613997809966 	 58.8537761515409 
 55 	 3.01179624344323 	 3.81571248098513 	 4.86112932861948 	 51.7154646444195 	 2.24723309883179 	 5.68530651967586 	 6.11332698480574 	 68.4325820194028 
 56 	 1.92869631400325 	 3.49875868694462 	 3.99514478099607 	 61.1341787491659 	 1.10635323888657 	 5.60681110366836 	 5.71492329269726 	 78.8376202629206 
 57 	 0.855605769211237 	 3.08662648043403 	 3.20301799277246 	 74.5067486829369 	-1.61205000415123E-03 	 5.38349515748794 	 5.38349539884649 	 90.0171568202699 
 58 	-0.181202805529709 	 2.594728024044 	 2.60104747659305 	 93.9947645548208 	-1.04881079626514 	 5.02674743054705 	 5.13499696366743 	 101.785457711983 
 59 	-1.15767680034427 	 2.04034934395488 	 2.34589876581076 	 119.570206482156 	-2.01019814840114 	 4.55105527656598 	 4.97523876072239 	 113.831016315974 
 60 	-2.05247860536607 	 1.44213968136452 	 2.50847269988166 	 144.906847816601 	-2.86406792079291 	 3.97354740890811 	 4.89815925279644 	 125.783445963814 
 61 	-2.84739184937026 	 0.81956734828015 	 2.96299358457408 	 163.942546705646 	-3.59248103864038 	 3.31347499455308 	 4.88723199290961 	 137.313536274016 
 62 	-3.52763209754633 	 0.192357748444828 	 3.53287272895952 	 176.878817650686 	-4.18158335763809 	 2.59164646501813 	 4.91958034556982 	 148.210344298885 
 63 	-4.08205789557184 	-0.42007030557434 	 4.10361495811019 	 185.875426822348 	-4.62180831904184 	 1.82983246900704 	 4.97085495690598 	 158.400759784768 
 64 	-4.50328071146406 	-0.999153854576451 	 4.61279151830638 	 192.509708056351 	-4.90796292294194 	 1.05015794795465 	 5.01905686046942 	 167.922526464485 
 65 	-4.78767494402983 	-1.52770499109571 	 5.02550633364538 	 197.69742601741 	-5.03919848461946 	 0.274498374842985 	 5.04666927043793 	 176.88202993951 
 66 	-4.93529167102279 	-1.99038529125435 	 5.32153525645641 	 201.964042259777 	-5.01887050641754 	-0.476103233605832 	 5.04140213127636 	 185.419011822539 
 67 	-4.94968213997385 	-2.37412214698209 	 5.4896092079097 	 205.624772117896 	-4.85429468081387 	-1.18198281907113 	 4.99612452134223 	 193.684772902739 
 68 	-4.83763910490059 	-2.66845542171986 	 5.52479922232197 	 208.88125304833 	-4.55640847583046 	-1.82535091599315 	 4.90843805758377 	 201.831620772698 
 69 	-4.60886593503515 	-2.86580494173902 	 5.42719846432975 	 211.873457389506 	-4.13934988584782 	-2.39072475146393 	 4.78014459140418 	 210.00903070801 
 70 	-4.27558492820683 	-2.96165169345455 	 5.2011544133636 	 214.709929149388 	-3.61996671262057 	-2.86528618731073 	 4.61671137669171 	 218.362417847942 
 71 	-3.8520974218196 	-2.95462815336071 	 4.85473810537921 	 217.488856326776 	-3.01727113617424 	-3.23915718663866 	 4.42674421995929 	 227.031160184362 
 72 	-3.35430908863885 	-2.84651585474953 	 4.39932289943187 	 220.318424164957 	-2.35185531739095 	-3.50558698310702 	 4.22141724188328 	 236.142824233413 
 73 	-2.79923422319464 	-2.64215101431069 	 3.84924333067255 	 223.346430995871 	-1.64528432872457 	-3.66104774181889 	 4.01375523546514 	 245.800726080757 
 74 	-2.20449286804346 	-2.34924172143898 	 3.22160293503158 	 226.820639007014 	-0.919482833165646 	-3.70523814845412 	 3.81762208937004 	 256.063154273291 
 75 	-1.58781430782032 	-1.97810275464804 	 2.53654189479793 	 231.246142030985 	-0.196131631958433 	-3.640996971373 	 3.64627571127062 	 266.916596096935 
 76 	-0.96655979272084 	-1.54131645797075 	 1.81931147869628 	 237.908168923086 	 0.503910503031229 	-3.4741311359219 	 3.51048614078552 	 278.252995653612 
 77 	-0.357276370112802 	-1.05333021689386 	 1.1122728758999 	 251.263709612468 	 1.16114537774079 	-3.21316516208554 	 3.41653171316892 	 289.868396630571 
 78 	 0.224707560696634 	-0.53000285770513 	 0.575670493433384 	 292.975693632525 	 1.75792139143072 	-2.86902088376813 	 3.36475384685825 	 301.496851314689 
 79 	 0.765635857585461 	 0.011886294459298 	 0.765728117817674 	 0.889430391751075 	 2.27885582095105 	-2.45463813661026 	 3.34939281577781 	 312.873249885466 
 80 	 1.25361998871843 	 0.555150964321115 	 1.37104181894684 	 23.8855980702744 	 2.71118413376369 	-1.98454852741495 	 3.3599036094562 	 323.796398724187 
 81 	 1.67887054258288 	 1.08271878706687 	 1.99772026836094 	 32.8183353949047 	 3.0450292346348 	-1.47441544884095 	 3.38320912087347 	 334.163546959686 
 82 	 2.03386122727366 	 1.57814407832638 	 2.57432131323263 	 37.8091377230358 	 3.27358582250049 	-0.940554156412225 	 3.40602499380444 	 343.969785471651 
 83 	 2.31342364311641 	 2.02609745620138 	 3.07522354546067 	 41.211889871596 	 3.39321737064366 	-0.399445971334284 	 3.4166476564687 	 353.286100642212 
 84 	 2.5147730435938 	 2.41281804304531 	 3.48507881828102 	 43.8146829265761 	 3.40346558321442 	 0.132739485803761 	 3.40605310399244 	 2.23347627455124 
 85 	 2.63746715836869 	 2.72651517362137 	 3.79343090136897 	 45.9510856868832 	 3.30697446394828 	 0.640600675024744 	 3.36844909862805 	 10.9630988340049 
 86 	 2.68330189132216 	 2.95770811121317 	 3.99351302878922 	 47.784950652005 	 3.10933330132404 	 1.10992669170456 	 3.3014982719488 	 19.6448435449804 
 87 	 2.65614928295732 	 3.09949417557274 	 4.08191047890127 	 49.4046735611982 	 2.81884487537424 	 1.52807480603603 	 3.20638410741222 	 28.4617912365225 
 88 	 2.56174450297869 	 3.14773785835015 	 4.05842192526016 	 50.8600396823039 	 2.44622697756817 	 1.88429333557318 	 3.08781278581908 	 37.6065414417942 
 89 	 2.40742978460302 	 3.10117587744607 	 3.92594065042343 	 52.1779607652862 	 2.00425686600328 	 2.1699819767832 	 2.95395791515133 	 47.2735558499872 
 90 	 2.20186410364121 	 2.96143563063252 	 3.69029897505386 	 53.368739969437 	 1.50736952053358 	 2.37888368238213 	 2.81624758246458 	 57.6397828681687 
 91 	 1.95470802667708 	 2.73296707645994 	 3.36005840880331 	 54.4264021154281 	 0.971221491666891 	 2.50720425552011 	 2.68874401250357 	 68.825011980638 
 92 	 1.67629349564562 	 2.42289062136106 	 2.94624487214203 	 55.3223117945952 	 0.412232736997251 	 2.55365797763495 	 2.58671701123081 	 80.8299464919012 
 93 	 1.37728838048132 	 2.04076605143012 	 2.46204170551162 	 55.9850614126163 	-0.152880897580401 	 2.51943973169844 	 2.52407391542041 	 93.4724794859588 
 94 	 1.06836542455236 	 1.59828984422142 	 1.92248149705537 	 56.2395354349212 	-0.707571965939203 	 2.40812616576649 	 2.50992623740864 	 106.37420073227 
 95 	 0.759884743764572 	 1.10893026392157 	 1.34430322250871 	 55.5794501585884 	-1.23591028899821 	 2.22551040546939 	 2.54565724466279 	 119.045073962611 
 96 	 0.461598340507189 	 0.587511423361402 	 0.747156409688849 	 51.8438453976201 	-1.72300491319351 	 1.97937661528777 	 2.62424802868118 	 131.038872181602 
 97 	 0.182384184791847 	 4.97589382793105E-02 	 0.189050106587833 	 15.2603224101566 	-2.15538865461569 	 1.67922228018108 	 2.73230447035146 	 142.078522238941 
 98 	-6.99836713478784E-02 	-0.488179137066686 	 0.493169934325382 	 261.841858600693 	-2.52135595386343 	 1.33593739166614 	 2.85341279182216 	 152.083174635032 
 99 	-0.289023708381813 	-1.01022174724451 	 1.05075338810423 	 254.034212744209 	-2.81124620741893 	 0.961450744306233 	 2.97110968704528 	 161.119229169646 
 100 	-0.469690376877797 	-1.50084006755618 	 1.57261882174723 	 252.622402991361 	-3.01766634992297 	 0.568354257219999 	 3.07072251451633 	 169.333729973134 
 101 	-0.608469848085454 	-1.94552414768494 	 2.0384552399438 	 252.632734353017 	-3.13564819250827 	 0.169516617470877 	 3.14022697758922 	 176.905538923004 
 102 	-0.703426986646062 	-2.33121720001061 	 2.43503247599847 	 253.209212543924 	-3.1627378277378 	-0.222302405600024 	 3.17054079401909 	 184.020591335775 
 103 	-0.754203857487827 	-2.64670478121052 	 2.75206643406953 	 254.094590517963 	-3.09901624337404 	-0.594825898114701 	 3.15558544897205 	 190.865222625104 
 104 	-0.761971427568115 	-2.8829474996558 	 2.98194345053721 	 255.195098668466 	-2.94705209740114 	-0.936611496032577 	 3.09230612315418 	 197.630933632722 
 105 	-0.72933738208268 	-3.0333475909805 	 3.11979656782464 	 256.480444701916 	-2.71178934941503 	-1.23737120846921 	 2.9807530899337 	 204.52689450908 
 106 	-0.660214112340885 	-3.09394168860781 	 3.16359887574886 	 257.954356740608 	-2.4003740755569 	-1.48825086537726 	 2.82430280616329 	 211.799239357154 
 107 	-0.559651921317424 	-3.06351431585941 	 3.11421422456931 	 259.647197190304 	-2.02192627638326 	-1.68206202605562 	 2.63011758798489 	 219.757431333942 
 108 	-0.433643310509661 	-2.94362897653434 	 2.97539880894013 	 261.61969760162 	-1.5872637850528 	-1.81346070115739 	 2.40998880453466 	 228.805385209405 
 109 	-0.288904841151966 	-2.73857615250183 	 2.75377293005301 	 263.977882224601 	-1.10858646815612 	-1.87906888539752 	 2.18171121678556 	 239.46084667682 
 110 	-0.1326434927761 	-2.45523995889678 	 2.45882035780154 	 266.907621453595 	-0.59912976077405 	-1.87753662154217 	 1.97081207512973 	 252.301900176809 
 111 	 2.76853328859418E-02 	-2.10288758899318 	 2.10306982518378 	 270.754277641637 	-7.27971748670565E-02 	-1.80954406782806 	 1.81100777526778 	 267.69625785189 
 112 	 0.184620994226777 	-1.69288793292264 	 1.70292526698747 	 276.223899524253 	 0.456218243364835 	-1.67774477030792 	 1.7386669030825 	 285.212245871635 
 113 	 0.330934988066397 	-1.23836781234285 	 1.28182401482159 	 284.961803993686 	 0.973813458310128 	-1.48665300002133 	 1.77720280048687 	 303.226302145236 
 114 	 0.459855899260908 	-0.753816078101751 	 0.883009698525313 	 301.384747169047 	 1.46634612884929 	-1.2424795566419 	 1.92195900535479 	 319.724381968239 
 115 	 0.565275833931118 	-0.254647318620292 	 0.619985504110399 	 335.749231322703 	 1.92098700200573 	-0.952921823891981 	 2.1443532974593 	 333.615901116982 
 116 	 0.641932936853909 	 0.24326191912696 	 0.686479611288796 	 20.7543149826335 	 2.32604525195704 	-0.626915051416968 	 2.40904732121331 	 344.916076547459 
 117 	 0.68556540938574 	 0.724050718601091 	 0.997120541184963 	 46.5638996415406 	 2.67125887377709 	-0.2743528030894 	 2.68531067686699 	 354.135973106867 
 118 	 0.693033361352081 	 1.17235113931061 	 1.36187460281402 	 59.4106164080208 	 2.94804329678438 	 9.42147700482198E-02 	 2.94954838960316 	 1.83045888607062 
 119 	 0.662405820382735 	 1.57375129886408 	 1.70747609692005 	 67.1733445991299 	 3.14969258863523 	 0.467895718236699 	 3.18425655468399 	 8.44965576117114 
 120 	 0.593011255888827 	 1.91523061115755 	 2.00493656845441 	 72.7959502508872 	 3.27152894429147 	 0.835774843285356 	 3.37659906148265 	 14.3307902000179 
 121 	 0.485451022736351 	 2.18555443292268 	 2.23881908039567 	 77.4768818190521 	 3.31099755758832 	 1.1872267955284 	 3.51741556975806 	 19.7263474185244 
 122 	 0.341576162751024 	 2.37561657076101 	 2.4000475758272 	 81.8178494648643 	 3.26770542006531 	 1.51221484886341 	 3.60065167177377 	 24.8335555549755 
 123 	 0.164428992943462 	 2.47871963231283 	 2.48416744792566 	 86.2047726529681 	 3.1434040445726 	 1.80156707888105 	 3.62306954489468 	 29.8181501236226 
 124 	-0.041848167691346 	 2.49078502322221 	 2.49113654805336 	 90.9625470664797 	 2.94191753326987 	 2.04722248783753 	 3.58413151087797 	 34.8332967652969 
 125 	-0.272133948526506 	 2.41048644286817 	 2.42579920380725 	 96.4411835817772 	 2.66901876600959 	 2.24244063622946 	 3.48600074301835 	 40.0361097408948 
 126 	-0.52047464818365 	 2.23930295673709 	 2.29899360404794 	 103.084769000123 	 2.33225774325487 	 2.38196952103617 	 3.33364739888873 	 45.6041646556315 
 127 	-0.78025222290976 	 1.98149005733863 	 2.12957657262834 	 111.493054233438 	 1.94074724838435 	 2.46216774826582 	 3.13508690512907 	 51.753864980629 
 128 	-1.04436858087595 	 1.64396950132929 	 1.9476502391399 	 122.426671693011 	 1.50491197212763 	 2.48107844230987 	 2.90181155155669 	 58.7608604071656 
 129 	-1.30544090793794 	 1.23614105963262 	 1.79783778006457 	 136.561863960997 	 1.03620804601324 	 2.43845377506381 	 2.64948748397601 	 66.9771909977635 
 130 	-1.55600258676871 	 0.769621572440614 	 1.73593243382249 	 153.682329465911 	 0.546820545972811 	 2.33573044156402 	 2.3988850337494 	 76.8237202875052 
 131 	-1.78870425637196 	 0.257918797539701 	 1.80720364732022 	 171.794898349053 	 4.93469405918075E-02 	 2.1759578144637 	 2.17651729395183 	 88.7008540103737 
 132 	-1.9965096883187 	-0.283950581354971 	 2.01660082024238 	 188.094519839746 	-0.44352533488213 	 1.9636818373172 	 2.0131470589333 	 102.727501298242 
 133 	-2.17288142143948 	-0.839887813028641 	 2.32955472357077 	 201.133103318236 	-0.919338998345362 	 1.70478892961224 	 1.93687621917538 	 118.336587568097 
 134 	-2.31195148665075 	-1.39317154135477 	 2.69926779335942 	 211.072977423995 	-1.36617675749072 	 1.40631524198425 	 1.96065333308697 	 134.170563844773 
 135 	-2.40867305370834 	-1.92693667352299 	 3.08460545668786 	 218.659782589293 	-1.77295328317713 	 1.07622749008963 	 2.07403687401 	 148.741190155816 
 136 	-2.45894942520008 	-2.42465889905651 	 3.45331768774113 	 224.597701124304 	-2.129682315706 	 0.723182287767912 	 2.2491196916065 	 161.243907645963 
 137 	-2.45973747141148 	-2.87063094324416 	 3.78032147317878 	 229.4079497883 	-2.4277126380372 	 0.356271378038749 	 2.45371513173294 	 171.651329286104 
 138 	-2.40912332296125 	-3.25041687583065 	 4.04587259462289 	 233.455132177159 	-2.65992752788033 	-0.01523958573114 	 2.65997118378166 	 180.328262473712 
 139 	-2.3063688957687 	-3.5512714243354 	 4.2344853539327 	 236.998340181334 	-2.82090329419663 	-0.382171029750907 	 2.84667351327655 	 187.715357072014 
 140 	-2.15192859434105 	-3.76251224263809 	 4.33443134115009 	 240.233064339031 	-2.90702358633993 	-0.735680739688408 	 2.99866841819584 	 194.201679806923 
 141 	-1.94743630436674 	-3.87583443034464 	 4.33758005009827 	 243.322484234507 	-2.91654730771368 	-1.0674993612238 	 3.10576932246185 	 200.10337153751 
 142 	-1.69566352495032 	-3.88555824807352 	 4.23943836952716 	 246.423470452991 	-2.84962914145933 	-1.37014366223126 	 3.16191079871124 	 205.678933059847 
 143 	-1.40045018673728 	-3.78880288073806 	 4.0393425200918 	 249.71424205639 	-2.70829287424617 	-1.63710188488498 	 3.16464103401737 	 211.152014259176 
 144 	-1.06661033870392 	-3.58558121047393 	 3.74086223102826 	 253.433727437148 	-2.49635885721367 	-1.86298645431319 	 3.11488781065122 	 216.733299626188 
 145 	-0.699815449752819 	-3.27881281274925 	 3.3526638848476 	 257.951819421372 	-2.2193280432849 	-2.04365036966859 	 3.01693947522275 	 222.640171718879 
 146 	-0.306458550114722 	-2.87425471913452 	 2.890546147946 	 263.914006941035 	-1.88422606204272 	-2.17626475053641 	 2.87861704943681 	 229.113744614926 
 147 	 0.106497176815678 	-2.38035183183542 	 2.38273298797662 	 272.561710525466 	-1.49941171417409 	-2.25935621131267 	 2.71162792030906 	 236.429935845515 
 148 	 0.531681455201601 	-1.80801116181561 	 1.88456613867891 	 286.387016388633 	-1.07435506707146 	-2.29280395241632 	 2.53203253817126 	 244.893294879737 
 149 	 0.961487549178042 	-1.17030622923231 	 1.51462040703417 	 309.405471369282 	-0.619390994754067 	-2.27779765387677 	 2.36050997803207 	 254.787654201578 
 150 	 1.38824630534519 	-0.482119950551392 	 1.46958070585601 	 340.848548381969 	-0.145454515665771 	-2.21675839900698 	 2.22152533537107 	 266.245869532325 
 151 	 1.80439946412139 	 0.240263915100662 	 1.82032529373765 	 7.5845759215773 	 0.336195368232159 	-2.11322591068623 	 2.13980164389515 	 279.039491714514 
 152 	 2.2026682159082 	 0.979609226437711 	 2.41068071421624 	 23.9765102085896 	 0.814256443720921 	-1.97171632043359 	 2.1332320090429 	 292.439076285243 
 153 	 2.57621318547451 	 1.71820316014097 	 3.09662662853162 	 33.701270610934 	 1.27766176599923 	-1.79755548501609 	 2.20536285223264 	 305.404353510645 
 154 	 2.9187823173341 	 2.43834570995576 	 3.80326438960558 	 39.8753239219014 	 1.7158490900967 	-1.59669349544259 	 2.34383621833402 	 317.060100426673 
 155 	 3.22484349624951 	 3.1228391521806 	 4.48906893973514 	 44.0793623846011 	 2.11901480517856 	-1.37550647262402 	 2.52630991780433 	 327.011371206252 
 156 	 3.48969915920256 	 3.75546364536334 	 5.12654926957547 	 47.1007615301742 	 2.47834637847729 	-1.14059200206005 	 2.72821386384478 	 335.287025202108 
 157 	 3.70958062620495 	 4.32142552440731 	 5.69523546355321 	 49.3566821673246 	 2.78622790685663 	-0.898564621768683 	 2.9275389542141 	 342.125374604135 
 158 	 3.88172038462761 	 4.80776562228214 	 6.17918792587112 	 51.0830955865367 	 3.03641408503739 	-0.655857644304896 	 3.106438434189 	 347.811507384901 
 159 	 4.00440109254963 	 5.20371608397731 	 6.56611675137267 	 52.4207389367159 	 3.22416871189825 	-0.418537271892642 	 3.25122089848521 	 352.603654799374 
 160 	 4.07698060832868 	 5.50099559497551 	 6.84709598418396 	 53.4565597188323 	 3.34636474962913 	-0.192134465710249 	 3.35187599568871 	 356.713920366338 
 161 	 4.09989289394416 	 5.69403468891345 	 7.01649148651685 	 54.2448674347935 	 3.40154390298515 	 1.85006263940141E-02 	 3.40159421405794 	 0.311622424676414 
 162 	 4.07462516709527 	 5.78012477678446 	 7.07194546695064 	 54.8185657334266 	 3.38993467461496 	 0.209317673105179 	 3.3963908765675 	 3.53334602674642 
 163 	 4.00367218086841 	 5.75948669697028 	 7.01434800565507 	 55.1951394605606 	 3.31342885411904 	 0.377155487846244 	 3.33482488795456 	 6.49381968673317 
 164 	 3.89046898040735 	 5.63525686049295 	 6.84776377887297 	 55.3795747181595 	 3.17551738990283 	 0.51979956310621 	 3.21777909114045 	 9.29628613189461 
 165 	 3.73930391501766 	 5.41339139479853 	 6.57930088703543 	 55.3651956237356 	 2.98118755138218 	 0.636006730391886 	 3.04827554161691 	 12.0429437623976 
 166 	 3.55521406440914 	 5.10249100628858 	 6.21891964194975 	 55.1327406417632 	 2.73678419309738 	 0.725496922821733 	 2.83131303543276 	 14.8470999998698 
 167 	 3.34386556358115 	 4.713551521262 	 5.77918721369149 	 54.6475273431858 	 2.44983876174148 	 0.78891306156773 	 2.57373148895591 	 17.8499355012974 
 168 	 3.11142157782079 	 4.25964716370133 	 5.27499177195165 	 53.8540702475947 	 2.12887042388431 	 0.827751086434682 	 2.28413247049797 	 21.247163124671 
 169 	 2.86440088440935 	 3.75555552722794 	 4.72323932748463 	 52.6668609150013 	 1.78316432044564 	 0.844263074700946 	 1.97293059508283 	 25.3358428981565 
 170 	 2.60953015923457 	 3.21733484402478 	 4.1425705969278 	 50.9550299390121 	 1.42253246050998 	 0.84133721330026 	 1.65270896037035 	 30.6016072240883 
 171 	 2.35359314414604 	 2.66186549922378 	 3.55315755689628 	 48.5172282162092 	 1.05706314150041 	 0.822359083187774 	 1.33927478391111 	 37.8816991088781 
 172 	 2.10327988528865 	 2.10636874729708 	 2.97667189583429 	 45.0420412106249 	 0.696865017691635 	 0.791059261009366 	 1.05422749314892 	 48.6223216014469 
 173 	 1.86503918557399 	 1.56791622903148 	 2.43654108625051 	 40.0533662395044 	 0.351812030344653 	 0.75135262628598 	 0.829639966323987 	 64.9092094628422 
 174 	 1.64493730861281 	 1.06294414569061 	 1.95848640692865 	 32.8701919968137 	 3.12953593932449E-02 	 0.70717497157742 	 0.707867106132978 	 87.4660827745142 
 175 	 1.44852581036395 	 0.606785813798453 	 1.57048274333645 	 22.7287544691043 	-0.25601163919983 	 0.662322543179121 	 0.710079650890689 	 111.133321608016 
 176 	 1.28072116269298 	 0.213235803455761 	 1.29835134091088 	 9.45284486897508 	-0.502369879267545 	 0.620299990972651 	 0.798215243149339 	 129.003394465576 
 177 	 1.14569857480701 	-0.105842030004755 	 1.15057714197282 	 354.721877354578 	-0.701167204142491 	 0.584181883677041 	 0.912635700255832 	 140.200415125238 
 178 	 1.04680211945658 	-0.340851551655168 	 1.10089711488609 	 341.964118109111 	-0.847082670624368 	 0.556492460764844 	 1.01352499217347 	 146.697016263733 
 179 	 0.986472936583949 	-0.484736873249442 	 1.09913542882586 	 333.831243388048 	-0.936218551550983 	 0.539107660457275 	 1.08034357767885 	 150.065145092431 
 180 	 0.966196923764116 	-0.533182704663252 	 1.1035489531703 	 331.10848405475 	-0.966196923764116 	 0.533182704663252 	 1.1035489531703 	 151.108484054749 
******************************************

