MiePlot v4.6.18

Date & Time: 4/28/2021 03:35:10 

Calculation Method:         Mie (plane wave)

Graph type: Intensity v. scattering angle

Radius = 1 umWavelength = 0.6 umSize parameter x = 10.471976

Point

Wavelength = 0.60 um

Angle	Perpendicular	Parallel	Unpolarised
theta	[S1(theta)]^2	[S2(theta)]^2	[[S1(theta)]^2 + [S2(theta)]^2]/2
 0 	 2901.52050790805 	 2901.52050790805 	 2901.52050790805 
 1 	 2860.01225724064 	 2861.50549926755 	 2860.75887825409 
 2 	 2738.22112303277 	 2744.01676709592 	 2741.11894506434 
 3 	 2544.11734916794 	 2556.51246407691 	 2550.31490662243 
 4 	 2290.23827969399 	 2310.74047749012 	 2300.48937859206 
 5 	 1992.64445529429 	 2021.782980658 	 2007.21371797614 
 6 	 1669.60127071426 	 1706.84764495522 	 1688.22445783474 
 7 	 1340.11100526692 	 1383.91802147987 	 1362.01451337339 
 8 	 1022.43188821396 	 1070.38650555334 	 1046.40919688365 
 9 	 732.718651781669 	 781.791650382272 	 757.25515108197 
 10 	 483.903281560943 	 530.767853163785 	 507.335567362364 
 11 	 284.907394238114 	 326.291358769122 	 305.599376503618 
 12 	 140.242068045153 	 173.274950509918 	 156.758509277535 
 13 	 50.0110549304028 	 72.52818841132 	 61.2696216708614 
 14 	 10.2934889069926 	 21.0644783354275 	 15.67898362121 
 15 	 13.8466801875457 	 12.704330389233 	 13.2755052883893 
 16 	 51.0419201318891 	 38.8990532773516 	 44.9704867046203 
 17 	 110.928970180148 	 89.6831017964524 	 100.3060359883 
 18 	 182.319355692256 	 154.657510508326 	 168.488433100291 
 19 	 254.784665002263 	 223.911289129012 	 239.347977065638 
 20 	 319.48241569119 	 288.80119026146 	 304.141802976325 
 21 	 369.746283833446 	 342.530831207054 	 356.13855752025 
 22 	 401.406460775034 	 380.495069411578 	 390.950765093306 
 23 	 412.836144141102 	 400.381819881469 	 406.608982011286 
 24 	 404.748316607808 	 402.048258164978 	 403.398287386393 
 25 	 379.790123980721 	 387.209066288908 	 383.499595134815 
 26 	 341.998216767998 	 358.989195649691 	 350.493706208845 
 27 	 296.186216945788 	 321.40149674454 	 308.793856845164 
 28 	 247.33489243829 	 278.810321300009 	 263.072606869149 
 29 	 200.047506706268 	 235.436467984112 	 217.74198734519 
 30 	 158.118786188024 	 194.947912737928 	 176.533349462976 
 31 	 124.248168724172 	 160.166385653547 	 142.207277188859 
 32 	 99.9088434772463 	 132.903981607631 	 116.406412542438 
 33 	 85.3658733535074 	 113.92853406278 	 99.6472037081436 
 34 	 79.8213671254304 	 103.043094060217 	 91.4322305928236 
 35 	 81.6536577769145 	 99.254768862126 	 90.4542133195203 
 36 	 88.7115026164515 	 101.002095562246 	 94.8567990893486 
 37 	 98.6235223466949 	 106.408218610821 	 102.515870478758 
 38 	 109.086894453999 	 113.529071716994 	 111.307983085497 
 39 	 118.106681497897 	 120.570800377679 	 119.338740937788 
 40 	 124.166776521395 	 126.057806118758 	 125.112291320076 
 41 	 126.323854821985 	 128.940942971358 	 127.632398896672 
 42 	 124.225593289084 	 128.64348363109 	 126.434538460087 
 43 	 118.062662894459 	 125.049590311606 	 121.556126603033 
 44 	 108.469878402567 	 118.445513531218 	 113.457695966893 
 45 	 96.3950646274409 	 109.427231792385 	 102.911148209913 
 46 	 82.954721984142 	 98.7896592529985 	 90.8721906185703 
 47 	 69.2938229677015 	 87.4120664038453 	 78.3529446857734 
 48 	 56.4636502144563 	 76.1523535131513 	 66.3080018638038 
 49 	 45.3272118657429 	 65.7597772904401 	 55.5434945780915 
 50 	 36.4971531493579 	 56.8121830035624 	 46.6546680764601 
 51 	 30.306835146133 	 49.6802269671977 	 39.9935310566653 
 52 	 26.81181392407 	 44.5178879255428 	 35.6648509248064 
 53 	 25.8165651128718 	 41.2760376765887 	 33.5463013947303 
 54 	 26.9200016512992 	 39.7341154089781 	 33.3270585301387 
 55 	 29.5730022184061 	 39.5440469337277 	 34.5585245760669 
 56 	 33.1415707560907 	 40.28039017643 	 36.7109804662604 
 57 	 36.9701024742964 	 41.4911263990167 	 39.2306144366566 
 58 	 40.4402710900559 	 42.7443756256088 	 41.5923233578323 
 59 	 43.0220686909322 	 43.6674174034537 	 43.344743047193 
 60 	 44.3144045368002 	 43.9755902331758 	 44.144997384988 
 61 	 44.0733764988811 	 43.4898072411668 	 43.781591870024 
 62 	 42.226920337316 	 42.142484523463 	 42.1847024303895 
 63 	 38.8751155934755 	 39.972590038954 	 39.4238528162147 
 64 	 34.2760878478407 	 37.1112683549582 	 35.6936781013994 
 65 	 28.8182701570302 	 33.760076894722 	 31.2891735258761 
 66 	 22.9807865867053 	 30.1642825797733 	 26.5725345832393 
 67 	 17.2848388581177 	 26.5839100928371 	 21.9343744754774 
 68 	 12.2400836353081 	 23.2652949429914 	 17.7526892891498 
 69 	 8.29090330374443 	 20.4157639624757 	 14.3533336331101 
 70 	 5.76800137436379 	 18.1837346426951 	 11.9758680085294 
 71 	 4.85072328995746 	 16.6459968655815 	 10.7483600777695 
 72 	 5.54480658506016 	 15.8032397846735 	 10.6740231848668 
 73 	 7.67888777873123 	 15.5840605992993 	 11.6314741890152 
 74 	 10.9211340612342 	 15.8568123639727 	 13.3889732126034 
 75 	 14.8150299351916 	 16.4478048459078 	 15.6314173905497 
 76 	 18.830921317733 	 17.163664053692 	 17.9972926857125 
 77 	 22.427736627602 	 17.8151753016851 	 20.1214559646435 
 78 	 25.1176962434705 	 18.2397543665147 	 21.6787253049926 
 79 	 26.5260615509286 	 18.3198509515804 	 22.4229562512545 
 80 	 26.4382315454257 	 17.9950852485889 	 22.2166583970073 
 81 	 24.8277999545104 	 17.2667028716715 	 21.0472514130909 
 82 	 21.8614190878079 	 16.1939144423082 	 19.027666765058 
 83 	 17.8792159355846 	 14.8827402074111 	 16.3809780714979 
 84 	 13.3526985936199 	 13.4689678216539 	 13.4108332076369 
 85 	 8.82514337929719 	 12.097616679922 	 10.4613800296096 
 86 	 4.84193216341054 	 10.9017720177032 	 7.87185209055688 
 87 	 1.87984702197739 	 9.98373405356192 	 5.93179053776965 
 88 	 0.284677787018937 	 9.40110201896382 	 4.84288990299138 
 89 	 0.225571347423786 	 9.1597176614593 	 4.69264450444154 
 90 	 1.67244284679152 	 9.21441913300308 	 5.4434309898973 
 91 	 4.39974275799702 	 9.47743760017084 	 6.93859017908393 
 92 	 8.01633251991996 	 9.83316283072582 	 8.92474767532289 
 93 	 12.0176505966179 	 10.1570694491277 	 11.0873600228728 
 94 	 15.8532512400949 	 10.3359701033073 	 13.0946106717011 
 95 	 19.000614012023 	 10.28654110196 	 14.6435775569915 
 96 	 21.0351755603478 	 9.96928904712973 	 15.5022323037388 
 97 	 21.6869780661695 	 9.39576884134621 	 15.5413734537579 
 98 	 20.8761176358296 	 8.62783807386887 	 14.7519778548492 
 99 	 18.7220748726223 	 7.76890399165495 	 13.2454894321386 
 100 	 15.5256217388467 	 6.94831957030542 	 11.2369706545761 
 101 	 11.725819865437 	 6.30113960196458 	 9.0134797337008 
 102 	 7.83811634036284 	 5.94619891824412 	 6.89215762930348 
 103 	 4.3822058215438 	 5.96580647240283 	 5.17400614697332 
 104 	 1.80977816105782 	 6.3902031954264 	 4.09999067824211 
 105 	 0.442294115184509 	 7.18931858858615 	 3.81580635188533 
 106 	 0.427516135494135 	 8.27335914025745 	 4.35043763787579 
 107 	 1.7208607611116 	 9.50250706919919 	 5.61168391515539 
 108 	 4.09410779624348 	 10.704676317649 	 7.39939205694622 
 109 	 7.17010088351704 	 11.6990548704684 	 9.43457787699272 
 110 	 10.4783621945597 	 12.3222370045723 	 11.400299599566 
 111 	 13.5235549243286 	 12.4532566976115 	 12.98840581097 
 112 	 15.8568942227885 	 12.0338560694151 	 13.9453751461018 
 113 	 17.1401989074614 	 11.0808706617821 	 14.1105347846218 
 114 	 17.1933571804849 	 9.68862231255268 	 13.4409897465188 
 115 	 16.0183989071675 	 8.02054919779338 	 12.0194740524805 
 116 	 13.7967792850516 	 6.29079053588804 	 10.0437849104698 
 117 	 10.860392346348 	 4.7378746662378 	 7.79913350629289 
 118 	 7.64068028921587 	 3.59383141590104 	 5.61725585255846 
 119 	 4.60342474268006 	 3.05279252389428 	 3.82810863328717 
 120 	 2.17892498593144 	 3.24334354594829 	 2.71113426593987 
 121 	 0.697969307542199 	 4.20850667116118 	 2.45323798935169 
 122 	 0.343177060059393 	 5.89630616909434 	 3.11974161457687 
 123 	 1.12304104124857 	 8.16251287123366 	 4.64277695624112 
 124 	 2.87265152741117 	 10.7855586452495 	 6.82910508633031 
 125 	 5.28111738555868 	 13.4919714722757 	 9.38654442891719 
 126 	 7.94169410320825 	 15.9892303031029 	 11.9654622031556 
 127 	 10.4171730639698 	 18.0018779937661 	 14.209525528868 
 128 	 12.3106967749532 	 19.3062116743346 	 15.8084542246439 
 129 	 13.3312068899041 	 19.7589724569886 	 16.5450896734463 
 130 	 13.343366652759 	 19.3161763161993 	 16.3297714844792 
 131 	 12.3939567718765 	 18.0394769367049 	 15.2167168542907 
 132 	 10.7101300103856 	 16.0890678187927 	 13.3995989145891 
 133 	 8.66904728528042 	 13.7039014905428 	 11.1864743879116 
 134 	 6.74271205616378 	 11.1716914279939 	 8.95720174207882 
 135 	 5.42564303686456 	 8.79253897652842 	 7.10909100669649 
 136 	 5.15580850939314 	 6.84090473218225 	 5.99835662078769 
 137 	 6.24056068528443 	 5.53089879434571 	 5.88572973981507 
 138 	 8.79893279073868 	 4.98945737993159 	 6.89419508533513 
 139 	 12.7296125891256 	 5.24095391505864 	 8.98528325209212 
 140 	 17.7104435268715 	 6.2052933669796 	 11.9578684469256 
 141 	 23.2308967314188 	 7.70975739352914 	 15.470327062474 
 142 	 28.6542166297943 	 9.51304226785197 	 19.0836294488231 
 143 	 33.3015424004584 	 11.3383062156642 	 22.3199243080613 
 144 	 36.5468837037783 	 12.9108367619517 	 24.728860232865 
 145 	 37.9098922417901 	 13.9953253980577 	 25.9526088199239 
 146 	 37.133229438723 	 14.4277819613339 	 25.7805057000284 
 147 	 34.2330453726604 	 14.1378304400537 	 24.185437906357 
 148 	 29.5144547403089 	 13.1584078610593 	 21.3364313006841 
 149 	 23.5484853149421 	 11.6215677780998 	 17.585026546521 
 150 	 17.1121677071177 	 9.74094473860852 	 13.4265562228631 
 151 	 11.0985221461102 	 7.78321713503119 	 9.4408696405707 
 152 	 6.40747175215157 	 6.03237389806697 	 6.21992282510927 
 153 	 3.83156787892694 	 4.75154844547647 	 4.29155816220171 
 154 	 3.9514349340527 	 4.14750275742922 	 4.04946884574096 
 155 	 7.05486110316831 	 4.34248310948461 	 5.69867210632646 
 156 	 13.0905834077956 	 5.35717638718603 	 9.22387989749083 
 157 	 21.6634088450238 	 7.10700665484645 	 14.3852077499351 
 158 	 32.0719603683131 	 9.41222718792488 	 20.742093778119 
 159 	 43.3847549383327 	 12.0204243984254 	 27.7025896683791 
 160 	 54.5452658545272 	 14.638404654146 	 34.5918352543366 
 161 	 64.492781444307 	 16.9692037765253 	 40.7309926104162 
 162 	 72.2837732428076 	 18.7493061545234 	 45.5165396986655 
 163 	 77.1984198221051 	 19.7811712396861 	 48.4897955308956 
 164 	 78.8189114942804 	 19.9568347654783 	 49.3878731298793 
 165 	 77.069920556364 	 19.2695861300201 	 48.1697533431921 
 166 	 72.2166519036496 	 17.8123515439001 	 45.0145017237748 
 167 	 64.821505704767 	 15.7632115522563 	 40.2923586285116 
 168 	 55.6658230710152 	 13.3602059959999 	 34.5130145335075 
 169 	 45.647707958611 	 10.8689953573003 	 28.2583516579557 
 170 	 35.6699117206396 	 8.54786400072266 	 22.1088878606812 
 171 	 26.5328302751646 	 6.61484653307314 	 16.5738384041189 
 172 	 18.8466642564887 	 5.22139739728816 	 12.0340308268885 
 173 	 12.9738814699432 	 4.43606011627645 	 8.70497079310981 
 174 	 9.00871401547412 	 4.2401629744897 	 6.62443849498191 
 175 	 6.79514088215866 	 4.53587242035501 	 5.66550665125684 
 176 	 5.97939100832916 	 5.16520982889883 	 5.57230041861399 
 177 	 6.08820792809152 	 5.93712035826594 	 6.01266414317873 
 178 	 6.62061177071115 	 6.65858357414553 	 6.63959767242834 
 179 	 7.139161685891 	 7.16522488952334 	 7.15219328770717 
 180 	 7.34699609540603 	 7.34699609540603 	 7.34699609540603 

Real and imaginary values of S1 (perpendicular polarisation) and S2 (parallel polarisation) 

Angle	S1 Real	S1 Imaginary	S1 Magnitude	S1 Phase	S2 Real	S2 Imaginary	S2 Magnitude	S2 Phase
 0 	 51.550330539791 	 15.6231856273405 	 53.8657637828338 	 16.8603057647899 	 51.550330539791 	 15.6231856273405 	 53.8657637828338 	 16.8603057647899 
 1 	 51.1661361560054 	 15.5575951903164 	 53.4790824270634 	 16.9124390060442 	 51.1767452023562 	 15.5706855905789 	 53.4930415967119 	 16.9225479064057 
 2 	 50.0227069363756 	 15.36066124196 	 52.3280147056313 	 17.0703488292358 	 50.0646898771248 	 15.4124493382214 	 52.3833634572649 	 17.1110184197948 
 3 	 48.1472522371494 	 15.0319476841909 	 50.4392441375557 	 17.338771013394 	 48.2400328907861 	 15.146342488297 	 50.5619665764388 	 17.4311773680808 
 4 	 45.5842870697438 	 14.5708974341726 	 47.8564340469909 	 17.7263422256618 	 45.7451157876088 	 14.7690507165622 	 48.0701620289564 	 17.8929461506506 
 5 	 42.3944074052873 	 13.9770768062857 	 44.639046308073 	 18.2469498498752 	 42.6376183575152 	 14.2764309775548 	 44.9642411329047 	 18.5121848640399 
 6 	 38.6526271079463 	 13.2504976649299 	 40.8607546517959 	 18.9222148979817 	 38.9890159933742 	 13.6639773427666 	 41.3140126949105 	 19.3133744776506 
 7 	 34.4463260510621 	 12.3919985010828 	 36.6075266204495 	 19.7860956894005 	 34.8826739954816 	 12.9273770117848 	 37.2010486610239 	 20.3345006714562 
 8 	 29.8728704103895 	 11.4036617653295 	 31.9754888659104 	 20.8938428283607 	 30.4116338211233 	 12.0631270358581 	 32.7167618439438 	 21.6363261227822 
 9 	 25.0369756536363 	 10.2892420469581 	 27.0687763259012 	 22.3407927784907 	 25.6761549848143 	 11.0691786315908 	 27.9605373764932 	 23.3212281937082 
 10 	 20.0478900611026 	 9.05457816018439 	 21.9978017438321 	 24.3061926879179 	 20.7810830897859 	 9.94557382855317 	 23.0383995356402 	 25.5752102046477 
 11 	 15.0164814965904 	 7.70796196803486 	 16.8792000473398 	 27.1714356647051 	 15.833119114028 	 8.69503869399798 	 18.0635367181824 	 28.7741717832327 
 12 	 10.0523124580151 	 6.26043786740093 	 11.8423843901958 	 31.9140658275652 	 10.9380674522555 	 7.32349854371713 	 13.1633943384644 	 33.8039808768441 
 13 	 5.26078811387921 	 4.72600924155571 	 7.0718494702873 	 41.9348195651287 	 6.19814026713554 	 5.84048333960752 	 8.51634830260717 	 43.2982932859722 
 14 	 0.740459100662046 	 3.12173176734315 	 3.20834675604003 	 76.6563259671726 	 1.70939344034209 	 4.2593957789272 	 4.58960546620594 	 68.1332741162777 
 15 	-3.41944457329333 	 1.46767809744524 	 3.72111276200355 	 156.770247729065 	-2.44063508022749 	 2.59762021750601 	 3.56431345271891 	 133.215319362218 
 16 	-7.14117991022717 	-0.21323607025283 	 7.14436282196593 	 181.710347283865 	-6.17502031401717 	 0.876457300059111 	 6.23691055550355 	 171.921629834449 
 17 	-10.3602987694076 	-1.89556840782916 	 10.5322822873368 	 190.368419231238 	-9.42922287531112 	-0.879123292924207 	 9.47011625041912 	 185.326511342378 
 18 	-13.0270498597086 	-3.55180625103949 	 13.5025684850052 	 195.25092038682 	-12.152493434163 	-2.6409115549276 	 12.4361372824654 	 192.260565016625 
 19 	-15.1073404048566 	-5.15295360876164 	 15.9619755983482 	 198.833964593175 	-14.3088745464474 	-4.37805874138789 	 14.9636656314224 	 197.01243792081 
 20 	-16.5832367722381 	-6.66923337776392 	 17.8740710441463 	 201.908372196319 	-15.8777775973479 	-6.05783532547871 	 16.994151648772 	 200.883311925332 
 21 	-17.4529975944617 	-8.07088339657809 	 19.228787892986 	 204.817490746272 	-16.8541253408016 	-7.64652144465732 	 18.5075884762725 	 204.403245334307 
 22 	-17.7306471678607 	-9.3290198726268 	 20.0351306652848 	 207.751202476583 	-17.2480633892216 	-9.11039948262264 	 19.506282818917 	 207.842942496083 
 23 	-17.4451107304712 	-10.4165376081835 	 20.3183696231047 	 210.841575470584 	-17.0842566168263 	-10.4168131274347 	 20.0095432202104 	 211.371986848031 
 24 	-16.638946169224 	-11.3090135283974 	 20.1183577015572 	 214.202820415194 	-16.4007984018733 	-11.5352533542219 	 20.0511410689012 	 215.120056820855 
 25 	-15.3667183805919 	-11.985578425437 	 19.4882047398092 	 217.953160065004 	-15.2477715880708 	-12.4384294783116 	 19.6776285738121 	 219.205980467908 
 26 	-13.693072555084 	-12.4297216690159 	 18.4931937957725 	 222.231218102692 	-13.6855096689197 	-13.1032828234605 	 18.9470102034514 	 223.754931193986 
 27 	-11.6905707753022 	-12.6299949284803 	 17.2100615032541 	 227.212049436238 	-11.7826147116964 	-13.5119016907412 	 17.9276740472527 	 228.91100228975 
 28 	-9.43736227772675 	-12.5805836779233 	 15.7268843843366 	 233.124493266936 	-9.61379471498717 	-13.6522991645398 	 16.6976142397652 	 234.847226445974 
 29 	-7.01476137131779 	-12.2817193262888 	 14.1438151397092 	 240.266950425942 	-7.25758727036736 	-13.5190197498603 	 15.3439391286629 	 241.771196686902 
 30 	-4.50480825056286 	-11.7399100854174 	 12.5745292630788 	 249.007320908248 	-4.79403847513825 	-13.1135467298829 	 13.9623748960529 	 249.918644584599 
 31 	-1.98788678545184 	-10.9679749658904 	 11.146666260554 	 259.726966133455 	-2.30240598656414 	-12.4444892352632 	 12.6556859021369 	 259.51800067391 
 32 	 0.459530106639186 	-9.98487233560542 	 9.99544113469967 	 272.635043221207 	 0.14104704608097 	-11.5275360480209 	 11.5283989177869 	 270.701016866316 
 33 	 2.76694254966543 	-8.81532201796159 	 9.23936541941639 	 287.425966491118 	 2.46510458642986 	-10.3851718060291 	 10.6737310282197 	 283.353043999454 
 34 	 4.87163589685879 	-7.48922765135813 	 8.93428044810719 	 303.043428530066 	 4.60544025349614 	-9.04616018715643 	 10.1510144350314 	 296.980846092005 
 35 	 6.72019491924433 	-6.04091367462549 	 9.03624135229436 	 318.047011995604 	 6.50620080520113 	-7.54480748227058 	 9.96266876203992 	 310.772562779083 
 36 	 8.26968249295062 	-4.50819854068535 	 9.41867839011671 	 331.403090930037 	 8.12129052105715 	-5.92002836436051 	 10.0499798786985 	 323.909758894568 
 37 	 9.48845684359718 	-2.93133230355905 	 9.93093763683444 	 342.832163088625 	 9.41532644456684 	-4.21424329542824 	 10.3154359389616 	 335.886998715055 
 38 	 10.3566135327265 	-1.35183230755389 	 10.4444671694634 	 352.563317322583 	 10.3642451641476 	-2.47214358289256 	 10.6550021922566 	 346.584139171801 
 39 	 10.8660506561516 	 0.188744896209943 	 10.8676897958075 	 0.99513603060462 	 10.9555528963194 	-0.739365345162353 	 10.9804735953272 	 356.139092685491 
 40 	 11.0201677608488 	 1.6500542549092 	 11.1430146962747 	 8.51565862984911 	 11.1882217317869 	 0.938882633308296 	 11.227546754245 	 4.79685429249426 
 41 	 10.8332203849819 	 2.9941928649299 	 11.2393885430652 	 15.4502621252211 	 11.0722456651205 	 2.51919012831066 	 11.3552165532569 	 12.8178985204444 
 42 	 10.3293625227815 	 4.18686794179629 	 11.1456535604281 	 22.0645101474793 	 10.627880120258 	 3.96126845600169 	 11.3421110747114 	 20.4416435906505 
 43 	 9.54141839068197 	 5.19846111733224 	 10.8656644018881 	 28.5829207457555 	 9.88459780276391 	 5.22917934184716 	 11.1825574137407 	 27.879868889479 
 44 	 8.50943235232905 	 6.00495124407376 	 10.4148873446892 	 35.2099215122289 	 8.87980158824298 	 6.29242697888944 	 10.8832675943955 	 35.3222435648804 
 45 	 7.27905153570639 	 6.58866248702811 	 9.81809882958208 	 42.1499449862613 	 7.65734157190489 	 7.12687532117425 	 10.4607471909221 	 42.9450758460013 
 46 	 5.89979939872802 	 6.93881034752431 	 9.10794828620266 	 49.6267849047168 	 6.26588818560501 	 7.715458800259 	 9.93929873044364 	 50.9192144352087 
 47 	 4.42330019216659 	 7.05182518059548 	 8.32429113905211 	 57.9017574014949 	 4.75721632018392 	 8.04866195630187 	 9.3494420370333 	 59.4145010411773 
 48 	 2.90151392309351 	 6.93144048294081 	 7.5142298483914 	 67.2857234113693 	 3.18445661556649 	 8.1247516624649 	 8.72653158552419 	 68.5975471064468 
 49 	 1.38503909978072 	 6.58854145906524 	 6.73254869018731 	 78.1281827735497 	 1.60036950113039 	 7.94975438301661 	 8.10924024125812 	 78.6178842982915 
 50 	-7.84636321366108E-02 	 6.04077781480082 	 6.04128737516747 	 90.7441727381147 	 5.56952446442071E-02 	 7.53717991315627 	 7.53738568759503 	 89.5766262164082 
 51 	-1.44567968460162 	 5.31195306790856 	 5.50516440682138 	 105.224646644576 	-1.40237068508183 	 6.90750196734107 	 7.04842017527316 	 101.476290326225 
 52 	-2.67884052816558 	 4.43121059629618 	 5.17801254576213 	 121.154606902718 	-2.73153305337091 	 6.08741448431803 	 6.67217265405676 	 114.166636995823 
 53 	-3.746683863261 	 3.4320438723378 	 5.08100040473053 	 137.509638714996 	-3.89554587528316 	 5.10889029145792 	 6.42464299993305 	 127.325641241335 
 54 	-4.62515153504106 	 2.35116458998655 	 5.18844886756141 	 153.053799796932 	-4.8651254745758 	 4.00807553891038 	 6.30350025057334 	 140.517004083478 
 55 	-5.29781245668745 	 1.22726744932526 	 5.43810649200676 	 166.957180022871 	-5.61860646619046 	 2.82405883646401 	 6.28840575453967 	 153.314699023361 
 56 	-5.7560076336203 	 9.97340352914993E-02 	 5.75687161191655 	 179.007338435967 	-6.14232840652407 	 1.5975581125072 	 6.34668339973171 	 165.420954525732 
 57 	-5.99872400145012 	-0.99267962038249 	 6.08030447217049 	 189.39625625795 	-6.43074986875432 	 0.36957073008156 	 6.44136060153573 	 176.710869175527 
 58 	-6.03221287601141 	-2.01312664990011 	 6.35926655283892 	 198.455368904946 	-6.4862955666275 	-0.81996673588459 	 6.5379182945039 	 187.204843263141 
 59 	-5.8693770630815 	-2.92788004916613 	 6.55912103036163 	 206.511855987479 	-6.31895058535064 	-1.93346344763756 	 6.60813267144764 	 197.012987844216 
 60 	-5.52895782357308 	-3.70742901778984 	 6.65690652907191 	 213.843731483686 	-5.94562351940743 	-2.93686077277166 	 6.63140937004916 	 206.287224268544 
 61 	-5.03455871728496 	-4.32742360083816 	 6.63877823841715 	 220.680501311781 	-5.38930713015586 	-3.80068097819562 	 6.59468022281345 	 215.192495843277 
 62 	-4.41354768673442 	-4.76943572702655 	 6.49822439881203 	 227.21939670116 	-4.67807082301956 	-4.50090412009366 	 6.49172431049432 	 223.894250812896 
 63 	-3.69588148088746 	-5.02151129369522 	 6.23499122641528 	 233.646567812705 	-3.84392364885923 	-5.01964550747308 	 6.32238800129777 	 232.555977373982 
 64 	-2.91289760487884 	-5.07849538656203 	 5.85457836635916 	 240.162498726892 	-2.92158954665428 	-5.34561342371843 	 6.09190186681944 	 241.341647441268 
 65 	-2.09611842418713 	-4.94212077035896 	 5.36826509749939 	 247.016577844035 	-1.94723810350272 	-5.47433472332384 	 5.81034223559353 	 250.419367086614 
 66 	-1.27610991672584 	-4.62085815267459 	 4.79382796799231 	 254.561818704355 	-0.957214201233181 	-5.40814418749453 	 5.49220197914947 	 259.962886550678 
 67 	-0.481433975221655 	-4.12953510526548 	 4.1575039215998 	 263.350299117342 	 1.31914165826877E-02 	-5.15594182272897 	 5.15595869774353 	 270.146590258934 
 68 	 0.26227171438986 	-3.4887386235055 	 3.4985830896676 	 274.299218403467 	 0.930891304586583 	-4.73273032424588 	 4.82341113144955 	 281.127585384519 
 69 	 0.933058142433768 	-2.72402382636101 	 2.87939287068375 	 288.90783769656 	 1.76603475114553 	-4.1589524186052 	 4.51838067923406 	 293.007752766139 
 70 	 1.51325249324085 	-1.86495797970468 	 2.40166637449163 	 309.056348972736 	 2.49289499646077 	-3.4596544884303 	 4.26423904614822 	 305.775082171103 
 71 	 1.98985474509714 	-0.944034630388031 	 2.20243576295824 	 334.619219977553 	 3.09058556228982 	-2.66350854095632 	 4.07995059597314 	 319.244790800807 
 72 	 2.35473699334106 	 4.50302689910652E-03 	 2.35474129896687 	 0.109568126961133 	 3.54358749042502 	-1.80172902579072 	 3.97532889012639 	 333.049043136826 
 73 	 2.60464673157641 	 0.945887510446972 	 2.77108061570414 	 19.958685900582 	 3.84207616818035 	-0.906924096713653 	 3.94766520861373 	 346.718421583969 
 74 	 2.74102262802949 	 1.84605769516135 	 3.30471391518754 	 33.9599638321309 	 3.98204347245971 	-1.19225590231068E-02 	 3.98206132097092 	 359.82845233195 
 75 	 2.76963808272423 	 2.67285144104854 	 3.84902973945273 	 43.9811865366897 	 3.96521794940864 	 0.851382087899056 	 4.05558933398191 	 12.1181376668291 
 76 	 2.70009381164975 	 3.39711859169264 	 4.33946094782901 	 51.5216616106699 	 3.79879243277913 	 1.6531303960523 	 4.1429052672843 	 23.5173556159507 
 77 	 2.54518567648434 	 3.99371587620113 	 4.73579313606517 	 57.4907343811082 	 3.49497467580857 	 2.36650107059808 	 4.22080268452401 	 34.1025327538523 
 78 	 2.32017780412705 	 4.44234973867509 	 5.01175580445322 	 62.4225575526259 	 3.07038203653488 	 2.96858695615247 	 4.27080254361106 	 44.0342927444779 
 79 	 2.04201360704145 	 4.7282387819976 	 5.15034577003608 	 66.6416353875824 	 2.54530585188358 	 3.4411145101475 	 4.28016950033295 	 53.5105986442552 
 80 	 1.7284985605326 	 4.8425741369299 	 5.14181208772021 	 70.3565880512432 	 1.94287473208732 	 3.77098435743316 	 4.24206143856839 	 62.7417127757554 
 81 	 1.39748850468651 	 4.78276340976422 	 4.98275024002913 	 73.7120232130308 	 1.28814851171765 	 3.95061720284706 	 4.15532223439669 	 71.9407895370601 
 82 	 1.06611585514707 	 4.55245165501095 	 4.67561964747005 	 76.8197094888751 	 0.607175953807137 	 3.9780965050419 	 4.02416630400735 	 81.3219324114422 
 83 	 0.750083514306697 	 4.16132078277437 	 4.22838218892103 	 79.7820798820932 	-7.39504937429982E-02 	 3.85710662697913 	 3.85781547088649 	 91.0983705011168 
 84 	 0.463052602547819 	 3.62467665880608 	 3.65413445204469 	 82.719894700365 	-0.730010518573032 	 3.59667241550112 	 3.67000923999572 	 101.473369105315 
 85 	 0.216145545463619 	 2.96284061037266 	 2.97071428772563 	 85.8275420946871 	-1.33751196556413 	 3.21071307062695 	 3.47816283113973 	 112.615529043384 
 86 	 1.75807559146539E-02 	 2.20036885099567 	 2.20043908423081 	 89.5422214416702 	-1.87545964848923 	 2.71742950683028 	 3.30178315728081 	 124.611864169049 
 87 	-0.127550639473747 	 1.36512924529043 	 1.37107513360041 	 95.3379247910767 	-2.32601334499449 	 2.13854996959843 	 3.15970474151651 	 137.404390701292 
 88 	-0.217361626004209 	 0.487269648715928 	 0.53355204715092 	 114.040731869492 	-2.67501586036359 	 1.49846326807401 	 3.06612165756087 	 150.743765221519 
 89 	-0.253101338575861 	-0.401884386154641 	 0.47494352024613 	 237.797832401472 	-2.91237705278063 	 0.823272472451312 	 3.02650254608505 	 164.215432019706 
 90 	-0.238949815420481 	-1.27096256140849 	 1.29322961874198 	 259.352286777469 	-3.03230505047572 	 0.13980419830071 	 3.03552617069975 	 177.360251703878 
 91 	-0.181688374838645 	-2.08967272376454 	 2.0975563777875 	 265.030866030048 	-3.03338136843954 	-0.525390401296678 	 3.07854472115817 	 189.82630761706 
 92 	-9.02632819901027E-02 	-2.82987368266577 	 2.83131286153967 	 268.173080190302 	-2.91848205923543 	-1.14700710575249 	 3.13578743391924 	 201.45556912959 
 93 	 2.47356824213846E-02 	-3.46656007342049 	 3.46664832318162 	 270.408827807246 	-2.69455222586134 	-1.70189827875622 	 3.18701575915898 	 212.276796790689 
 94 	 0.151657148181451 	-3.97872483963145 	 3.98161415007719 	 272.182887804984 	-2.37224601483854 	-2.16988915578423 	 3.21496035796825 	 222.449100045472 
 95 	 0.278404033142822 	-4.35006956339238 	 4.35896937498108 	 273.66193008041 	-1.96544844354845 	-2.53447302564319 	 3.20726380298845 	 232.206921651861 
 96 	 0.393055997179509 	-4.56953854819379 	 4.58641205740913 	 274.916284868392 	-1.49069896936284 	-2.78336228864844 	 3.15741809824574 	 241.827615753762 
 97 	 0.484471385244717 	-4.63165904866157 	 4.65692796446 	 275.971421765061 	-0.966539478329075 	-2.90887783830424 	 3.06525183979167 	 251.619782952718 
 98 	 0.542842948441948 	-4.53667710655679 	 4.56903902761069 	 276.823371460252 	-0.412811286734406 	-2.9081652146007 	 2.93731817715903 	 261.920893458535 
 99 	 0.560184023087759 	-4.29048583879489 	 4.32690130146532 	 277.438701134058 	 0.150073230332111 	-2.78323229666383 	 2.78727537061822 	 273.086427254445 
 100 	 0.53072514195933 	-3.9043504661517 	 3.94025655749048 	 277.740870374968 	 0.70185865167729 	-2.5408097141209 	 2.6359665343675 	 285.441975510572 
 101 	 0.451205104071453 	-3.39444160643498 	 3.42429844865149 	 277.571637666425 	 1.22314919508597 	-2.19204143403475 	 2.51020708348227 	 299.161319391741 
 102 	 0.321045166818811 	-2.78119512821828 	 2.79966361200106 	 276.584750988292 	 1.69606269718999 	-1.75201890556145 	 2.43848291325654 	 314.070273401971 
 103 	 0.142400054209044 	-2.08852293406251 	 2.09337187846398 	 273.900514584222 	 2.10481485136984 	-1.2391775150703 	 2.4425000455277 	 329.513202121573 
 104 	-7.99153083568396E-02 	-1.34290420527603 	 1.34527995638745 	 266.594383831633 	 2.43621565523109 	-0.67457874012848 	 2.52788512306758 	 344.522794657515 
 105 	-0.338619228790036 	-0.572390717148828 	 0.665051964273852 	 239.391968849043 	 2.68006353374855 	-8.11051395250749E-02 	 2.68129047075958 	 358.266621546859 
 106 	-0.624267784634812 	 0.19443731267758 	 0.653847180535433 	 162.700037657679 	 2.82942650942304 	 0.51740194049846 	 2.87634475337318 	 10.3628724117095 
 107 	-0.925656853604394 	 0.929526842262672 	 1.3118158259114 	 134.880478846517 	 2.88080394192078 	 1.09703040860902 	 3.08261367498413 	 20.8471853898117 
 108 	-1.23030409152685 	 1.60638091330039 	 2.02339017400092 	 127.447985578067 	 2.83416660781087 	 1.63467916020814 	 3.27180016468747 	 29.9753146550286 
 109 	-1.52499012176454 	 2.20102385539949 	 2.67770440555283 	 124.716341793909 	 2.69287708854577 	 2.10890204999038 	 3.42038811693474 	 38.065946548332 
 110 	-1.79633588033163 	 2.69286828485778 	 3.23702984146883 	 123.706125629996 	 2.46349644035118 	 2.50068436491881 	 3.51030440340611 	 45.4292090384734 
 111 	-2.0313916940054 	 3.06545310025361 	 3.67743863637839 	 123.531344391901 	 2.15548680273377 	 2.79412478977801 	 3.5289172131989 	 52.3521337212131 
 112 	-2.21821330006198 	 3.30702645562697 	 3.98207159940508 	 123.852035557186 	 1.78082284747043 	 2.97699950543201 	 3.4689848759277 	 59.1123951127459 
 113 	-2.34640065158938 	 3.41095336961418 	 4.14007233118715 	 124.524149107228 	 1.35352768036907 	 3.0411894844381 	 3.3287941753407 	 66.0078166958133 
 114 	-2.4075769579072 	 3.3759339999827 	 4.14648733031766 	 125.494899962153 	 0.889150908263838 	 2.98295708565951 	 3.11265518690276 	 73.4018913999124 
 115 	-2.39578791395641 	 3.20602544882413 	 4.00229920260437 	 126.769903203181 	 0.404208021339417 	 2.80306351574099 	 2.83205741428266 	 81.7943852183691 
 116 	-2.30780436947617 	 2.91046702047598 	 3.71440160524567 	 128.412048024487 	-8.43990120162947E-02 	 2.50672442495355 	 2.50814483949553 	 91.9283656063655 
 117 	-2.14331564201451 	 2.50331588199411 	 3.29551093858721 	 130.56982894397 	-0.559959987558994 	 2.10340663652341 	 2.1766659519177 	 104.907294389472 
 118 	-1.90500512632835 	 2.00290682705876 	 2.76417804947798 	 133.564916183097 	-1.00651421511673 	 1.60647457205802 	 1.89574033451342 	 122.068626570191 
 119 	-1.59850461732279 	 1.43115608201124 	 2.14555930765851 	 138.161618369717 	-1.40936969822835 	 1.03270013925147 	 1.74722423400498 	 143.768312803196 
 120 	-1.23222865407098 	 0.812734599988134 	 1.47611821543244 	 146.592562906528 	-1.75556748568955 	 0.401654514649034 	 1.80092852327578 	 167.113152480176 
 121 	-0.817095014732953 	 0.174140875272732 	 0.835445574254959 	 167.969010031214 	-2.03427724554181 	-0.26499577247954 	 2.05146451862107 	 187.421860590498 
 122 	-0.366142056372058 	-0.457293182340425 	 0.585813161391405 	 231.316706152126 	-2.23711281462532 	-0.944262899691357 	 2.42823107819135 	 202.884120736886 
 123 	 0.105942278958292 	-1.05442746302327 	 1.05973630741264 	 275.737466872618 	-2.3583594693919 	-1.61265417382749 	 2.85701117800293 	 214.364452376398 
 124 	 0.583361440499645 	-1.59133307549028 	 1.69488982751422 	 290.132261378904 	-2.3951078356756 	-2.24700180256599 	 3.28413742788718 	 223.172603897106 
 125 	 1.04980007983631 	-2.04426935063224 	 2.29806818557646 	 297.182001410321 	-2.34729259371081 	-2.82527679206588 	 3.6731419074514 	 230.279566071903 
 126 	 1.48903959355945 	-2.39258337201038 	 2.81810115205403 	 301.896333931648 	-2.21763732872676 	-3.32735855917882 	 3.99865356127571 	 236.317106223169 
 127 	 1.88557525321812 	-2.61949976682977 	 3.22756457161895 	 305.747194358432 	-2.01150992124923 	-3.73573364019466 	 4.24286200503459 	 241.699707488146 
 128 	 2.22521068904677 	-2.71277241292098 	 3.5086602535659 	 309.361062882375 	-1.7366956680254 	-4.03609958140237 	 4.39388343886528 	 246.718245232941 
 129 	 2.49560635717692 	-2.66517462841034 	 3.65119252983242 	 313.118104157789 	-1.40309778938784 	-4.21785360703801 	 4.44510657431164 	 251.599943217362 
 130 	 2.68676039898591 	-2.47481013639432 	 3.65285732718361 	 317.351423224348 	-1.0223770414159 	-4.27444984780322 	 4.39501721455096 	 256.548519597803 
 131 	 2.79140292378166 	-2.14523343461258 	 3.52050518702594 	 322.457202313223 	-0.60754375724437 	-4.20361362636224 	 4.24729054065117 	 261.77604937232 
 132 	 2.8052881075498 	-1.68537492684127 	 3.27263349771794 	 329.003184793539 	-0.172516754647859 	-4.00740636673627 	 4.01111802603621 	 267.534968593245 
 133 	 2.72737246808537 	-1.10927305277392 	 2.94432458898139 	 337.867511078787 	 0.26833585195572 	-3.69213994332528 	 3.70187810314478 	 274.156810942435 
 134 	 2.55987209455487 	-0.435622446257131 	 2.59667326711771 	 350.342292224108 	 0.700658808198025 	-3.26814452900853 	 3.34240802835229 	 282.100491596925 
 135 	 2.30819630453885 	 0.312846378559409 	 2.32930097601503 	 7.71867190809113 	 1.11056012496795 	-2.74939905895081 	 2.96522157292308 	 291.995177118235 
 136 	 1.98075999088165 	 1.11013439182636 	 2.27064055045997 	 29.2688346063212 	 1.48503588121864 	-2.15303812406456 	 2.61551232690313 	 304.595570815022 
 137 	 1.58868161815522 	 1.92786187301376 	 2.49811142371281 	 50.5092925431497 	 1.81235685814824 	-1.49875328625787 	 2.3517862986134 	 320.410487753059 
 138 	 1.14537825228772 	 2.73624586795942 	 2.96629951130001 	 67.286068625458 	 2.08240607947082 	-0.808110326697139 	 2.23370933201515 	 338.790476264765 
 139 	 0.6660729860972 	 3.50513328795313 	 3.56785826359815 	 79.2404921441914 	 2.2869582610436 	-0.103806682362366 	 2.28931297883418 	 357.40108719008 
 140 	 0.167233504959667 	 4.20505368356819 	 4.20837777853552 	 87.7225671904252 	 2.41989431393233 	 0.591104793059209 	 2.49104262648787 	 13.7267741880334 
 141 	-0.334036809021277 	 4.80825499964776 	 4.81984405675316 	 93.9740401117219 	 2.477346318947 	 1.25399864813679 	 2.77664498874616 	 26.8479058546608 
 142 	-0.820632010421211 	 5.2896861658577 	 5.35296335031301 	 98.8184613091523 	 2.45777071774039 	 1.86343912346764 	 3.08432201105072 	 37.1687731906914 
 143 	-1.27607680960074 	 5.62789217882304 	 5.77074885958992 	 102.775321530233 	 2.36194976762825 	 2.39989572916513 	 3.36724014820211 	 45.4565661420045 
 144 	-1.68513572952581 	 5.80579032319062 	 6.04540186453955 	 106.185417197041 	 2.19292351078375 	 2.84638775253892 	 3.59316528453002 	 52.3885052625105 
 145 	-2.03437498632112 	 5.81130025526311 	 6.15710096082484 	 109.293734261824 	 1.95585654665808 	 3.18903599336107 	 3.74103266466061 	 58.4789393815335 
 146 	-2.31265570614564 	 5.63780569224898 	 6.09370408197863 	 112.303680482529 	 1.6578457114856 	 3.41750341012891 	 3.79839202312424 	 64.1217755079182 
 147 	-2.51153973830349 	 5.28443123860864 	 5.85090124448024 	 115.420410477882 	 1.30767631303653 	 3.52531035518532 	 3.76003064349929 	 69.6482010840668 
 148 	-2.62559268935324 	 4.75612423827677 	 5.43272074933996 	 118.900656039792 	 0.915535806367711 	 3.51001453676732 	 3.62745197915276 	 75.3809624802449 
 149 	-2.65257275475639 	 4.06353824833312 	 4.85267815901097 	 123.13546408264 	 0.492694703314697 	 3.37325061438154 	 3.40904206165014 	 81.6901767883084 
 150 	-2.59349831042204 	 3.22272155498358 	 4.13668559442433 	 128.825514086856 	 5.11650732955552E-02 	 3.12062924325899 	 3.12104866008342 	 89.0606765861536 
 151 	-2.45259187710294 	 2.25462086180335 	 3.33144445340309 	 137.408266554458 	-0.396652783894327 	 2.76150026327358 	 2.78984177598501 	 98.1738695767165 
 152 	-2.23710280688178 	 1.18441664273736 	 2.53129843206043 	 152.101366705387 	-0.838325019460643 	 2.30858940910099 	 2.45608914701136 	 109.957630512537 
 153 	-1.95701568090934 	 4.07124502076788E-02 	 1.95743911244435 	 178.808228685471 	-1.2617302121238 	 1.77752224101148 	 2.17980468057954 	 125.368095453617 
 154 	-1.62465577310565 	-1.14539449665483 	 1.98782165549445 	 215.184123472846 	-1.65538727263852 	 1.18625281243739 	 2.03654186242984 	 144.374563934023 
 155 	-1.25420685854924 	-2.34133001927032 	 2.65609885041357 	 241.822875554308 	-2.00875684015699 	 0.554417772629205 	 2.08386254572719 	 164.57047150222 
 156 	-0.861159977820295 	-3.51411253382645 	 3.61809112762457 	 256.230586088339 	-2.31250886084566 	-9.73609557078835E-02 	 2.31455749273723 	 182.410835881669 
 157 	-0.461714382638392 	-4.63143915796037 	 4.65439672192045 	 264.306917130269 	-2.55875031437171 	-0.748200162756676 	 2.66589697003587 	 196.299364821559 
 158 	-7.21536845026438E-02 	-5.66275147027712 	 5.66321113577033 	 269.269987758955 	-2.74120842914151 	-1.37768049123461 	 3.06793532981464 	 206.683253643211 
 159 	 0.291778861029554 	-6.58024467893019 	 6.58671047931612 	 272.538925881361 	-2.85536615415014 	-1.96654736128049 	 3.46704836978451 	 214.555956120591 
 160 	 0.615482009988513 	-7.35978584945973 	 7.38547668431275 	 274.780391295449 	-2.89854808757706 	-2.49736333723176 	 3.82601681310289 	 220.747895750958 
 161 	 0.886052126871258 	-7.98170990908427 	 8.0307397818823 	 276.334486889204 	-2.8699564568741 	-2.95508945925026 	 4.11936934208689 	 225.83731777479 
 162 	 1.09277153060895 	-8.43146627963951 	 8.50198642922979 	 277.384731104883 	-2.77065806379118 	-3.32757570132857 	 4.33004689980644 	 230.218029348063 
 163 	 1.22751101439537 	-8.70009405303432 	 8.78626313184992 	 278.030948274739 	-2.60352431803771 	-3.60594403243761 	 4.44760286443002 	 234.170373852803 
 164 	 1.28503129004999 	-8.78450943865808 	 8.87800154844999 	 278.322414863548 	-2.37312755894595 	-3.78485143096126 	 4.46730732829949 	 237.912008542198 
 165 	 1.2631720140648 	-8.68759558331576 	 8.77894757680919 	 278.272804016671 	-2.08559778623253 	-3.8626244969039 	 4.38971367289715 	 241.633473949406 
 166 	 1.16292138904618 	-8.41809157389895 	 8.49803812086352 	 277.86537096961 	-1.74844467624107 	-3.84126187053478 	 4.22046816643605 	 245.526179385117 
 167 	 0.988363934131673 	-7.99028425267054 	 8.05118039201501 	 277.051424316503 	-1.37035034302874 	-3.72630534036293 	 3.97029111681452 	 249.808980307421 
 168 	 0.746508704461375 	-7.42351317269516 	 7.46095322804098 	 275.74236100949 	-0.960938714628854 	-3.52658514468705 	 3.65516155538985 	 254.757845219152 
 169 	 0.447004833114164 	-6.74150536881664 	 6.75630875246321 	 273.793522917001 	-0.530527639545898 	-3.25384937896304 	 3.29681594228436 	 260.739628913922 
 170 	 0.101755593031694 	-5.97156240191178 	 5.9724292980863 	 270.976227231865 	-8.98699273838514E-02 	-2.9222914633682 	 2.92367303245809 	 268.238524379192 
 171 	-0.275553934221357 	-5.14362715449902 	 5.15100284169642 	 266.933486958143 	 0.350110525553314 	-2.5479931618766 	 2.57193439517285 	 277.823812141373 
 172 	-0.669997190240426 	-4.28926194368666 	 4.34127449679109 	 261.12194863913 	 0.778581553289286 	-2.14830355447404 	 2.28503772338405 	 289.921373176826 
 173 	-1.06599348356509 	-3.44057253417799 	 3.60192746594697 	 252.785436940804 	 1.18505879322755 	-1.7411765484495 	 2.10619565004689 	 304.239518760871 
 174 	-1.44791956986028 	-2.62911447728883 	 3.00145198453584 	 241.157315586413 	 1.55964970329443 	-1.34449089900352 	 2.05916560152157 	 319.237126246306 
 175 	-1.80072178265441 	-1.88481880923143 	 2.60674910226486 	 226.307153882671 	 1.89328065675369 	-0.975377247590558 	 2.12975877046087 	 332.743455548171 
 176 	-2.11050502972406 	-1.2349734927676 	 2.44527933135034 	 210.334268830564 	 2.17790274787383 	-0.649576361717734 	 2.2727097986542 	 343.392381162252 
 177 	-2.36507588173301 	-0.703295102880972 	 2.46742941704348 	 196.560731380325 	 2.40667248043157 	-0.380851585528152 	 2.43662068411682 	 351.007615187366 
 178 	-2.55441876639553 	-0.309122203339567 	 2.57305494902677 	 186.900078855482 	 2.57410407649749 	-0.180476528957464 	 2.58042313858513 	 355.989420364356 
 179 	-2.67108687428175 	-0.06675774060555 	 2.6719209729876 	 181.431679637059 	 2.67619072508059 	-0.05681630501847 	 2.67679377045064 	 358.783776694352 
 180 	-2.71049268162395 	 1.50172656987171E-02 	 2.71053428227832 	 179.682560611062 	 2.71049268162395 	-1.50172656987171E-02 	 2.71053428227832 	 359.682560611062 
******************************************

