MiePlot v4.6.18

Date & Time: 5/2/2021 23:05:48 

Calculation Method:         Mie (plane wave)

Graph type: Cext/Csca/Cabs v. radius

Refractive index (sphere) 	Real part: 	1.5	Imaginary part: 	0
Refractive index (medium)	Real part: 	1	

Wavelength: 	0.5	 um

Radius (µm)	Cext m^2	Csca m^2	Cabs m^2
 0.1 	 1.42676715596413E-14 	 1.42676715596413E-14 	 0 
 0.10023052380779 	 1.4431735934373E-14 	 1.4431735934373E-14 	 3.15544362088405E-30 
 0.10046157902784 	 1.45974972167935E-14 	 1.45974972167935E-14 	 0 
 0.10069316688518 	 1.47649725249454E-14 	 1.47649725249454E-14 	 3.15544362088405E-30 
 0.100925288607668 	 1.49341792577282E-14 	 1.49341792577282E-14 	-3.15544362088405E-30 
 0.10115794542599 	 1.51051351037382E-14 	 1.51051351037382E-14 	 0 
 0.101391138573668 	 1.52778580503741E-14 	 1.52778580503741E-14 	 0 
 0.10162486928707 	 1.54523663932165E-14 	 1.54523663932165E-14 	 0 
 0.101859138805412 	 1.56286787456817E-14 	 1.56286787456817E-14 	 0 
 0.102093948370768 	 1.58068140489591E-14 	 1.58068140489591E-14 	-3.15544362088405E-30 
 0.102329299228075 	 1.59867915822318E-14 	 1.59867915822318E-14 	 0 
 0.102565192625141 	 1.61686309731891E-14 	 1.6168630973189E-14 	 3.15544362088405E-30 
 0.102801629812647 	 1.63523522088322E-14 	 1.63523522088322E-14 	 0 
 0.103038612044162 	 1.65379756465791E-14 	 1.65379756465791E-14 	 0 
 0.10327614057614 	 1.6725522025671E-14 	 1.6725522025671E-14 	 0 
 0.103514216667934 	 1.69150124788857E-14 	 1.69150124788857E-14 	-3.15544362088405E-30 
 0.103752841581801 	 1.71064685445602E-14 	 1.71064685445602E-14 	-3.15544362088405E-30 
 0.103992016582906 	 1.72999121789263E-14 	 1.72999121789264E-14 	-9.46633086265214E-30 
 0.10423174293933 	 1.7495365768764E-14 	 1.7495365768764E-14 	 0 
 0.10447202192208 	 1.76928521443717E-14 	 1.76928521443717E-14 	 0 
 0.10471285480509 	 1.78923945928608E-14 	 1.78923945928608E-14 	 0 
 0.104954242865232 	 1.8094016871773E-14 	 1.8094016871773E-14 	-3.15544362088405E-30 
 0.105196187382322 	 1.82977432230247E-14 	 1.82977432230247E-14 	 0 
 0.105438689639126 	 1.85035983871793E-14 	 1.85035983871793E-14 	 0 
 0.105681750921366 	 1.87116076180493E-14 	 1.87116076180493E-14 	 0 
 0.105925372517729 	 1.8921796697628E-14 	 1.8921796697628E-14 	 0 
 0.106169555719872 	 1.9134191951353E-14 	 1.9134191951353E-14 	-6.31088724176809E-30 
 0.106414301822431 	 1.93488202637008E-14 	 1.93488202637008E-14 	 6.31088724176809E-30 
 0.106659612123026 	 1.95657090941115E-14 	 1.95657090941115E-14 	 0 
 0.106905487922266 	 1.9784886493244E-14 	 1.9784886493244E-14 	 6.31088724176809E-30 
 0.10715193052376 	 2.0006381119559E-14 	 2.0006381119559E-14 	 0 
 0.107398941234124 	 2.02302222562289E-14 	 2.02302222562289E-14 	-6.31088724176809E-30 
 0.107646521362983 	 2.04564398283709E-14 	 2.04564398283709E-14 	 3.15544362088405E-30 
 0.107894672222983 	 2.0685064420601E-14 	 2.0685064420601E-14 	 0 
 0.108143395129794 	 2.0916127294904E-14 	 2.0916127294904E-14 	-3.15544362088405E-30 
 0.10839269140212 	 2.11496604088153E-14 	 2.11496604088153E-14 	 0 
 0.108642562361706 	 2.13856964339086E-14 	 2.13856964339086E-14 	-3.15544362088405E-30 
 0.108893009333343 	 2.16242687745832E-14 	 2.16242687745832E-14 	 0 
 0.109144033644875 	 2.18654115871442E-14 	 2.18654115871442E-14 	 6.31088724176809E-30 
 0.109395636627209 	 2.21091597991657E-14 	 2.21091597991657E-14 	 0 
 0.109647819614318 	 2.23555491291303E-14 	 2.23555491291303E-14 	-6.31088724176809E-30 
 0.109900583943252 	 2.26046161063314E-14 	 2.26046161063314E-14 	 0 
 0.110153930954141 	 2.28563980910306E-14 	 2.28563980910306E-14 	 0 
 0.110407861990207 	 2.3110933294854E-14 	 2.3110933294854E-14 	 3.15544362088405E-30 
 0.110662378397766 	 2.33682608014168E-14 	 2.33682608014168E-14 	-1.26217744835362E-29 
 0.11091748152624 	 2.36284205871581E-14 	 2.36284205871581E-14 	-6.31088724176809E-30 
 0.111173172728159 	 2.3891453542372E-14 	 2.3891453542372E-14 	 9.46633086265214E-30 
 0.111429453359173 	 2.41574014924156E-14 	 2.41574014924156E-14 	 0 
 0.111686324778056 	 2.4426307219075E-14 	 2.4426307219075E-14 	 3.15544362088405E-30 
 0.111943788346715 	 2.46982144820681E-14 	 2.46982144820681E-14 	 0 
 0.112201845430196 	 2.49731680406619E-14 	 2.49731680406619E-14 	-3.15544362088405E-30 
 0.112460497396692 	 2.5251213675379E-14 	 2.5251213675379E-14 	 6.31088724176809E-30 
 0.112719745617551 	 2.55323982097688E-14 	 2.55323982097688E-14 	 0 
 0.112979591467279 	 2.58167695322135E-14 	 2.58167695322135E-14 	 0 
 0.113240036323555 	 2.61043766177394E-14 	 2.61043766177394E-14 	 0 
 0.113501081567231 	 2.63952695498028E-14 	 2.63952695498028E-14 	 3.15544362088405E-30 
 0.113762728582343 	 2.6689499542013E-14 	 2.6689499542013E-14 	 6.31088724176809E-30 
 0.114024978756117 	 2.69871189597589E-14 	 2.69871189597589E-14 	 6.31088724176809E-30 
 0.114287833478977 	 2.72881813416995E-14 	 2.72881813416995E-14 	 0 
 0.114551294144553 	 2.75927414210749E-14 	 2.75927414210749E-14 	 0 
 0.114815362149688 	 2.79008551467974E-14 	 2.79008551467974E-14 	-9.46633086265214E-30 
 0.115080038894443 	 2.82125797042728E-14 	 2.82125797042728E-14 	-3.15544362088405E-30 
 0.115345325782109 	 2.85279735359049E-14 	 2.85279735359049E-14 	 6.31088724176809E-30 
 0.115611224219209 	 2.88470963612309E-14 	 2.88470963612309E-14 	 0 
 0.115877735615512 	 2.9170009196631E-14 	 2.9170009196631E-14 	 6.31088724176809E-30 
 0.116144861384034 	 2.94967743745561E-14 	 2.94967743745561E-14 	 0 
 0.116412602941049 	 2.9827455562212E-14 	 2.9827455562212E-14 	 0 
 0.116680961706096 	 3.0162117779635E-14 	 3.0162117779635E-14 	-6.31088724176809E-30 
 0.116949939101987 	 3.05008274170925E-14 	 3.05008274170925E-14 	 0 
 0.117219536554813 	 3.08436522517364E-14 	 3.08436522517364E-14 	 0 
 0.117489755493953 	 3.11906614634353E-14 	 3.11906614634353E-14 	 0 
 0.11776059735208 	 3.15419256497082E-14 	 3.15419256497082E-14 	 0 
 0.118032063565173 	 3.18975168396766E-14 	 3.18975168396766E-14 	 0 
 0.118304155572516 	 3.225750850695E-14 	 3.225750850695E-14 	-6.31088724176809E-30 
 0.118576874816716 	 3.26219755813575E-14 	 3.26219755813575E-14 	 0 
 0.118850222743701 	 3.29909944594285E-14 	 3.29909944594285E-14 	 0 
 0.119124200802737 	 3.33646430135301E-14 	 3.33646430135301E-14 	 6.31088724176809E-30 
 0.119398810446427 	 3.37430005995564E-14 	 3.37430005995564E-14 	 0 
 0.119674053130724 	 3.41261480630678E-14 	 3.41261480630678E-14 	-6.31088724176809E-30 
 0.119949930314937 	 3.45141677437691E-14 	 3.45141677437691E-14 	 0 
 0.120226443461741 	 3.49071434782158E-14 	 3.49071434782158E-14 	 6.31088724176809E-30 
 0.120503594037179 	 3.53051606006291E-14 	 3.53051606006291E-14 	-1.26217744835362E-29 
 0.120781383510677 	 3.57083059417013E-14 	 3.57083059417013E-14 	 0 
 0.121059813355048 	 3.61166678252647E-14 	 3.61166678252647E-14 	-6.31088724176809E-30 
 0.121338885046497 	 3.65303360626972E-14 	 3.65303360626972E-14 	 0 
 0.121618600064636 	 3.69494019449294E-14 	 3.69494019449294E-14 	-6.31088724176809E-30 
 0.121898959892486 	 3.73739582319204E-14 	 3.73739582319204E-14 	 0 
 0.122179966016487 	 3.78040991394592E-14 	 3.78040991394592E-14 	 6.31088724176809E-30 
 0.122461619926504 	 3.82399203231502E-14 	 3.82399203231502E-14 	 6.31088724176809E-30 
 0.12274392311584 	 3.86815188594359E-14 	 3.86815188594359E-14 	 6.31088724176809E-30 
 0.123026877081238 	 3.91289932235072E-14 	 3.91289932235072E-14 	-6.31088724176809E-30 
 0.12331048332289 	 3.95824432639479E-14 	 3.95824432639479E-14 	-6.31088724176809E-30 
 0.12359474334445 	 4.00419701739603E-14 	 4.00419701739603E-14 	 0 
 0.123879658653036 	 4.05076764590122E-14 	 4.05076764590122E-14 	 0 
 0.12416523075924 	 4.09796659007491E-14 	 4.09796659007491E-14 	 0 
 0.124451461177138 	 4.14580435170077E-14 	 4.14580435170077E-14 	 1.26217744835362E-29 
 0.124738351424294 	 4.19429155177724E-14 	 4.19429155177724E-14 	 0 
 0.125025903021771 	 4.24343892569098E-14 	 4.24343892569098E-14 	 0 
 0.125314117494141 	 4.29325731795205E-14 	 4.29325731795205E-14 	 0 
 0.125602996369487 	 4.34375767647465E-14 	 4.34375767647465E-14 	 0 
 0.125892541179416 	 4.39495104638731E-14 	 4.39495104638731E-14 	 6.31088724176809E-30 
 0.126182753459066 	 4.44684856335667E-14 	 4.44684856335667E-14 	 0 
 0.126473634747114 	 4.49946144640934E-14 	 4.49946144640934E-14 	 0 
 0.126765186585784 	 4.55280099023648E-14 	 4.55280099023648E-14 	 0 
 0.127057410520853 	 4.60687855696639E-14 	 4.60687855696639E-14 	 0 
 0.127350308101665 	 4.66170556739067E-14 	 4.66170556739067E-14 	 0 
 0.127643880881134 	 4.71729349163041E-14 	 4.71729349163041E-14 	 0 
 0.127938130415752 	 4.77365383922942E-14 	 4.77365383922942E-14 	 0 
 0.128233058265601 	 4.83079814866229E-14 	 4.83079814866229E-14 	 0 
 0.128528665994361 	 4.88873797624633E-14 	 4.88873797624633E-14 	 0 
 0.128824955169313 	 4.94748488444711E-14 	 4.94748488444711E-14 	 0 
 0.129121927361353 	 5.00705042956888E-14 	 5.00705042956888E-14 	 0 
 0.129419584144998 	 5.06744614882229E-14 	 5.06744614882229E-14 	-6.31088724176809E-30 
 0.129717927098395 	 5.12868354676336E-14 	 5.12868354676336E-14 	-6.31088724176809E-30 
 0.130016957803328 	 5.19077408109946E-14 	 5.19077408109946E-14 	 1.26217744835362E-29 
 0.130316677845229 	 5.25372914785936E-14 	 5.25372914785936E-14 	 0 
 0.130617088813183 	 5.31756006592711E-14 	 5.31756006592711E-14 	 0 
 0.13091819229994 	 5.38227806094087E-14 	 5.38227806094087E-14 	-6.31088724176809E-30 
 0.131219989901919 	 5.44789424856042E-14 	 5.44789424856042E-14 	 1.26217744835362E-29 
 0.131522483219223 	 5.5144196171097E-14 	 5.5144196171097E-14 	-1.26217744835362E-29 
 0.13182567385564 	 5.58186500960282E-14 	 5.58186500960282E-14 	 0 
 0.132129563418657 	 5.65024110516517E-14 	 5.65024110516517E-14 	 0 
 0.132434153519466 	 5.71955839986408E-14 	 5.71955839986408E-14 	 0 
 0.132739445772973 	 5.78982718696648E-14 	 5.78982718696647E-14 	 1.26217744835362E-29 
 0.133045441797808 	 5.86105753664428E-14 	 5.86105753664428E-14 	 0 
 0.133352143216332 	 5.93325927515191E-14 	 5.93325927515192E-14 	-1.26217744835362E-29 
 0.133659551654643 	 6.00644196350341E-14 	 6.00644196350341E-14 	 0 
 0.133967668742593 	 6.08061487568083E-14 	 6.08061487568083E-14 	 1.26217744835362E-29 
 0.134276496113785 	 6.15578697640928E-14 	 6.15578697640928E-14 	 0 
 0.134586035405594 	 6.23196689853771E-14 	 6.23196689853771E-14 	 0 
 0.134896288259164 	 6.30916292006903E-14 	 6.30916292006903E-14 	 1.26217744835362E-29 
 0.135207256319427 	 6.38738294088709E-14 	 6.38738294088709E-14 	 0 
 0.135518941235103 	 6.4666344592323E-14 	 6.4666344592323E-14 	 0 
 0.135831344658714 	 6.54692454798229E-14 	 6.54692454798229E-14 	-1.26217744835362E-29 
 0.136144468246594 	 6.62825983079775E-14 	 6.62825983079775E-14 	 0 
 0.136458313658891 	 6.710646458199E-14 	 6.710646458199E-14 	 0 
 0.136772882559584 	 6.79409008364191E-14 	 6.79409008364191E-14 	 0 
 0.137088176616484 	 6.87859583966745E-14 	 6.87859583966745E-14 	 0 
 0.137404197501251 	 6.96416831420237E-14 	 6.96416831420237E-14 	 1.26217744835362E-29 
 0.137720946889394 	 7.05081152709342E-14 	 7.05081152709342E-14 	 0 
 0.138038426460287 	 7.13852890696117E-14 	 7.13852890696117E-14 	 0 
 0.138356637897177 	 7.22732326846329E-14 	 7.22732326846329E-14 	-1.26217744835362E-29 
 0.138675582887188 	 7.31719679006159E-14 	 7.31719679006159E-14 	 0 
 0.138995263121334 	 7.40815099238922E-14 	 7.40815099238922E-14 	 0 
 0.139315680294529 	 7.50018671731907E-14 	 7.50018671731907E-14 	 1.26217744835362E-29 
 0.139636836105593 	 7.59330410783623E-14 	 7.59330410783624E-14 	-1.26217744835362E-29 
 0.139958732257261 	 7.68750258881999E-14 	 7.68750258881999E-14 	 0 
 0.140281370456195 	 7.7827808488435E-14 	 7.7827808488435E-14 	 0 
 0.14060475241299 	 7.87913682310022E-14 	 7.87913682310022E-14 	 2.52435489670724E-29 
 0.140928879842186 	 7.97656767756759E-14 	 7.97656767756758E-14 	 2.52435489670724E-29 
 0.141253754462274 	 8.07506979451921E-14 	 8.07506979451921E-14 	 0 
 0.141579377995707 	 8.17463875949667E-14 	 8.17463875949667E-14 	 1.26217744835362E-29 
 0.141905752168908 	 8.27526934985155E-14 	 8.27526934985155E-14 	 0 
 0.142232878712281 	 8.37695552496722E-14 	 8.37695552496723E-14 	-3.78653234506086E-29 
 0.142560759360218 	 8.47969041826808E-14 	 8.47969041826808E-14 	 0 
 0.142889395851109 	 8.58346633112124E-14 	 8.58346633112124E-14 	 0 
 0.143218789927353 	 8.68827472873263E-14 	 8.68827472873263E-14 	 0 
 0.143548943335364 	 8.79410623813575E-14 	 8.79410623813575E-14 	 1.26217744835362E-29 
 0.143879857825583 	 8.90095064836579E-14 	 8.90095064836579E-14 	-1.26217744835362E-29 
 0.144211535152486 	 9.00879691290758E-14 	 9.00879691290758E-14 	 0 
 0.144543977074592 	 9.11763315449861E-14 	 9.11763315449861E-14 	 0 
 0.144877185354475 	 9.22744667236207E-14 	 9.22744667236207E-14 	-2.52435489670724E-29 
 0.145211161758773 	 9.33822395193688E-14 	 9.33822395193688E-14 	 0 
 0.145545908058195 	 9.44995067716361E-14 	 9.44995067716361E-14 	 0 
 0.145881426027534 	 9.56261174537588E-14 	 9.56261174537588E-14 	 0 
 0.146217717445671 	 9.67619128483711E-14 	 9.67619128483711E-14 	 0 
 0.14655478409559 	 9.79067267495267E-14 	 9.79067267495267E-14 	 1.26217744835362E-29 
 0.146892627764385 	 9.90603856917602E-14 	 9.90603856917602E-14 	 0 
 0.147231250243271 	 1.00222709206164E-13 	 1.00222709206164E-13 	 0 
 0.147570653327588 	 1.01393510103436E-13 	 1.01393510103436E-13 	 0 
 0.147910838816819 	 1.02572594783743E-13 	 1.02572594783743E-13 	 0 
 0.148251808514594 	 1.03759763573093E-13 	 1.03759763573093E-13 	-1.26217744835362E-29 
 0.148593564228699 	 1.04954811085821E-13 	 1.04954811085821E-13 	 0 
 0.14893610777109 	 1.06157526612631E-13 	 1.06157526612631E-13 	-2.52435489670724E-29 
 0.149279440957898 	 1.07367694533533E-13 	 1.07367694533533E-13 	-3.78653234506086E-29 
 0.149623565609442 	 1.08585094754868E-13 	 1.08585094754868E-13 	 0 
 0.149968483550236 	 1.09809503169506E-13 	 1.09809503169506E-13 	 0 
 0.150314196609001 	 1.11040692139163E-13 	 1.11040692139163E-13 	 0 
 0.150660706618673 	 1.1227843099768E-13 	 1.1227843099768E-13 	-1.26217744835362E-29 
 0.151008015416413 	 1.13522486573973E-13 	 1.13522486573973E-13 	 0 
 0.151356124843619 	 1.14772623733275E-13 	 1.14772623733275E-13 	 0 
 0.151705036745932 	 1.16028605935179E-13 	 1.16028605935179E-13 	 5.04870979341448E-29 
 0.152054752973248 	 1.17290195806884E-13 	 1.17290195806884E-13 	 0 
 0.152405275379728 	 1.18557155729989E-13 	 1.18557155729989E-13 	 0 
 0.152756605823806 	 1.19829248439074E-13 	 1.19829248439074E-13 	 0 
 0.153108746168201 	 1.21106237630262E-13 	 1.21106237630262E-13 	-2.52435489670724E-29 
 0.153461698279928 	 1.22387888577882E-13 	 1.22387888577882E-13 	 0 
 0.153815464030302 	 1.23673968757318E-13 	 1.23673968757318E-13 	 2.52435489670724E-29 
 0.154170045294954 	 1.24964248472103E-13 	 1.24964248472103E-13 	 0 
 0.15452544395384 	 1.26258501483268E-13 	 1.26258501483268E-13 	 0 
 0.154881661891247 	 1.27556505638986E-13 	 1.27556505638986E-13 	 0 
 0.155238700995807 	 1.28858043502513E-13 	 1.28858043502513E-13 	 0 
 0.155596563160506 	 1.30162902976485E-13 	 1.30162902976485E-13 	 0 
 0.155955250282694 	 1.31470877921616E-13 	 1.31470877921616E-13 	 0 
 0.156314764264094 	 1.32781768767921E-13 	 1.32781768767921E-13 	 0 
 0.156675107010813 	 1.34095383116616E-13 	 1.34095383116616E-13 	 2.52435489670724E-29 
 0.157036280433354 	 1.35411536330916E-13 	 1.35411536330916E-13 	 0 
 0.15739828644662 	 1.36730052114029E-13 	 1.36730052114029E-13 	 0 
 0.157761126969933 	 1.38050763072731E-13 	 1.38050763072731E-13 	 0 
 0.158124803927037 	 1.39373511265001E-13 	 1.39373511265001E-13 	 0 
 0.15848931924611 	 1.40698148730278E-13 	 1.40698148730278E-13 	-2.52435489670724E-29 
 0.158854674859776 	 1.42024538001065E-13 	 1.42024538001065E-13 	 0 
 0.159220872705115 	 1.43352552594649E-13 	 1.43352552594649E-13 	 0 
 0.159587914723672 	 1.44682077483902E-13 	 1.44682077483902E-13 	 2.52435489670724E-29 
 0.159955802861465 	 1.46013009546209E-13 	 1.46013009546209E-13 	 5.04870979341448E-29 
 0.160324539069002 	 1.47345257989724E-13 	 1.47345257989724E-13 	 0 
 0.160694125301286 	 1.48678744756281E-13 	 1.48678744756281E-13 	-2.52435489670724E-29 
 0.161064563517825 	 1.50013404900436E-13 	 1.50013404900436E-13 	 0 
 0.161435855682647 	 1.51349186944237E-13 	 1.51349186944237E-13 	 0 
 0.161808003764305 	 1.52686053207475E-13 	 1.52686053207475E-13 	 0 
 0.162181009735891 	 1.54023980113294E-13 	 1.54023980113294E-13 	 2.52435489670724E-29 
 0.162554875575047 	 1.55362958469174E-13 	 1.55362958469174E-13 	 5.04870979341448E-29 
 0.16292960326397 	 1.56702993723432E-13 	 1.56702993723432E-13 	-2.52435489670724E-29 
 0.163305194789432 	 1.58044106197518E-13 	 1.58044106197518E-13 	 0 
 0.163681652142779 	 1.59386331294492E-13 	 1.59386331294492E-13 	 0 
 0.164058977319952 	 1.60729719684195E-13 	 1.60729719684195E-13 	 0 
 0.164437172321491 	 1.62074337465726E-13 	 1.62074337465726E-13 	 5.04870979341448E-29 
 0.164816239152549 	 1.63420266307953E-13 	 1.63420266307953E-13 	 0 
 0.1651961798229 	 1.64767603568854E-13 	 1.64767603568854E-13 	-5.04870979341448E-29 
 0.165576996346951 	 1.66116462394593E-13 	 1.66116462394593E-13 	 2.52435489670724E-29 
 0.165958690743754 	 1.67466971799309E-13 	 1.67466971799309E-13 	 0 
 0.166341265037015 	 1.68819276726641E-13 	 1.68819276726641E-13 	 0 
 0.166724721255104 	 1.70173538094103E-13 	 1.70173538094103E-13 	 5.04870979341448E-29 
 0.167109061431069 	 1.71529932821436E-13 	 1.71529932821436E-13 	 2.52435489670724E-29 
 0.167494287602642 	 1.7288865384414E-13 	 1.7288865384414E-13 	 0 
 0.167880401812254 	 1.74249910113372E-13 	 1.74249910113372E-13 	 5.04870979341448E-29 
 0.168267406107045 	 1.75613926583463E-13 	 1.75613926583463E-13 	 0 
 0.168655302538872 	 1.76980944188265E-13 	 1.76980944188265E-13 	 2.52435489670724E-29 
 0.169044093164324 	 1.78351219807588E-13 	 1.78351219807588E-13 	 0 
 0.169433780044731 	 1.79725026224928E-13 	 1.79725026224928E-13 	 0 
 0.169824365246172 	 1.81102652077697E-13 	 1.81102652077697E-13 	 0 
 0.170215850839493 	 1.82484401801126E-13 	 1.82484401801126E-13 	 0 
 0.17060823890031 	 1.83870595566958E-13 	 1.83870595566958E-13 	 0 
 0.171001531509027 	 1.85261569218032E-13 	 1.85261569218032E-13 	 0 
 0.17139573075084 	 1.86657674199746E-13 	 1.86657674199746E-13 	 0 
 0.171790838715757 	 1.8805927748938E-13 	 1.8805927748938E-13 	 0 
 0.172186857498599 	 1.89466761524138E-13 	 1.89466761524138E-13 	 7.57306469012171E-29 
 0.172583789199018 	 1.90880524128692E-13 	 1.90880524128692E-13 	 0 
 0.172981635921508 	 1.92300978442941E-13 	 1.92300978442941E-13 	 0 
 0.173380399775412 	 1.93728552850554E-13 	 1.93728552850554E-13 	 0 
 0.173780082874935 	 1.95163690908793E-13 	 1.95163690908793E-13 	 0 
 0.174180687339159 	 1.96606851279964E-13 	 1.96606851279964E-13 	-2.52435489670724E-29 
 0.174582215292048 	 1.98058507664745E-13 	 1.98058507664745E-13 	-5.04870979341448E-29 
 0.174984668862463 	 1.99519148737462E-13 	 1.99519148737462E-13 	 0 
 0.175388050184174 	 2.00989278083292E-13 	 2.00989278083292E-13 	 0 
 0.175792361395867 	 2.02469414137171E-13 	 2.02469414137171E-13 	-5.04870979341448E-29 
 0.176197604641161 	 2.0396009012406E-13 	 2.0396009012406E-13 	 0 
 0.176603782068614 	 2.05461854000028E-13 	 2.05461854000028E-13 	 2.52435489670724E-29 
 0.17701089583174 	 2.06975268393442E-13 	 2.06975268393442E-13 	-5.04870979341448E-29 
 0.177418948089014 	 2.08500910545383E-13 	 2.08500910545383E-13 	 0 
 0.17782794100389 	 2.10039372248171E-13 	 2.10039372248171E-13 	 0 
 0.178237876744807 	 2.1159125978073E-13 	 2.1159125978073E-13 	 0 
 0.178648757485203 	 2.13157193839259E-13 	 2.13157193839259E-13 	 0 
 0.179060585403527 	 2.147378094615E-13 	 2.147378094615E-13 	 0 
 0.17947336268325 	 2.16333755942624E-13 	 2.16333755942624E-13 	 0 
 0.179887091512876 	 2.17945696740537E-13 	 2.17945696740537E-13 	-5.04870979341448E-29 
 0.180301774085954 	 2.1957430936816E-13 	 2.1957430936816E-13 	 0 
 0.18071741260109 	 2.21220285269965E-13 	 2.21220285269965E-13 	 0 
 0.181134009261958 	 2.22884329679795E-13 	 2.22884329679795E-13 	 0 
 0.181551566277311 	 2.24567161456724E-13 	 2.24567161456724E-13 	 0 
 0.181970085860996 	 2.26269512895422E-13 	 2.26269512895422E-13 	 0 
 0.182389570231961 	 2.27992129507198E-13 	 2.27992129507198E-13 	 0 
 0.182810021614272 	 2.29735769767644E-13 	 2.29735769767644E-13 	 0 
 0.183231442237119 	 2.31501204826428E-13 	 2.31501204826428E-13 	 0 
 0.183653834334832 	 2.33289218174575E-13 	 2.33289218174575E-13 	 0 
 0.184077200146893 	 2.35100605264197E-13 	 2.35100605264197E-13 	 0 
 0.184501541917945 	 2.36936173075388E-13 	 2.36936173075388E-13 	 5.04870979341448E-29 
 0.184926861897805 	 2.38796739624682E-13 	 2.38796739624682E-13 	 1.0097419586829E-28 
 0.185353162341479 	 2.40683133409189E-13 	 2.40683133409189E-13 	 1.0097419586829E-28 
 0.185780445509167 	 2.42596192780246E-13 	 2.42596192780246E-13 	 0 
 0.186208713666284 	 2.44536765240177E-13 	 2.44536765240177E-13 	 0 
 0.186637969083464 	 2.46505706655474E-13 	 2.46505706655474E-13 	 0 
 0.187068214036577 	 2.48503880379559E-13 	 2.48503880379559E-13 	-5.04870979341448E-29 
 0.187499450806739 	 2.50532156278014E-13 	 2.50532156278014E-13 	 0 
 0.187931681680324 	 2.52591409649112E-13 	 2.52591409649112E-13 	 0 
 0.188364908948977 	 2.54682520032294E-13 	 2.54682520032294E-13 	 0 
 0.188799134909627 	 2.56806369897235E-13 	 2.56806369897235E-13 	-5.04870979341448E-29 
 0.189234361864495 	 2.58963843206126E-13 	 2.58963843206126E-13 	 0 
 0.189670592121112 	 2.61155823841878E-13 	 2.61155823841878E-13 	 0 
 0.190107827992327 	 2.63383193895117E-13 	 2.63383193895117E-13 	 0 
 0.190546071796322 	 2.6564683180305E-13 	 2.6564683180305E-13 	 0 
 0.190985325856621 	 2.67947610333686E-13 	 2.67947610333686E-13 	 0 
 0.191425592502106 	 2.70286394409275E-13 	 2.70286394409275E-13 	-5.04870979341448E-29 
 0.191866874067026 	 2.72664038763466E-13 	 2.72664038763466E-13 	 5.04870979341448E-29 
 0.192309172891013 	 2.75081385427353E-13 	 2.75081385427353E-13 	-1.0097419586829E-28 
 0.192752491319091 	 2.77539261040461E-13 	 2.77539261040461E-13 	 5.04870979341448E-29 
 0.193196831701689 	 2.80038473983723E-13 	 2.80038473983723E-13 	 0 
 0.193642196394658 	 2.82579811332664E-13 	 2.82579811332664E-13 	 0 
 0.194088587759275 	 2.85164035630398E-13 	 2.85164035630398E-13 	 5.04870979341448E-29 
 0.194536008162263 	 2.87791881481543E-13 	 2.87791881481543E-13 	 0 
 0.194984459975802 	 2.90464051969921E-13 	 2.90464051969921E-13 	 0 
 0.195433945577536 	 2.93181214904823E-13 	 2.93181214904823E-13 	-5.04870979341448E-29 
 0.195884467350596 	 2.95943998902732E-13 	 2.95943998902732E-13 	 0 
 0.196336027683602 	 2.9875298931376E-13 	 2.9875298931376E-13 	 0 
 0.196788628970681 	 3.01608724004508E-13 	 3.01608724004508E-13 	 1.0097419586829E-28 
 0.197242273611482 	 3.04511689011813E-13 	 3.04511689011813E-13 	 0 
 0.197696964011183 	 3.07462314084673E-13 	 3.07462314084673E-13 	-5.04870979341448E-29 
 0.198152702580507 	 3.1046096813468E-13 	 3.1046096813468E-13 	 0 
 0.198609491735734 	 3.13507954618412E-13 	 3.13507954618412E-13 	 0 
 0.199067333898716 	 3.16603506878513E-13 	 3.16603506878513E-13 	 0 
 0.199526231496885 	 3.19747783473423E-13 	 3.19747783473423E-13 	 5.04870979341448E-29 
 0.199986186963271 	 3.22940863529114E-13 	 3.22940863529114E-13 	 0 
 0.200447202736513 	 3.2618274214938E-13 	 3.2618274214938E-13 	 0 
 0.20090928126087 	 3.2947332592448E-13 	 3.2947332592448E-13 	 0 
 0.201372424986236 	 3.32812428580913E-13 	 3.32812428580913E-13 	 0 
 0.201836636368153 	 3.36199766817945E-13 	 3.36199766817945E-13 	 5.04870979341448E-29 
 0.202301917867824 	 3.39634956378972E-13 	 3.39634956378972E-13 	 0 
 0.202768271952125 	 3.43117508407962E-13 	 3.43117508407962E-13 	 0 
 0.203235701093619 	 3.4664682614287E-13 	 3.4664682614287E-13 	 1.51461293802434E-28 
 0.203704207770568 	 3.50222201999066E-13 	 3.50222201999066E-13 	 0 
 0.20417379446695 	 3.53842815096304E-13 	 3.53842815096304E-13 	 5.04870979341448E-29 
 0.204644463672464 	 3.57507729282616E-13 	 3.57507729282616E-13 	 0 
 0.205116217882553 	 3.61215891707526E-13 	 3.61215891707526E-13 	 0 
 0.205589059598411 	 3.6496613199524E-13 	 3.6496613199524E-13 	 0 
 0.206062991326997 	 3.68757162065787E-13 	 3.68757162065787E-13 	 1.51461293802434E-28 
 0.206538015581049 	 3.72587576648532E-13 	 3.72587576648532E-13 	 0 
 0.207014134879101 	 3.7645585452795E-13 	 3.7645585452795E-13 	 1.51461293802434E-28 
 0.207491351745487 	 3.80360360556114E-13 	 3.80360360556114E-13 	 0 
 0.207969668710366 	 3.84299348459966E-13 	 3.84299348459966E-13 	 0 
 0.208449088309725 	 3.88270964464178E-13 	 3.88270964464178E-13 	 0 
 0.2089296130854 	 3.92273251742337E-13 	 3.92273251742337E-13 	 0 
 0.209411245585086 	 3.96304155700382E-13 	 3.96304155700382E-13 	 0 
 0.209893988362349 	 4.0036153008681E-13 	 4.0036153008681E-13 	-5.04870979341448E-29 
 0.210377843976644 	 4.04443143914268E-13 	 4.04443143914268E-13 	 0 
 0.210862814993325 	 4.08546689166934E-13 	 4.08546689166934E-13 	 0 
 0.211348903983661 	 4.1266978925774E-13 	 4.1266978925774E-13 	 0 
 0.211836113524847 	 4.16810008189206E-13 	 4.16810008189206E-13 	 1.0097419586829E-28 
 0.212324446200018 	 4.2096486036157E-13 	 4.2096486036157E-13 	 1.0097419586829E-28 
 0.212813904598267 	 4.25131820962345E-13 	 4.25131820962345E-13 	 0 
 0.213304491314654 	 4.29308336862524E-13 	 4.29308336862524E-13 	 0 
 0.213796208950219 	 4.33491837936573E-13 	 4.33491837936573E-13 	 0 
 0.214289060112002 	 4.37679748716429E-13 	 4.37679748716429E-13 	 0 
 0.21478304741305 	 4.41869500283941E-13 	 4.41869500283941E-13 	-5.04870979341448E-29 
 0.215278173472433 	 4.46058542301847E-13 	 4.46058542301847E-13 	 0 
 0.215774440915263 	 4.50244355080513E-13 	 4.50244355080513E-13 	 0 
 0.216271852372698 	 4.54424461576432E-13 	 4.54424461576432E-13 	 5.04870979341448E-29 
 0.216770410481966 	 4.58596439218793E-13 	 4.58596439218793E-13 	 0 
 0.217270117886371 	 4.62757931462523E-13 	 4.62757931462523E-13 	 0 
 0.217770977235312 	 4.66906658969796E-13 	 4.66906658969796E-13 	 0 
 0.218272991184296 	 4.71040430327256E-13 	 4.71040430327256E-13 	 0 
 0.218776162394951 	 4.7515715221282E-13 	 4.7515715221282E-13 	 1.0097419586829E-28 
 0.219280493535041 	 4.79254838933922E-13 	 4.79254838933922E-13 	 0 
 0.219785987278478 	 4.83331621268167E-13 	 4.83331621268167E-13 	 0 
 0.220292646305342 	 4.87385754547438E-13 	 4.87385754547438E-13 	 0 
 0.220800473301886 	 4.914156259373E-13 	 4.914156259373E-13 	 0 
 0.22130947096056 	 4.95419760874888E-13 	 4.95419760874888E-13 	 0 
 0.221819641980018 	 4.99396828640043E-13 	 4.99396828640043E-13 	 0 
 0.222330989065136 	 5.03345647046166E-13 	 5.03345647046166E-13 	 0 
 0.222843514927026 	 5.07265186248697E-13 	 5.07265186248697E-13 	 0 
 0.223357222283049 	 5.11154571680282E-13 	 5.11154571680282E-13 	 1.0097419586829E-28 
 0.22387211385683 	 5.15013086132171E-13 	 5.15013086132171E-13 	 0 
 0.224388192378272 	 5.18840171011213E-13 	 5.18840171011213E-13 	 1.0097419586829E-28 
 0.224905460583574 	 5.22635426810662E-13 	 5.22635426810662E-13 	 0 
 0.225423921215239 	 5.26398612840893E-13 	 5.26398612840893E-13 	-1.0097419586829E-28 
 0.225943577022094 	 5.30129646272885E-13 	 5.30129646272885E-13 	 0 
 0.226464430759302 	 5.33828600552913E-13 	 5.33828600552913E-13 	 0 
 0.226986485188378 	 5.37495703251319E-13 	 5.37495703251319E-13 	-1.0097419586829E-28 
 0.227509743077203 	 5.41131333411394E-13 	 5.41131333411394E-13 	 0 
 0.228034207200037 	 5.44736018466447E-13 	 5.44736018466447E-13 	 1.0097419586829E-28 
 0.228559880337539 	 5.48310430794014E-13 	 5.48310430794014E-13 	 0 
 0.229086765276773 	 5.51855383975969E-13 	 5.51855383975969E-13 	 0 
 0.229614864811232 	 5.55371828832097E-13 	 5.55371828832097E-13 	 0 
 0.230144181740846 	 5.58860849292634E-13 	 5.58860849292634E-13 	 0 
 0.230674718872002 	 5.62323658172357E-13 	 5.62323658172357E-13 	 0 
 0.231206479017555 	 5.65761592905238E-13 	 5.65761592905238E-13 	 0 
 0.231739464996843 	 5.69176111294493E-13 	 5.69176111294493E-13 	 0 
 0.232273679635706 	 5.725687873282E-13 	 5.725687873282E-13 	 0 
 0.232809125766496 	 5.75941307105613E-13 	 5.75941307105613E-13 	 0 
 0.233345806228096 	 5.79295464914005E-13 	 5.79295464914005E-13 	 0 
 0.233883723865931 	 5.82633159490339E-13 	 5.82633159490339E-13 	 0 
 0.234422881531988 	 5.85956390496463E-13 	 5.85956390496463E-13 	 0 
 0.234963282084826 	 5.89267255230858E-13 	 5.89267255230858E-13 	 0 
 0.235504928389596 	 5.92567945594354E-13 	 5.92567945594354E-13 	-1.0097419586829E-28 
 0.236047823318053 	 5.95860745321643E-13 	 5.95860745321643E-13 	 0 
 0.236591969748571 	 5.99148027484971E-13 	 5.99148027484971E-13 	 0 
 0.237137370566161 	 6.02432252271076E-13 	 6.02432252271076E-13 	 0 
 0.237684028662483 	 6.0571596502726E-13 	 6.0571596502726E-13 	 0 
 0.238231946935864 	 6.09001794567458E-13 	 6.09001794567458E-13 	 1.0097419586829E-28 
 0.238781128291313 	 6.12292451724318E-13 	 6.12292451724318E-13 	-1.0097419586829E-28 
 0.239331575640534 	 6.15590728128551E-13 	 6.15590728128551E-13 	 0 
 0.239883291901944 	 6.18899495192189E-13 	 6.18899495192189E-13 	 0 
 0.240436280000688 	 6.22221703267867E-13 	 6.22221703267867E-13 	 0 
 0.240990542868655 	 6.25560380951749E-13 	 6.25560380951749E-13 	 2.01948391736579E-28 
 0.241546083444489 	 6.28918634493225E-13 	 6.28918634493225E-13 	 0 
 0.242102904673613 	 6.32299647270028E-13 	 6.32299647270028E-13 	 0 
 0.242661009508237 	 6.35706679282794E-13 	 6.35706679282794E-13 	 0 
 0.243220400907377 	 6.39143066618417E-13 	 6.39143066618417E-13 	 0 
 0.24378108183687 	 6.42612220826642E-13 	 6.42612220826642E-13 	 0 
 0.244343055269392 	 6.4611762814929E-13 	 6.4611762814929E-13 	 0 
 0.244906324184469 	 6.49662848536159E-13 	 6.49662848536159E-13 	 1.0097419586829E-28 
 0.245470891568498 	 6.53251514376066E-13 	 6.53251514376066E-13 	 0 
 0.246036760414758 	 6.56887328865629E-13 	 6.56887328865629E-13 	-1.0097419586829E-28 
 0.246603933723429 	 6.60574063932184E-13 	 6.60574063932184E-13 	 0 
 0.247172414501608 	 6.64315557620836E-13 	 6.64315557620836E-13 	 0 
 0.247742205763323 	 6.68115710848893E-13 	 6.68115710848893E-13 	 0 
 0.248313310529552 	 6.71978483424093E-13 	 6.71978483424093E-13 	 1.0097419586829E-28 
 0.248885731828234 	 6.75907889216036E-13 	 6.75907889216036E-13 	 2.01948391736579E-28 
 0.24945947269429 	 6.79907990363255E-13 	 6.79907990363255E-13 	 0 
 0.250034536169638 	 6.83982890391578E-13 	 6.83982890391578E-13 	 1.0097419586829E-28 
 0.250610925303206 	 6.88136726113039E-13 	 6.88136726113039E-13 	 0 
 0.251188643150953 	 6.9237365816879E-13 	 6.9237365816879E-13 	 0 
 0.25176769277588 	 6.96697860074675E-13 	 6.96697860074675E-13 	 1.0097419586829E-28 
 0.252348077248052 	 7.01113505624579E-13 	 7.01113505624579E-13 	 0 
 0.252929799644609 	 7.0562475450495E-13 	 7.05624754504949E-13 	 4.03896783473158E-28 
 0.253512863049785 	 7.10235735974338E-13 	 7.10235735974338E-13 	 0 
 0.254097270554925 	 7.14950530465169E-13 	 7.1495053046517E-13 	-1.0097419586829E-28 
 0.254683025258499 	 7.19773148971711E-13 	 7.19773148971711E-13 	 0 
 0.255270130266119 	 7.24707510099163E-13 	 7.24707510099163E-13 	 0 
 0.255858588690559 	 7.29757414664639E-13 	 7.29757414664639E-13 	 0 
 0.256448403651766 	 7.3492651776237E-13 	 7.3492651776237E-13 	 1.0097419586829E-28 
 0.257039578276881 	 7.40218298233441E-13 	 7.40218298233441E-13 	 0 
 0.257632115700252 	 7.45636025515723E-13 	 7.45636025515723E-13 	 0 
 0.258226019063454 	 7.51182723892853E-13 	 7.51182723892853E-13 	 1.0097419586829E-28 
 0.258821291515303 	 7.56861134213038E-13 	 7.56861134213038E-13 	 2.01948391736579E-28 
 0.259417936211876 	 7.62673673209325E-13 	 7.62673673209325E-13 	 0 
 0.260015956316521 	 7.68622390623165E-13 	 7.68622390623165E-13 	 0 
 0.260615354999884 	 7.74708924412431E-13 	 7.74708924412431E-13 	-2.01948391736579E-28 
 0.261216135439915 	 7.80934454413172E-13 	 7.80934454413172E-13 	 0 
 0.261818300821893 	 7.87299654920178E-13 	 7.87299654920178E-13 	 0 
 0.262421854338438 	 7.938046467536E-13 	 7.938046467536E-13 	 1.0097419586829E-28 
 0.263026799189532 	 8.00448949485175E-13 	 8.00448949485175E-13 	 0 
 0.263633138582532 	 8.07231434605274E-13 	 8.07231434605274E-13 	 1.0097419586829E-28 
 0.264240875732189 	 8.14150280517589E-13 	 8.14150280517589E-13 	 0 
 0.264850013860664 	 8.21202930347444E-13 	 8.21202930347443E-13 	 1.0097419586829E-28 
 0.265460556197548 	 8.2838605363777E-13 	 8.2838605363777E-13 	 0 
 0.266072505979875 	 8.35695513078111E-13 	 8.35695513078111E-13 	 0 
 0.266685866452142 	 8.4312633746097E-13 	 8.4312633746097E-13 	 0 
 0.267300640866325 	 8.5067270208035E-13 	 8.5067270208035E-13 	 0 
 0.267916832481897 	 8.58327917773668E-13 	 8.58327917773668E-13 	 0 
 0.268534444565845 	 8.66084429755165E-13 	 8.66084429755165E-13 	 0 
 0.269153480392685 	 8.73933827292051E-13 	 8.73933827292051E-13 	-2.01948391736579E-28 
 0.269773943244486 	 8.81866865131077E-13 	 8.81866865131077E-13 	 1.0097419586829E-28 
 0.270395836410878 	 8.89873497391824E-13 	 8.89873497391824E-13 	 2.01948391736579E-28 
 0.271019163189078 	 8.97942924404871E-13 	 8.97942924404871E-13 	 0 
 0.271643926883902 	 9.06063652691719E-13 	 9.06063652691719E-13 	 0 
 0.272270130807785 	 9.14223567965249E-13 	 9.14223567965249E-13 	 0 
 0.272897778280798 	 9.22410020683604E-13 	 9.22410020683604E-13 	 0 
 0.273526872630665 	 9.30609923328307E-13 	 9.30609923328307E-13 	 0 
 0.274157417192782 	 9.38809858212925E-13 	 9.38809858212925E-13 	 0 
 0.274789415310233 	 9.46996194276882E-13 	 9.46996194276882E-13 	 0 
 0.27542287033381 	 9.55155210996401E-13 	 9.55155210996401E-13 	 0 
 0.276057785622028 	 9.63273227266629E-13 	 9.63273227266629E-13 	 0 
 0.276694164541145 	 9.71336732890799E-13 	 9.71336732890799E-13 	 0 
 0.277332010465178 	 9.79332520166059E-13 	 9.79332520166059E-13 	 0 
 0.277971326775922 	 9.87247812990983E-13 	 9.87247812990983E-13 	 0 
 0.27861211686297 	 9.95070390942034E-13 	 9.95070390942033E-13 	 2.01948391736579E-28 
 0.279254384123727 	 1.00278870587672E-12 	 1.00278870587672E-12 	 0 
 0.27989813196343 	 1.01039198881623E-12 	 1.01039198881623E-12 	 0 
 0.280543363795165 	 1.0178703451322E-12 	 1.0178703451322E-12 	 0 
 0.281190083039887 	 1.02521483639891E-12 	 1.02521483639891E-12 	 0 
 0.281838293126439 	 1.03241754765867E-12 	 1.03241754765867E-12 	 0 
 0.282487997491564 	 1.03947163926724E-12 	 1.03947163926724E-12 	 2.01948391736579E-28 
 0.283139199579931 	 1.04637138291889E-12 	 1.04637138291889E-12 	 2.01948391736579E-28 
 0.283791902844149 	 1.05311218187935E-12 	 1.05311218187935E-12 	-2.01948391736579E-28 
 0.284446110744785 	 1.05969057586192E-12 	 1.05969057586192E-12 	 0 
 0.285101826750384 	 1.06610423135205E-12 	 1.06610423135205E-12 	 2.01948391736579E-28 
 0.285759054337488 	 1.07235191850661E-12 	 1.07235191850661E-12 	 0 
 0.286417796990651 	 1.07843347601732E-12 	 1.07843347601732E-12 	 2.01948391736579E-28 
 0.287078058202462 	 1.08434976552697E-12 	 1.08434976552697E-12 	 0 
 0.28773984147356 	 1.09010261732085E-12 	 1.09010261732085E-12 	 0 
 0.288403150312654 	 1.09569476908607E-12 	 1.09569476908607E-12 	-4.03896783473158E-28 
 0.28906798823654 	 1.10112979954069E-12 	 1.10112979954069E-12 	 0 
 0.289734358770125 	 1.10641205869092E-12 	 1.10641205869092E-12 	 2.01948391736579E-28 
 0.290402265446438 	 1.11154659638478E-12 	 1.11154659638478E-12 	 0 
 0.291071711806653 	 1.11653909070397E-12 	 1.11653909070397E-12 	 0 
 0.291742701400109 	 1.12139577758133E-12 	 1.12139577758133E-12 	 0 
 0.292415237784326 	 1.1261233828583E-12 	 1.1261233828583E-12 	 2.01948391736579E-28 
 0.293089324525025 	 1.13072905781352E-12 	 1.13072905781352E-12 	 0 
 0.293764965196146 	 1.13522031900792E-12 	 1.13522031900792E-12 	 0 
 0.294442163379869 	 1.13960499310953E-12 	 1.13960499310953E-12 	 0 
 0.295120922666631 	 1.14389116718773E-12 	 1.14389116718773E-12 	 0 
 0.295801246655147 	 1.14808714480621E-12 	 1.14808714480621E-12 	 0 
 0.296483138952427 	 1.15220140809862E-12 	 1.15220140809862E-12 	 0 
 0.297166603173795 	 1.15624258588223E-12 	 1.15624258588223E-12 	 0 
 0.297851642942911 	 1.16021942775413E-12 	 1.16021942775413E-12 	 4.03896783473158E-28 
 0.298538261891788 	 1.16414078402034E-12 	 1.16414078402034E-12 	 0 
 0.299226463660811 	 1.16801559123005E-12 	 1.16801559123005E-12 	 0 
 0.299916251898757 	 1.17185286302427E-12 	 1.17185286302427E-12 	 0 
 0.300607630262815 	 1.17566168595684E-12 	 1.17566168595684E-12 	 0 
 0.301300602418604 	 1.1794512199058E-12 	 1.1794512199058E-12 	 2.01948391736579E-28 
 0.301995172040194 	 1.18323070266103E-12 	 1.18323070266103E-12 	 0 
 0.302691342810123 	 1.18700945824728E-12 	 1.18700945824728E-12 	 0 
 0.303389118419419 	 1.19079690851929E-12 	 1.19079690851929E-12 	 0 
 0.30408850256762 	 1.19460258754324E-12 	 1.19460258754324E-12 	 2.01948391736579E-28 
 0.30478949896279 	 1.19843615825583E-12 	 1.19843615825583E-12 	 0 
 0.305492111321543 	 1.20230743086532E-12 	 1.20230743086532E-12 	 0 
 0.30619634336906 	 1.206226382427E-12 	 1.206226382427E-12 	 0 
 0.306902198839108 	 1.21020317698561E-12 	 1.21020317698561E-12 	 0 
 0.307609681474063 	 1.21424818562872E-12 	 1.21424818562872E-12 	 0 
 0.308318795024927 	 1.21837200573549E-12 	 1.21837200573549E-12 	 0 
 0.309029543251351 	 1.22258547863401E-12 	 1.22258547863401E-12 	 0 
 0.30974192992165 	 1.22689970479576E-12 	 1.22689970479576E-12 	 0 
 0.310455958812827 	 1.23132605559812E-12 	 1.23132605559812E-12 	 0 
 0.311171633710594 	 1.23587618057408E-12 	 1.23587618057408E-12 	 0 
 0.311888958409386 	 1.24056200894404E-12 	 1.24056200894404E-12 	 0 
 0.312607936712387 	 1.24539574408831E-12 	 1.24539574408831E-12 	 0 
 0.31332857243155 	 1.25038984947424E-12 	 1.25038984947424E-12 	 0 
 0.314050869387613 	 1.25555702440196E-12 	 1.25555702440196E-12 	 0 
 0.314774831410123 	 1.26091016778373E-12 	 1.26091016778373E-12 	-2.01948391736579E-28 
 0.315500462337454 	 1.26646232803161E-12 	 1.26646232803161E-12 	 0 
 0.31622776601683 	 1.27222663700707E-12 	 1.27222663700707E-12 	 0 
 0.316956746304341 	 1.27821622589743E-12 	 1.27821622589743E-12 	-2.01948391736579E-28 
 0.317687407064969 	 1.28444412084421E-12 	 1.28444412084421E-12 	 0 
 0.318419752172604 	 1.29092311617828E-12 	 1.29092311617828E-12 	 0 
 0.319153785510068 	 1.29766562323971E-12 	 1.29766562323971E-12 	 0 
 0.319889510969131 	 1.30468349300303E-12 	 1.30468349300303E-12 	 0 
 0.320626932450538 	 1.3119878111233E-12 	 1.3119878111233E-12 	 0 
 0.321366053864023 	 1.31958866459433E-12 	 1.31958866459433E-12 	 0 
 0.322106879128335 	 1.32749488000107E-12 	 1.32749488000107E-12 	 0 
 0.322849412171255 	 1.33571373438019E-12 	 1.33571373438019E-12 	 0 
 0.32359365692962 	 1.34425064099825E-12 	 1.34425064099825E-12 	 0 
 0.32433961734934 	 1.35310881392364E-12 	 1.35310881392364E-12 	 0 
 0.325087297385426 	 1.36228891709684E-12 	 1.36228891709684E-12 	 0 
 0.325836701002 	 1.37178870565977E-12 	 1.37178870565977E-12 	 0 
 0.326587832172327 	 1.38160266952174E-12 	 1.38160266952174E-12 	 2.01948391736579E-28 
 0.327340694878829 	 1.39172169141316E-12 	 1.39172169141316E-12 	 4.03896783473158E-28 
 0.32809529311311 	 1.40213273386306E-12 	 1.40213273386306E-12 	 0 
 0.328851630875974 	 1.41281857144534E-12 	 1.41281857144534E-12 	 0 
 0.329609712177449 	 1.42375758604853E-12 	 1.42375758604853E-12 	 0 
 0.330369541036806 	 1.43492364358664E-12 	 1.43492364358664E-12 	 2.01948391736579E-28 
 0.331131121482582 	 1.44628607023461E-12 	 1.44628607023461E-12 	 0 
 0.331894457552601 	 1.45780974471356E-12 	 1.45780974471356E-12 	 0 
 0.332659553293995 	 1.46945532020263E-12 	 1.46945532020263E-12 	 0 
 0.333426412763226 	 1.48117958504438E-12 	 1.48117958504438E-12 	 4.03896783473158E-28 
 0.334195040026105 	 1.49293596560315E-12 	 1.49293596560315E-12 	 4.03896783473158E-28 
 0.334965439157818 	 1.50467516764871E-12 	 1.50467516764871E-12 	 0 
 0.335737614242945 	 1.51634594486069E-12 	 1.51634594486069E-12 	 0 
 0.336511569375481 	 1.52789597502423E-12 	 1.52789597502423E-12 	 0 
 0.337287308658859 	 1.5392728168731E-12 	 1.5392728168731E-12 	-2.01948391736579E-28 
 0.338064836205972 	 1.55042491404246E-12 	 1.55042491404246E-12 	 0 
 0.338844156139193 	 1.56130260789873E-12 	 1.56130260789873E-12 	-2.01948391736579E-28 
 0.339625272590399 	 1.57185911867503E-12 	 1.57185911867503E-12 	 4.03896783473158E-28 
 0.340408189700991 	 1.5820514547092E-12 	 1.5820514547092E-12 	-4.03896783473158E-28 
 0.341192911621919 	 1.5918412127455E-12 	 1.5918412127455E-12 	 0 
 0.341979442513699 	 1.60119523801736E-12 	 1.60119523801736E-12 	 0 
 0.342767786546441 	 1.610086120701E-12 	 1.610086120701E-12 	 0 
 0.343557947899865 	 1.61849251462637E-12 	 1.61849251462637E-12 	 0 
 0.344349930763329 	 1.62639927403079E-12 	 1.62639927403079E-12 	 0 
 0.345143739335846 	 1.63379741379794E-12 	 1.63379741379794E-12 	 2.01948391736579E-28 
 0.345939377826112 	 1.6406839072705E-12 	 1.6406839072705E-12 	 4.03896783473158E-28 
 0.346736850452522 	 1.6470613427536E-12 	 1.6470613427536E-12 	 0 
 0.347536161443196 	 1.65293746484572E-12 	 1.65293746484572E-12 	 0 
 0.348337315036002 	 1.65832462958767E-12 	 1.65832462958767E-12 	 2.01948391736579E-28 
 0.349140315478576 	 1.66323920317107E-12 	 1.66323920317107E-12 	 0 
 0.349945167028347 	 1.66770093284059E-12 	 1.66770093284059E-12 	 0 
 0.350751873952558 	 1.67173231602597E-12 	 1.67173231602597E-12 	 0 
 0.351560440528288 	 1.67535799008406E-12 	 1.67535799008406E-12 	 0 
 0.352370871042477 	 1.67860416075785E-12 	 1.67860416075785E-12 	 0 
 0.353183169791947 	 1.68149808297201E-12 	 1.68149808297201E-12 	 0 
 0.353997341083424 	 1.68406760321916E-12 	 1.68406760321916E-12 	 0 
 0.354813389233565 	 1.6863407688016E-12 	 1.6863407688016E-12 	 0 
 0.355631318568975 	 1.68834550574549E-12 	 1.68834550574549E-12 	 0 
 0.356451133426234 	 1.69010936438748E-12 	 1.69010936438748E-12 	 0 
 0.357272838151918 	 1.69165932946793E-12 	 1.69165932946793E-12 	 0 
 0.358096437102625 	 1.69302169002127E-12 	 1.69302169002127E-12 	 8.07793566946316E-28 
 0.358921934644995 	 1.69422196336876E-12 	 1.69422196336876E-12 	 4.03896783473158E-28 
 0.359749335155732 	 1.69528486700681E-12 	 1.69528486700681E-12 	 0 
 0.360578643021632 	 1.69623433205351E-12 	 1.69623433205351E-12 	 0 
 0.361409862639603 	 1.69709355207373E-12 	 1.69709355207373E-12 	 0 
 0.362242998416688 	 1.69788506146365E-12 	 1.69788506146365E-12 	 0 
 0.36307805477009 	 1.6986308380634E-12 	 1.6986308380634E-12 	 4.03896783473158E-28 
 0.363915036127196 	 1.69935242521629E-12 	 1.69935242521629E-12 	 0 
 0.364753946925597 	 1.70007106905248E-12 	 1.70007106905248E-12 	 0 
 0.365594791613114 	 1.70080786730092E-12 	 1.70080786730092E-12 	 0 
 0.366437574647822 	 1.7015839263924E-12 	 1.7015839263924E-12 	 0 
 0.367282300498074 	 1.70242052398042E-12 	 1.70242052398042E-12 	-4.03896783473158E-28 
 0.36812897364252 	 1.70333927425464E-12 	 1.70333927425464E-12 	 0 
 0.368977598570139 	 1.70436229353349E-12 	 1.70436229353349E-12 	 4.03896783473158E-28 
 0.369828179780255 	 1.70551236358098E-12 	 1.70551236358098E-12 	 0 
 0.370680721782565 	 1.70681308988041E-12 	 1.70681308988041E-12 	 0 
 0.371535229097161 	 1.70828905169627E-12 	 1.70828905169627E-12 	-2.01948391736579E-28 
 0.372391706254557 	 1.70996594014663E-12 	 1.70996594014662E-12 	 4.03896783473158E-28 
 0.373250157795709 	 1.71187067967128E-12 	 1.71187067967128E-12 	 0 
 0.374110588272042 	 1.71403152719862E-12 	 1.71403152719862E-12 	 0 
 0.374973002245472 	 1.71647814196922E-12 	 1.71647814196922E-12 	 0 
 0.375837404288433 	 1.71924161735943E-12 	 1.71924161735943E-12 	 0 
 0.376703798983897 	 1.72235446416764E-12 	 1.72235446416764E-12 	 0 
 0.377572190925404 	 1.72585053270523E-12 	 1.72585053270523E-12 	 0 
 0.378442584717082 	 1.72976485873299E-12 	 1.72976485873299E-12 	 4.03896783473158E-28 
 0.37931498497367 	 1.73413341590844E-12 	 1.73413341590844E-12 	 0 
 0.380189396320549 	 1.73899275513249E-12 	 1.73899275513249E-12 	 0 
 0.381065823393761 	 1.74437950926735E-12 	 1.74437950926735E-12 	 4.03896783473158E-28 
 0.381944270840035 	 1.75032974051106E-12 	 1.75032974051106E-12 	-4.03896783473158E-28 
 0.382824743316811 	 1.7568781077619E-12 	 1.7568781077619E-12 	 0 
 0.383707245492267 	 1.76405683323346E-12 	 1.76405683323346E-12 	 0 
 0.384591782045342 	 1.77189445217789E-12 	 1.77189445217789E-12 	 2.01948391736579E-28 
 0.38547835766576 	 1.78041433773149E-12 	 1.78041433773149E-12 	 0 
 0.386366977054057 	 1.78963300553561E-12 	 1.78963300553561E-12 	 0 
 0.387257644921605 	 1.79955822070634E-12 	 1.79955822070634E-12 	 0 
 0.388150365990636 	 1.81018695339172E-12 	 1.81018695339172E-12 	-4.03896783473158E-28 
 0.389045144994268 	 1.82150325838463E-12 	 1.82150325838463E-12 	 0 
 0.389941986676531 	 1.83347618786368E-12 	 1.83347618786368E-12 	 0 
 0.39084089579239 	 1.84605788174841E-12 	 1.84605788174841E-12 	-4.03896783473158E-28 
 0.391741877107771 	 1.85918201315887E-12 	 1.85918201315887E-12 	 4.03896783473158E-28 
 0.392644935399587 	 1.87276279116365E-12 	 1.87276279116365E-12 	 4.03896783473158E-28 
 0.393550075455765 	 1.88669473220055E-12 	 1.88669473220055E-12 	 0 
 0.394457302075266 	 1.90085339775501E-12 	 1.90085339775501E-12 	-4.03896783473158E-28 
 0.395366620068115 	 1.91509725284538E-12 	 1.91509725284538E-12 	 0 
 0.396278034255427 	 1.92927072465204E-12 	 1.92927072465204E-12 	 0 
 0.397191549469428 	 1.94320843566301E-12 	 1.94320843566301E-12 	 0 
 0.398107170553485 	 1.95674046018729E-12 	 1.95674046018729E-12 	 0 
 0.399024902362129 	 1.96969832297472E-12 	 1.96969832297472E-12 	 0 
 0.399944749761085 	 1.98192134475967E-12 	 1.98192134475967E-12 	-4.03896783473158E-28 
 0.40086671762729 	 1.99326286350471E-12 	 1.99326286350471E-12 	 0 
 0.401790810848927 	 2.0035958394533E-12 	 2.0035958394533E-12 	 0 
 0.402717034325446 	 2.012817395233E-12 	 2.012817395233E-12 	 0 
 0.403645392967592 	 2.02085194555258E-12 	 2.02085194555258E-12 	 0 
 0.40457589169743 	 2.02765271890679E-12 	 2.02765271890679E-12 	 0 
 0.405508535448371 	 2.03320164194559E-12 	 2.03320164194559E-12 	 4.03896783473158E-28 
 0.4064433291652 	 2.03750771865396E-12 	 2.03750771865396E-12 	-4.03896783473158E-28 
 0.4073802778041 	 2.04060416735768E-12 	 2.04060416735768E-12 	-4.03896783473158E-28 
 0.408319386332679 	 2.04254466303482E-12 	 2.04254466303482E-12 	 0 
 0.409260659729997 	 2.04339906499719E-12 	 2.04339906499719E-12 	 0 
 0.410204102986593 	 2.04324899494141E-12 	 2.04324899494141E-12 	 0 
 0.411149721104509 	 2.04218357885296E-12 	 2.04218357885296E-12 	 0 
 0.412097519097317 	 2.04029559276348E-12 	 2.04029559276348E-12 	 0 
 0.413047501990148 	 2.03767817121574E-12 	 2.03767817121574E-12 	 0 
 0.413999674819717 	 2.03442216014763E-12 	 2.03442216014763E-12 	 0 
 0.414954042634349 	 2.0306141305886E-12 	 2.0306141305886E-12 	-4.03896783473158E-28 
 0.415910610494008 	 2.02633501997786E-12 	 2.02633501997786E-12 	-4.03896783473158E-28 
 0.416869383470322 	 2.02165933472062E-12 	 2.02165933472062E-12 	 0 
 0.417830366646608 	 2.01665482921437E-12 	 2.01665482921437E-12 	 0 
 0.418793565117904 	 2.0113825701887E-12 	 2.0113825701887E-12 	-4.03896783473158E-28 
 0.419758983990994 	 2.0058972975985E-12 	 2.0058972975985E-12 	 0 
 0.42072662838443 	 2.00024800144833E-12 	 2.00024800144833E-12 	 0 
 0.421696503428568 	 1.99447864524414E-12 	 1.99447864524414E-12 	 0 
 0.422668614265589 	 1.98862897931223E-12 	 1.98862897931223E-12 	 0 
 0.423642966049527 	 1.98273539962449E-12 	 1.98273539962449E-12 	 0 
 0.424619563946299 	 1.97683181916212E-12 	 1.97683181916212E-12 	 0 
 0.425598413133729 	 1.97095052876266E-12 	 1.97095052876266E-12 	 4.03896783473158E-28 
 0.426579518801578 	 1.96512303263213E-12 	 1.96512303263213E-12 	 0 
 0.427562886151572 	 1.95938085024437E-12 	 1.95938085024437E-12 	 0 
 0.428548520397425 	 1.95375628127356E-12 	 1.95375628127356E-12 	-4.03896783473158E-28 
 0.429536426764873 	 1.94828313362676E-12 	 1.94828313362676E-12 	 0 
 0.430526610491696 	 1.94299741667619E-12 	 1.94299741667619E-12 	 0 
 0.431519076827751 	 1.93793800250961E-12 	 1.93793800250961E-12 	-4.03896783473158E-28 
 0.432513831034994 	 1.93314725744562E-12 	 1.93314725744562E-12 	 0 
 0.433510878387514 	 1.92867164414802E-12 	 1.92867164414802E-12 	 0 
 0.434510224171557 	 1.92456229128675E-12 	 1.92456229128675E-12 	 0 
 0.435511873685554 	 1.92087552261056E-12 	 1.92087552261056E-12 	-4.03896783473158E-28 
 0.436515832240151 	 1.91767333019859E-12 	 1.91767333019859E-12 	-4.03896783473158E-28 
 0.437522105158237 	 1.91502376713936E-12 	 1.91502376713936E-12 	 0 
 0.438530697774971 	 1.91300122247091E-12 	 1.91300122247091E-12 	-4.03896783473158E-28 
 0.439541615437809 	 1.91168652541539E-12 	 1.91168652541539E-12 	 0 
 0.440554863506538 	 1.91116680634742E-12 	 1.91116680634742E-12 	 0 
 0.441570447353297 	 1.91153501839814E-12 	 1.91153501839814E-12 	-4.03896783473158E-28 
 0.442588372362611 	 1.91288899650816E-12 	 1.91288899650816E-12 	 0 
 0.443608643931417 	 1.91532990147607E-12 	 1.91532990147607E-12 	 0 
 0.444631267469093 	 1.9189598680764E-12 	 1.9189598680764E-12 	 0 
 0.445656248397488 	 1.9238786540315E-12 	 1.9238786540315E-12 	 0 
 0.446683592150948 	 1.93017907924569E-12 	 1.93017907924569E-12 	 0 
 0.447713304176347 	 1.93794106515607E-12 	 1.93794106515607E-12 	 4.03896783473158E-28 
 0.448745389933117 	 1.94722414966622E-12 	 1.94722414966622E-12 	 0 
 0.449779854893272 	 1.95805848457806E-12 	 1.95805848457806E-12 	-4.03896783473158E-28 
 0.450816704541444 	 1.97043454007097E-12 	 1.97043454007097E-12 	 0 
 0.451855944374907 	 1.98429205715427E-12 	 1.98429205715427E-12 	 0 
 0.452897579903605 	 1.99950919689585E-12 	 1.99950919689585E-12 	 0 
 0.453941616650187 	 2.015893292136E-12 	 2.015893292136E-12 	 0 
 0.454988060150033 	 2.03317502150929E-12 	 2.03317502150929E-12 	 0 
 0.45603691595128 	 2.05100805241128E-12 	 2.05100805241128E-12 	 0 
 0.457088189614859 	 2.06897606218129E-12 	 2.06897606218129E-12 	 0 
 0.458141886714517 	 2.08660838995742E-12 	 2.08660838995742E-12 	 8.07793566946316E-28 
 0.459198012836852 	 2.10340434526862E-12 	 2.10340434526862E-12 	 0 
 0.46025657358134 	 2.11886454261799E-12 	 2.11886454261799E-12 	 4.03896783473158E-28 
 0.461317574560363 	 2.13252590511414E-12 	 2.13252590511414E-12 	 4.03896783473158E-28 
 0.462381021399244 	 2.14399569794211E-12 	 2.14399569794211E-12 	 0 
 0.463446919736272 	 2.15297960109079E-12 	 2.1529796010908E-12 	-4.03896783473158E-28 
 0.464515275222733 	 2.15929964954488E-12 	 2.15929964954488E-12 	-4.03896783473158E-28 
 0.465586093522942 	 2.1628997049931E-12 	 2.1628997049931E-12 	 0 
 0.466659380314272 	 2.16383846058452E-12 	 2.16383846058452E-12 	 4.03896783473158E-28 
 0.467735141287182 	 2.1622721467876E-12 	 2.1622721467876E-12 	 0 
 0.468813382145248 	 2.15843054406328E-12 	 2.15843054406328E-12 	-4.03896783473158E-28 
 0.469894108605199 	 2.15259036755835E-12 	 2.15259036755835E-12 	 0 
 0.470977326396936 	 2.14504966129098E-12 	 2.14504966129098E-12 	 4.03896783473158E-28 
 0.472063041263574 	 2.13610584348448E-12 	 2.13610584348448E-12 	 0 
 0.473151258961463 	 2.12603886031746E-12 	 2.12603886031746E-12 	 0 
 0.474241985260228 	 2.11509983686163E-12 	 2.11509983686163E-12 	 0 
 0.475335225942788 	 2.10350483010968E-12 	 2.10350483010968E-12 	 0 
 0.476430986805399 	 2.09143282991836E-12 	 2.09143282991836E-12 	 0 
 0.477529273657674 	 2.07902697426E-12 	 2.07902697426E-12 	 0 
 0.478630092322621 	 2.06639796326283E-12 	 2.06639796326283E-12 	 0 
 0.479733448636672 	 2.05362878867923E-12 	 2.05362878867923E-12 	 0 
 0.480839348449711 	 2.040780075535E-12 	 2.040780075535E-12 	 0 
 0.48194779762511 	 2.02789551711237E-12 	 2.02789551711237E-12 	 0 
 0.483058802039755 	 2.015007049228E-12 	 2.015007049228E-12 	 0 
 0.484172367584082 	 2.00213954530126E-12 	 2.00213954530126E-12 	 0 
 0.485288500162103 	 1.98931491889345E-12 	 1.98931491889345E-12 	 0 
 0.486407205691444 	 1.97655559845855E-12 	 1.97655559845855E-12 	 0 
 0.487528490103368 	 1.96388739471112E-12 	 1.96388739471112E-12 	 0 
 0.488652359342816 	 1.95134181899088E-12 	 1.95134181899088E-12 	-4.03896783473158E-28 
 0.489778819368428 	 1.93895793528107E-12 	 1.93895793528107E-12 	 0 
 0.490907876152585 	 1.92678384222973E-12 	 1.92678384222973E-12 	 0 
 0.492039535681433 	 1.91487788689672E-12 	 1.91487788689672E-12 	 0 
 0.493173803954918 	 1.90330971054767E-12 	 1.90330971054767E-12 	 4.03896783473158E-28 
 0.494310686986817 	 1.89216121952871E-12 	 1.89216121952871E-12 	 0 
 0.495450190804772 	 1.88152756132885E-12 	 1.88152756132885E-12 	 0 
 0.496592321450318 	 1.87151816688177E-12 	 1.87151816688177E-12 	 0 
 0.497737084978918 	 1.8622578935753E-12 	 1.8622578935753E-12 	 4.03896783473158E-28 
 0.498884487459994 	 1.85388826675004E-12 	 1.85388826675004E-12 	 0 
 0.50003453497696 	 1.8465687666084E-12 	 1.8465687666084E-12 	 0 
 0.501187233627254 	 1.84047803654156E-12 	 1.84047803654156E-12 	 0 
 0.502342589522368 	 1.83581479004205E-12 	 1.83581479004205E-12 	 4.03896783473158E-28 
 0.503500608787886 	 1.83279805701418E-12 	 1.83279805701418E-12 	 0 
 0.504661297563509 	 1.83166622638748E-12 	 1.83166622638748E-12 	 4.03896783473158E-28 
 0.505824662003095 	 1.83267410331997E-12 	 1.83267410331997E-12 	 4.03896783473158E-28 
 0.506990708274685 	 1.83608690864463E-12 	 1.83608690864463E-12 	 0 
 0.508159442560541 	 1.84216983099105E-12 	 1.84216983099105E-12 	 4.03896783473158E-28 
 0.509330871057176 	 1.85117146735441E-12 	 1.85117146735441E-12 	 4.03896783473158E-28 
 0.510504999975387 	 1.86329939787158E-12 	 1.86329939787158E-12 	 0 
 0.511681835540288 	 1.8786864808477E-12 	 1.8786864808477E-12 	 0 
 0.512861383991345 	 1.89734758360627E-12 	 1.89734758360627E-12 	 0 
 0.514043651582407 	 1.91912879711141E-12 	 1.91912879711141E-12 	 0 
 0.515228644581737 	 1.94365498677908E-12 	 1.94365498677908E-12 	 0 
 0.516416369272051 	 1.97028653632297E-12 	 1.97028653632297E-12 	 0 
 0.517606831950548 	 1.99810100349165E-12 	 1.99810100349165E-12 	 4.03896783473158E-28 
 0.518800038928941 	 2.02591740508621E-12 	 2.02591740508621E-12 	 0 
 0.519995996533496 	 2.05237647317943E-12 	 2.05237647317943E-12 	 0 
 0.52119471110506 	 2.07607723248176E-12 	 2.07607723248176E-12 	 0 
 0.5223961889991 	 2.09575063425296E-12 	 2.09575063425296E-12 	 0 
 0.52360043658573 	 2.11043244946932E-12 	 2.11043244946932E-12 	 0 
 0.524807460249752 	 2.11959068830309E-12 	 2.11959068830309E-12 	 0 
 0.526017266390686 	 2.12317379856565E-12 	 2.12317379856566E-12 	-4.03896783473158E-28 
 0.527229861422802 	 2.12157112531711E-12 	 2.12157112531711E-12 	 0 
 0.52844525177516 	 2.11550431255307E-12 	 2.11550431255307E-12 	 0 
 0.529663443891637 	 2.10588490075821E-12 	 2.10588490075821E-12 	 0 
 0.530884444230968 	 2.0936743385086E-12 	 2.0936743385086E-12 	 0 
 0.532108259266774 	 2.07977184779941E-12 	 2.07977184779942E-12 	-4.03896783473158E-28 
 0.5333348954876 	 2.06494098573841E-12 	 2.06494098573841E-12 	 0 
 0.534564359396951 	 2.04977380284328E-12 	 2.04977380284328E-12 	 4.03896783473158E-28 
 0.535796657513321 	 2.03468483563665E-12 	 2.03468483563665E-12 	-4.03896783473158E-28 
 0.537031796370232 	 2.01992526539325E-12 	 2.01992526539325E-12 	 0 
 0.538269782516267 	 2.00560857913213E-12 	 2.00560857913213E-12 	-4.03896783473158E-28 
 0.539510622515107 	 1.99174121584838E-12 	 1.99174121584838E-12 	 0 
 0.54075432294556 	 1.97825384936349E-12 	 1.97825384936349E-12 	 4.03896783473158E-28 
 0.542000890401603 	 1.9650306636728E-12 	 1.9650306636728E-12 	 0 
 0.543250331492412 	 1.95193514162466E-12 	 1.95193514162466E-12 	 0 
 0.5445026528424 	 1.93883162480266E-12 	 1.93883162480266E-12 	 4.03896783473158E-28 
 0.545757861091249 	 1.92560236540942E-12 	 1.92560236540942E-12 	 0 
 0.54701596289395 	 1.91216010524308E-12 	 1.91216010524308E-12 	 0 
 0.548276964920832 	 1.89845645851652E-12 	 1.89845645851652E-12 	 0 
 0.549540873857603 	 1.88448657580918E-12 	 1.88448657580918E-12 	 0 
 0.550807696405382 	 1.87029072828811E-12 	 1.87029072828811E-12 	 4.03896783473158E-28 
 0.552077439280735 	 1.85595356438531E-12 	 1.85595356438531E-12 	-4.03896783473158E-28 
 0.553350109215715 	 1.84160184555571E-12 	 1.84160184555571E-12 	 0 
 0.554625712957889 	 1.82740146111894E-12 	 1.82740146111894E-12 	 0 
 0.555904257270382 	 1.81355446091929E-12 	 1.81355446091929E-12 	-4.03896783473158E-28 
 0.557185748931908 	 1.80029674114206E-12 	 1.80029674114206E-12 	-4.03896783473158E-28 
 0.558470194736809 	 1.787896886633E-12 	 1.787896886633E-12 	 0 
 0.559757601495088 	 1.77665652115468E-12 	 1.77665652115468E-12 	-2.01948391736579E-28 
 0.561047976032448 	 1.76691234315897E-12 	 1.76691234315897E-12 	 0 
 0.562341325190327 	 1.759039810305E-12 	 1.759039810305E-12 	 0 
 0.563637655825932 	 1.75345813946132E-12 	 1.75345813946132E-12 	 0 
 0.56493697481228 	 1.75063583767268E-12 	 1.75063583767268E-12 	-4.03896783473158E-28 
 0.566239289038231 	 1.75109526154914E-12 	 1.75109526154914E-12 	 0 
 0.567544605408524 	 1.75541356284942E-12 	 1.75541356284942E-12 	-4.03896783473158E-28 
 0.568852930843818 	 1.7642156361799E-12 	 1.7642156361799E-12 	 0 
 0.570164272280725 	 1.77815221039151E-12 	 1.77815221039151E-12 	 0 
 0.571478636671844 	 1.79785314622195E-12 	 1.79785314622195E-12 	 2.01948391736579E-28 
 0.572796030985806 	 1.82384315666456E-12 	 1.82384315666456E-12 	-4.03896783473158E-28 
 0.574116462207304 	 1.85640687822692E-12 	 1.85640687822692E-12 	 0 
 0.575439937337134 	 1.89539718779965E-12 	 1.89539718779965E-12 	 0 
 0.576766463392227 	 1.94000180895103E-12 	 1.94000180895103E-12 	-4.03896783473158E-28 
 0.578096047405695 	 1.98852385079138E-12 	 1.98852385079138E-12 	 0 
 0.579428696426857 	 2.03828481365719E-12 	 2.03828481365719E-12 	 4.03896783473158E-28 
 0.580764417521288 	 2.08578980230276E-12 	 2.08578980230276E-12 	 0 
 0.582103217770848 	 2.12724590197737E-12 	 2.12724590197737E-12 	 0 
 0.583445104273721 	 2.15936243681844E-12 	 2.15936243681844E-12 	 0 
 0.584790084144457 	 2.18015589663625E-12 	 2.18015589663625E-12 	-8.07793566946316E-28 
 0.586138164514005 	 2.18940315663766E-12 	 2.18940315663766E-12 	 0 
 0.587489352529753 	 2.18854543107451E-12 	 2.18854543107451E-12 	 0 
 0.588843655355565 	 2.18013807008129E-12 	 2.18013807008129E-12 	 0 
 0.59020108017182 	 2.16713726981871E-12 	 2.16713726981871E-12 	 0 
 0.59156163417545 	 2.15229939976157E-12 	 2.15229939976157E-12 	-4.03896783473158E-28 
 0.592925324579975 	 2.13782164494194E-12 	 2.13782164494194E-12 	 0 
 0.594292158615548 	 2.1252127574244E-12 	 2.1252127574244E-12 	-4.03896783473158E-28 
 0.595662143528986 	 2.11531755533492E-12 	 2.11531755533492E-12 	 0 
 0.597035286583812 	 2.10841746187412E-12 	 2.10841746187412E-12 	 0 
 0.598411595060295 	 2.10435508197376E-12 	 2.10435508197376E-12 	-4.03896783473158E-28 
 0.599791076255485 	 2.10265713827694E-12 	 2.10265713827694E-12 	 0 
 0.601173737483253 	 2.10264708290734E-12 	 2.10264708290734E-12 	 0 
 0.602559586074333 	 2.10354626557691E-12 	 2.10354626557691E-12 	 0 
 0.603948629376355 	 2.10456391983858E-12 	 2.10456391983858E-12 	 0 
 0.605340874753888 	 2.10497481338519E-12 	 2.10497481338519E-12 	 0 
 0.60673632958848 	 2.10418170927284E-12 	 2.10418170927284E-12 	 4.03896783473158E-28 
 0.608135001278693 	 2.10175927244617E-12 	 2.10175927244617E-12 	-4.03896783473158E-28 
 0.609536897240144 	 2.0974771964093E-12 	 2.0974771964093E-12 	-4.03896783473158E-28 
 0.610942024905547 	 2.09130274521474E-12 	 2.09130274521474E-12 	 0 
 0.612350391724748 	 2.08338572354659E-12 	 2.08338572354659E-12 	 0 
 0.613762005164768 	 2.07403115396817E-12 	 2.07403115396817E-12 	 0 
 0.615176872709842 	 2.06366603174032E-12 	 2.06366603174032E-12 	 4.03896783473158E-28 
 0.616595001861456 	 2.05280632475464E-12 	 2.05280632475464E-12 	 0 
 0.61801640013839 	 2.04202920426451E-12 	 2.04202920426451E-12 	 0 
 0.619441075076755 	 2.03195385451464E-12 	 2.03195385451464E-12 	 0 
 0.620869034230037 	 2.02323260660203E-12 	 2.02323260660203E-12 	 0 
 0.622300285169133 	 2.01655287525446E-12 	 2.01655287525446E-12 	 0 
 0.623734835482393 	 2.01264950441711E-12 	 2.01264950441711E-12 	 0 
 0.625172692775659 	 2.01232646599464E-12 	 2.01232646599464E-12 	 0 
 0.626613864672309 	 2.01648597599779E-12 	 2.01648597599779E-12 	 0 
 0.628058358813291 	 2.02616123818864E-12 	 2.02616123818864E-12 	 4.03896783473158E-28 
 0.629506182857171 	 2.04254493163606E-12 	 2.04254493163606E-12 	 0 
 0.630957344480166 	 2.06699720757909E-12 	 2.06699720757909E-12 	 4.03896783473158E-28 
 0.632411851376192 	 2.10100160305893E-12 	 2.10100160305893E-12 	 4.03896783473158E-28 
 0.6338697112569 	 2.14601282513113E-12 	 2.14601282513113E-12 	 0 
 0.635330931851717 	 2.20311097250657E-12 	 2.20311097250657E-12 	 0 
 0.636795520907889 	 2.2723672828552E-12 	 2.2723672828552E-12 	 0 
 0.638263486190521 	 2.35190494356166E-12 	 2.35190494356166E-12 	-4.03896783473158E-28 
 0.639734835482621 	 2.4369116923678E-12 	 2.4369116923678E-12 	 0 
 0.641209576585134 	 2.5193373350323E-12 	 2.5193373350323E-12 	 0 
 0.642687717316992 	 2.58927683624809E-12 	 2.58927683624809E-12 	 0 
 0.64416926551515 	 2.63825823696502E-12 	 2.63825823696502E-12 	 0 
 0.645654229034628 	 2.662794504731E-12 	 2.662794504731E-12 	 0 
 0.647142615748555 	 2.66563836926664E-12 	 2.66563836926664E-12 	 0 
 0.64863443354821 	 2.65393529040973E-12 	 2.65393529040973E-12 	 0 
 0.650129690343062 	 2.6360043997066E-12 	 2.63600439970661E-12 	-4.03896783473158E-28 
 0.651628394060814 	 2.61887904418834E-12 	 2.61887904418834E-12 	 0 
 0.653130552647444 	 2.60733872532735E-12 	 2.60733872532735E-12 	 0 
 0.654636174067247 	 2.60399443604878E-12 	 2.60399443604878E-12 	 8.07793566946316E-28 
 0.656145266302877 	 2.60976920769918E-12 	 2.60976920769918E-12 	 0 
 0.657657837355392 	 2.62437643221719E-12 	 2.62437643221719E-12 	 0 
 0.659173895244293 	 2.64666881753841E-12 	 2.64666881753841E-12 	 0 
 0.660693448007567 	 2.67487465327316E-12 	 2.67487465327316E-12 	 8.07793566946316E-28 
 0.662216503701733 	 2.70678436131079E-12 	 2.70678436131079E-12 	 0 
 0.66374307040188 	 2.7399459609784E-12 	 2.7399459609784E-12 	 0 
 0.665273156201712 	 2.77189957867617E-12 	 2.77189957867617E-12 	 0 
 0.666806769213593 	 2.80044260747056E-12 	 2.80044260747056E-12 	 0 
 0.668343917568585 	 2.82388239740246E-12 	 2.82388239740246E-12 	 0 
 0.669884609416497 	 2.84121790565277E-12 	 2.84121790565277E-12 	 0 
 0.671428852925923 	 2.85220472737993E-12 	 2.85220472737993E-12 	 0 
 0.672976656284288 	 2.85729368404011E-12 	 2.85729368404011E-12 	 0 
 0.674528027697892 	 2.85747274850813E-12 	 2.85747274850813E-12 	 0 
 0.676082975391952 	 2.85406591984274E-12 	 2.85406591984274E-12 	 0 
 0.677641507610645 	 2.84854295404455E-12 	 2.84854295404455E-12 	 8.07793566946316E-28 
 0.679203632617154 	 2.84237677215531E-12 	 2.84237677215531E-12 	 0 
 0.680769358693711 	 2.83696335644591E-12 	 2.83696335644591E-12 	 0 
 0.682338694141639 	 2.83360194254941E-12 	 2.83360194254941E-12 	 0 
 0.683911647281399 	 2.8335250204493E-12 	 2.8335250204493E-12 	 0 
 0.685488226452631 	 2.83796678082455E-12 	 2.83796678082455E-12 	 0 
 0.687068440014202 	 2.8482617203112E-12 	 2.8482617203112E-12 	 8.07793566946316E-28 
 0.688652296344245 	 2.86596820488083E-12 	 2.86596820488083E-12 	 0 
 0.690239803840211 	 2.89301004807722E-12 	 2.89301004807722E-12 	 0 
 0.691830970918906 	 2.9318140496133E-12 	 2.9318140496133E-12 	 0 
 0.693425806016538 	 2.98537518578068E-12 	 2.98537518578067E-12 	 8.07793566946316E-28 
 0.695024317588766 	 3.05707069531064E-12 	 3.05707069531064E-12 	 8.07793566946316E-28 
 0.696626514110737 	 3.14983343814353E-12 	 3.14983343814353E-12 	 0 
 0.69823240407714 	 3.26404965777321E-12 	 3.26404965777321E-12 	 0 
 0.699841996002242 	 3.3937807974384E-12 	 3.3937807974384E-12 	 0 
 0.70145529841994 	 3.52292086433667E-12 	 3.52292086433667E-12 	 0 
 0.703072319883802 	 3.62687220792905E-12 	 3.62687220792905E-12 	 0 
 0.704693068967115 	 3.68464113088015E-12 	 3.68464113088015E-12 	 0 
 0.70631755426293 	 3.69328386334997E-12 	 3.69328386334997E-12 	 8.07793566946316E-28 
 0.707945784384106 	 3.66852120376476E-12 	 3.66852120376476E-12 	 0 
 0.709577767963357 	 3.63210084432485E-12 	 3.63210084432485E-12 	 0 
 0.711213513653297 	 3.60088320564248E-12 	 3.60088320564247E-12 	 8.07793566946316E-28 
 0.712853030126487 	 3.58418271951483E-12 	 3.58418271951483E-12 	 8.07793566946316E-28 
 0.714496326075481 	 3.58572869079988E-12 	 3.58572869079988E-12 	 0 
 0.716143410212869 	 3.60612087497152E-12 	 3.60612087497152E-12 	 0 
 0.717794291271329 	 3.64433889948246E-12 	 3.64433889948246E-12 	 0 
 0.719448978003667 	 3.69833597002379E-12 	 3.69833597002379E-12 	 0 
 0.721107479182867 	 3.76508536409897E-12 	 3.76508536409897E-12 	 8.07793566946316E-28 
 0.722769803602137 	 3.84043393787324E-12 	 3.84043393787324E-12 	 0 
 0.724435960074957 	 3.91907948392338E-12 	 3.91907948392338E-12 	 0 
 0.726105957435121 	 3.99494048337866E-12 	 3.99494048337866E-12 	 0 
 0.727779804536791 	 4.06203087280538E-12 	 4.06203087280538E-12 	 0 
 0.729457510254535 	 4.11565076101599E-12 	 4.11565076101599E-12 	 0 
 0.731139083483384 	 4.15340917879938E-12 	 4.15340917879938E-12 	 0 
 0.73282453313887 	 4.175581179945E-12 	 4.175581179945E-12 	 0 
 0.734513868157081 	 4.18465440222576E-12 	 4.18465440222576E-12 	 8.07793566946316E-28 
 0.736207097494702 	 4.1843649984553E-12 	 4.1843649984553E-12 	 0 
 0.737904230129067 	 4.17870546350644E-12 	 4.17870546350644E-12 	 0 
 0.739605275058204 	 4.1712455583107E-12 	 4.1712455583107E-12 	 8.07793566946316E-28 
 0.741310241300883 	 4.16485076114807E-12 	 4.16485076114807E-12 	-8.07793566946316E-28 
 0.743019137896667 	 4.16170964442066E-12 	 4.16170964442066E-12 	-8.07793566946316E-28 
 0.744731973905954 	 4.16353849878872E-12 	 4.16353849878872E-12 	 0 
 0.746448758410032 	 4.17186677640393E-12 	 4.17186677640393E-12 	 0 
 0.74816950051112 	 4.18836217363361E-12 	 4.18836217363361E-12 	 0 
 0.749894209332421 	 4.21519917990976E-12 	 4.21519917990976E-12 	 8.07793566946316E-28 
 0.75162289401817 	 4.25549696698463E-12 	 4.25549696698463E-12 	 0 
 0.753355563733682 	 4.31382569258575E-12 	 4.31382569258575E-12 	 0 
 0.755092227665399 	 4.39660744192586E-12 	 4.39660744192586E-12 	 0 
 0.756832895020939 	 4.51163518960085E-12 	 4.51163518960085E-12 	-8.07793566946316E-28 
 0.758577575029148 	 4.66439632268273E-12 	 4.66439632268273E-12 	 0 
 0.760326276940146 	 4.84708369191952E-12 	 4.84708369191952E-12 	 0 
 0.762079010025376 	 5.02209916642939E-12 	 5.02209916642939E-12 	-8.07793566946316E-28 
 0.763835783577655 	 5.12782172802204E-12 	 5.12782172802204E-12 	 0 
 0.76559660691122 	 5.13242105823526E-12 	 5.13242105823526E-12 	-8.07793566946316E-28 
 0.767361489361783 	 5.06777852190355E-12 	 5.06777852190355E-12 	 0 
 0.769130440286573 	 4.9877231142088E-12 	 4.9877231142088E-12 	-8.07793566946316E-28 
 0.770903469064394 	 4.92585684277385E-12 	 4.92585684277385E-12 	 0 
 0.772680585095666 	 4.89371682735341E-12 	 4.89371682735341E-12 	 0 
 0.774461797802482 	 4.89233589912049E-12 	 4.89233589912049E-12 	 0 
 0.776247116628655 	 4.91979420519138E-12 	 4.91979420519138E-12 	 0 
 0.778036551039767 	 4.97400235208716E-12 	 4.97400235208716E-12 	 0 
 0.779830110523222 	 5.05301698855144E-12 	 5.05301698855144E-12 	 0 
 0.781627804588292 	 5.1541849694257E-12 	 5.15418496942571E-12 	-1.61558713389263E-27 
 0.783429642766174 	 5.27265211169347E-12 	 5.27265211169347E-12 	 8.07793566946316E-28 
 0.785235634610034 	 5.39979640817775E-12 	 5.39979640817775E-12 	 1.61558713389263E-27 
 0.787045789695061 	 5.52275154046234E-12 	 5.52275154046234E-12 	 0 
 0.788860117618517 	 5.62656104488539E-12 	 5.62656104488539E-12 	 0 
 0.790678627999787 	 5.69917075216738E-12 	 5.69917075216738E-12 	 1.61558713389263E-27 
 0.792501330480434 	 5.73643420692943E-12 	 5.73643420692943E-12 	 0 
 0.794328234724243 	 5.74316063214528E-12 	 5.74316063214528E-12 	 8.07793566946316E-28 
 0.79615935041728 	 5.7295805435479E-12 	 5.7295805435479E-12 	 8.07793566946316E-28 
 0.797994687267938 	 5.70649675696875E-12 	 5.70649675696875E-12 	 0 
 0.79983425500699 	 5.68225183309547E-12 	 5.68225183309547E-12 	 0 
 0.80167806338764 	 5.6620669531644E-12 	 5.6620669531644E-12 	 0 
 0.803526122185578 	 5.64874078314955E-12 	 5.64874078314955E-12 	 0 
 0.805378441199028 	 5.64370880928744E-12 	 5.64370880928744E-12 	 8.07793566946316E-28 
 0.807235030248799 	 5.64800690214388E-12 	 5.64800690214387E-12 	 2.42338070083895E-27 
 0.809095899178343 	 5.66309320598815E-12 	 5.66309320598815E-12 	 0 
 0.810961057853801 	 5.69168244968026E-12 	 5.69168244968026E-12 	 0 
 0.81283051616406 	 5.73883769569321E-12 	 5.73883769569321E-12 	 0 
 0.8147042840208 	 5.81354810591895E-12 	 5.81354810591895E-12 	 8.07793566946316E-28 
 0.816582371358553 	 5.93041143500104E-12 	 5.93041143500104E-12 	 0 
 0.81846478813475 	 6.10752863094736E-12 	 6.10752863094736E-12 	 0 
 0.820351544329778 	 6.34501016201969E-12 	 6.34501016201969E-12 	 8.07793566946316E-28 
 0.822242649947031 	 6.56690257251815E-12 	 6.56690257251815E-12 	 0 
 0.824138115012962 	 6.62916895722503E-12 	 6.62916895722503E-12 	 0 
 0.826037949577138 	 6.5178696570654E-12 	 6.5178696570654E-12 	 0 
 0.827942163712294 	 6.35985455786435E-12 	 6.35985455786435E-12 	 8.07793566946316E-28 
 0.829850767514382 	 6.23718660419114E-12 	 6.23718660419114E-12 	 0 
 0.83176377110263 	 6.16498357644009E-12 	 6.16498357644009E-12 	 0 
 0.833681184619593 	 6.13670977043858E-12 	 6.13670977043858E-12 	 0 
 0.835603018231207 	 6.14498491144755E-12 	 6.14498491144755E-12 	 0 
 0.837529282126841 	 6.18590792310925E-12 	 6.18590792310925E-12 	 0 
 0.839459986519356 	 6.25875730865066E-12 	 6.25875730865066E-12 	 0 
 0.841395141645154 	 6.36448985994085E-12 	 6.36448985994085E-12 	-8.07793566946316E-28 
 0.843334757764234 	 6.50301249752201E-12 	 6.50301249752201E-12 	-8.07793566946316E-28 
 0.845278845160248 	 6.66827661082165E-12 	 6.66827661082165E-12 	 0 
 0.847227414140555 	 6.84172703576733E-12 	 6.84172703576733E-12 	 0 
 0.849180475036272 	 6.99027559178255E-12 	 6.99027559178255E-12 	 0 
 0.851138038202334 	 7.07924828591837E-12 	 7.07924828591836E-12 	 8.07793566946316E-28 
 0.853100114017547 	 7.0960911983057E-12 	 7.0960911983057E-12 	 0 
 0.855066712884641 	 7.05811058707948E-12 	 7.05811058707948E-12 	 0 
 0.857037845230327 	 6.99510732123791E-12 	 6.99510732123791E-12 	 0 
 0.859013521505353 	 6.9304421507917E-12 	 6.9304421507917E-12 	 2.42338070083895E-27 
 0.860993752184558 	 6.87586393315869E-12 	 6.87586393315869E-12 	 0 
 0.862978547766927 	 6.83495256632154E-12 	 6.83495256632154E-12 	 0 
 0.86496791877565 	 6.80757329145787E-12 	 6.80757329145787E-12 	 1.61558713389263E-27 
 0.866961875758173 	 6.7928058340254E-12 	 6.7928058340254E-12 	 0 
 0.868960429286258 	 6.79062749219535E-12 	 6.79062749219535E-12 	 0 
 0.870963589956037 	 6.80322567494045E-12 	 6.80322567494045E-12 	 0 
 0.872971368388068 	 6.83688310973959E-12 	 6.83688310973959E-12 	 0 
 0.874983775227392 	 6.90564527325381E-12 	 6.90564527325381E-12 	 0 
 0.877000821143591 	 7.03767261008769E-12 	 7.03767261008769E-12 	 0 
 0.87902251683084 	 7.27490754115536E-12 	 7.27490754115536E-12 	 0 
 0.88104887300797 	 7.59606565633589E-12 	 7.59606565633589E-12 	 0 
 0.883079900418518 	 7.7292527859108E-12 	 7.7292527859108E-12 	 1.61558713389263E-27 
 0.885115609830791 	 7.52444361662279E-12 	 7.52444361662279E-12 	 0 
 0.887156012037916 	 7.26320108468774E-12 	 7.26320108468774E-12 	 0 
 0.889201117857903 	 7.08629945207053E-12 	 7.08629945207053E-12 	 0 
 0.8912509381337 	 6.98518345334238E-12 	 6.98518345334238E-12 	 0 
 0.89330548373325 	 6.93542671615826E-12 	 6.93542671615826E-12 	 0 
 0.895364765549548 	 6.92308487750818E-12 	 6.92308487750818E-12 	 0 
 0.897428794500703 	 6.94327399241627E-12 	 6.94327399241627E-12 	 8.07793566946316E-28 
 0.899497581529989 	 6.9973990088054E-12 	 6.9973990088054E-12 	 0 
 0.901571137605911 	 7.09155555223639E-12 	 7.09155555223639E-12 	 0 
 0.903649473722255 	 7.2342866764953E-12 	 7.2342866764953E-12 	 0 
 0.905732600898154 	 7.42899872729586E-12 	 7.42899872729586E-12 	 0 
 0.907820530178139 	 7.65399565046931E-12 	 7.65399565046931E-12 	 0 
 0.909913272632205 	 7.8397392557837E-12 	 7.8397392557837E-12 	 1.61558713389263E-27 
 0.912010839355863 	 7.90148097984424E-12 	 7.90148097984424E-12 	 0 
 0.914113241470203 	 7.83208292762056E-12 	 7.83208292762056E-12 	 0 
 0.916220490121953 	 7.70265744128848E-12 	 7.70265744128848E-12 	 0 
 0.918332596483534 	 7.57610437984964E-12 	 7.57610437984964E-12 	 0 
 0.920449571753124 	 7.47576522151614E-12 	 7.47576522151614E-12 	 0 
 0.922571427154716 	 7.40228562221593E-12 	 7.40228562221593E-12 	 0 
 0.924698173938175 	 7.35001111102214E-12 	 7.35001111102214E-12 	 0 
 0.926829823379302 	 7.31389143906616E-12 	 7.31389143906616E-12 	 0 
 0.928966386779889 	 7.29170342230516E-12 	 7.29170342230516E-12 	 0 
 0.931107875467782 	 7.28540340037493E-12 	 7.28540340037493E-12 	 0 
 0.933254300796943 	 7.30416680121922E-12 	 7.30416680121922E-12 	 1.61558713389263E-27 
 0.935405674147503 	 7.3730143908795E-12 	 7.3730143908795E-12 	 1.61558713389263E-27 
 0.937562006925832 	 7.55350468602004E-12 	 7.55350468602004E-12 	 0 
 0.939723310564589 	 7.9329989521205E-12 	 7.9329989521205E-12 	 1.61558713389263E-27 
 0.941889596522792 	 8.20815276764971E-12 	 8.20815276764971E-12 	 0 
 0.944060876285874 	 7.87747558004882E-12 	 7.87747558004882E-12 	 0 
 0.946237161365744 	 7.5110465875521E-12 	 7.5110465875521E-12 	 0 
 0.948418463300848 	 7.30255531236055E-12 	 7.30255531236055E-12 	 0 
 0.950604793656232 	 7.18765223169111E-12 	 7.18765223169111E-12 	 0 
 0.952796164023602 	 7.12347517908616E-12 	 7.12347517908616E-12 	 0 
 0.954992586021386 	 7.09274526724074E-12 	 7.09274526724074E-12 	 0 
 0.957194071294794 	 7.09110646680774E-12 	 7.09110646680774E-12 	 0 
 0.959400631515883 	 7.12213185143125E-12 	 7.12213185143125E-12 	 0 
 0.961612278383614 	 7.19682463508011E-12 	 7.19682463508011E-12 	 0 
 0.96382902362392 	 7.33485610249915E-12 	 7.33485610249915E-12 	 0 
 0.966050878989763 	 7.55982930596839E-12 	 7.55982930596839E-12 	-1.61558713389263E-27 
 0.968277856261198 	 7.8590855226942E-12 	 7.8590855226942E-12 	 1.61558713389263E-27 
 0.970509967245439 	 8.08896737880901E-12 	 8.08896737880901E-12 	 0 
 0.972747223776914 	 8.06180931542485E-12 	 8.06180931542485E-12 	 0 
 0.974989637717336 	 7.85680582141818E-12 	 7.85680582141818E-12 	 0 
 0.977237220955759 	 7.652426329466E-12 	 7.652426329466E-12 	 0 
 0.979489985408647 	 7.50543918387329E-12 	 7.50543918387329E-12 	-1.61558713389263E-27 
 0.981747943019932 	 7.40631520447526E-12 	 7.40631520447526E-12 	 0 
 0.984011105761082 	 7.33730235534669E-12 	 7.33730235534669E-12 	 0 
 0.986279485631158 	 7.28659995687878E-12 	 7.28659995687878E-12 	 0 
 0.988553094656886 	 7.24918077209976E-12 	 7.24918077209976E-12 	-1.61558713389263E-27 
 0.990831944892715 	 7.22682975010952E-12 	 7.22682975010952E-12 	 1.61558713389263E-27 
 0.993116048420881 	 7.23226427443714E-12 	 7.23226427443714E-12 	 0 
 0.995405417351474 	 7.3072394472008E-12 	 7.3072394472008E-12 	 1.61558713389263E-27 
 0.9977000638225 	 7.58403633643479E-12 	 7.58403633643479E-12 	 0 
 0.999999999999947 	 8.15153337888039E-12 	 8.15153337888039E-12 	 0 
******************************************

