MiePlot v4.6.18

Date & Time: 5/2/2021 23:06:52 

Calculation Method:         Mie (plane wave)

Graph type: Cext/Csca/Cabs v. radius

Refractive index (sphere) 	Real part: 	1.5	Imaginary part: 	0.1
Refractive index (medium)	Real part: 	1	

Wavelength: 	0.5	 um

Radius (µm)	Cext m^2	Csca m^2	Cabs m^2
 0.1 	 2.47488567246002E-14 	 1.31368600436732E-14 	 1.1611996680927E-14 
 0.10023052380779 	 2.49822992564496E-14 	 1.32801765730181E-14 	 1.17021226834314E-14 
 0.10046157902784 	 2.521787218191E-14 	 1.34248733017707E-14 	 1.17929988801393E-14 
 0.10069316688518 	 2.54555958365401E-14 	 1.35709629877334E-14 	 1.18846328488067E-14 
 0.100925288607668 	 2.56954908302783E-14 	 1.3718458578471E-14 	 1.19770322518072E-14 
 0.10115794542599 	 2.59375780523341E-14 	 1.38673732162034E-14 	 1.20702048361307E-14 
 0.101391138573668 	 2.61818786761079E-14 	 1.4017720242787E-14 	 1.21641584333209E-14 
 0.10162486928707 	 2.64284141641311E-14 	 1.41695132047825E-14 	 1.22589009593486E-14 
 0.101859138805412 	 2.66772062730257E-14 	 1.43227658586093E-14 	 1.23544404144163E-14 
 0.102093948370768 	 2.69282770584762E-14 	 1.44774921757827E-14 	 1.24507848826935E-14 
 0.102329299228075 	 2.71816488802097E-14 	 1.46337063482331E-14 	 1.25479425319766E-14 
 0.102565192625141 	 2.74373444069787E-14 	 1.47914227937057E-14 	 1.2645921613273E-14 
 0.102801629812647 	 2.76953866215407E-14 	 1.49506561612358E-14 	 1.27447304603048E-14 
 0.103038612044162 	 2.7955798825628E-14 	 1.51114213367001E-14 	 1.28443774889278E-14 
 0.10327614057614 	 2.82186046449036E-14 	 1.52737334484387E-14 	 1.29448711964649E-14 
 0.103514216667934 	 2.84838280338935E-14 	 1.54376078729457E-14 	 1.30462201609477E-14 
 0.103752841581801 	 2.87514932808905E-14 	 1.56030602406254E-14 	 1.31484330402651E-14 
 0.103992016582906 	 2.90216250128217E-14 	 1.57701064416087E-14 	 1.3251518571213E-14 
 0.10423174293933 	 2.9294248200072E-14 	 1.59387626316279E-14 	 1.3355485568444E-14 
 0.10447202192208 	 2.95693881612544E-14 	 1.61090452379438E-14 	 1.34603429233106E-14 
 0.10471285480509 	 2.98470705679216E-14 	 1.62809709653213E-14 	 1.35660996026003E-14 
 0.104954242865232 	 3.0127321449206E-14 	 1.64545568020484E-14 	 1.36727646471576E-14 
 0.105196187382322 	 3.04101671963834E-14 	 1.66298200259939E-14 	 1.37803471703895E-14 
 0.105438689639126 	 3.06956345673465E-14 	 1.68067782106967E-14 	 1.38888563566497E-14 
 0.105681750921366 	 3.09837506909819E-14 	 1.69854492314827E-14 	 1.39983014594992E-14 
 0.105925372517729 	 3.12745430714378E-14 	 1.71658512716011E-14 	 1.41086917998367E-14 
 0.106169555719872 	 3.15680395922724E-14 	 1.73480028283749E-14 	 1.42200367638975E-14 
 0.106414301822431 	 3.18642685204722E-14 	 1.75319227193578E-14 	 1.43323458011144E-14 
 0.106659612123026 	 3.21632585103281E-14 	 1.77176300884897E-14 	 1.44456284218384E-14 
 0.106905487922266 	 3.2465038607157E-14 	 1.7905144412244E-14 	 1.4559894194913E-14 
 0.10715193052376 	 3.27696382508569E-14 	 1.8094485505757E-14 	 1.46751527450998E-14 
 0.107398941234124 	 3.30770872792823E-14 	 1.82856735289318E-14 	 1.47914137503505E-14 
 0.107646521362983 	 3.3387415931427E-14 	 1.8478728992507E-14 	 1.490868693892E-14 
 0.107894672222983 	 3.37006548503994E-14 	 1.86736727640807E-14 	 1.50269820863187E-14 
 0.108143395129794 	 3.40168350861767E-14 	 1.88705260740794E-14 	 1.51463090120973E-14 
 0.10839269140212 	 3.43359880981246E-14 	 1.90693105216622E-14 	 1.52666775764624E-14 
 0.108642562361706 	 3.46581457572639E-14 	 1.92700480805479E-14 	 1.5388097676716E-14 
 0.108893009333343 	 3.49833403482723E-14 	 1.94727611047543E-14 	 1.5510579243518E-14 
 0.109144033644875 	 3.5311604571203E-14 	 1.9677472334238E-14 	 1.56341322369649E-14 
 0.109395636627209 	 3.5642971542904E-14 	 1.98842049004218E-14 	 1.57587666424822E-14 
 0.109647819614318 	 3.59774747981219E-14 	 2.00929823315955E-14 	 1.58844924665264E-14 
 0.109900583943252 	 3.63151482902721E-14 	 2.03038285581797E-14 	 1.60113197320924E-14 
 0.110153930954141 	 3.66560263918582E-14 	 2.05167679178349E-14 	 1.61392584740233E-14 
 0.110407861990207 	 3.7000143894522E-14 	 2.07318251604036E-14 	 1.62683187341185E-14 
 0.110662378397766 	 3.73475360087067E-14 	 2.09490254526705E-14 	 1.63985105560363E-14 
 0.11091748152624 	 3.76982383629122E-14 	 2.11683943829231E-14 	 1.65298439799891E-14 
 0.111173172728159 	 3.80522870025259E-14 	 2.13899579652991E-14 	 1.66623290372268E-14 
 0.111429453359173 	 3.84097183882072E-14 	 2.1613742643902E-14 	 1.67959757443051E-14 
 0.111686324778056 	 3.87705693938071E-14 	 2.18397752966686E-14 	 1.69307940971385E-14 
 0.111943788346715 	 3.91348773038023E-14 	 2.20680832389708E-14 	 1.70667940648315E-14 
 0.112201845430196 	 3.95026798102232E-14 	 2.2298694226933E-14 	 1.72039855832901E-14 
 0.112460497396692 	 3.98740150090549E-14 	 2.25316364604469E-14 	 1.7342378548608E-14 
 0.112719745617551 	 4.02489213960908E-14 	 2.27669385858632E-14 	 1.74819828102276E-14 
 0.112979591467279 	 4.06274378622168E-14 	 2.30046296983427E-14 	 1.76228081638741E-14 
 0.113240036323555 	 4.10096036881058E-14 	 2.32447393438441E-14 	 1.77648643442617E-14 
 0.113501081567231 	 4.13954585383009E-14 	 2.34872975207301E-14 	 1.79081610175707E-14 
 0.113762728582343 	 4.17850424546638E-14 	 2.37323346809687E-14 	 1.80527077736951E-14 
 0.114024978756117 	 4.21783958491712E-14 	 2.39798817309094E-14 	 1.81985141182618E-14 
 0.114287833478977 	 4.25755594960328E-14 	 2.42299700316119E-14 	 1.83455894644208E-14 
 0.114551294144553 	 4.29765745231132E-14 	 2.44826313987056E-14 	 1.84939431244075E-14 
 0.114815362149688 	 4.33814824026343E-14 	 2.47378981017553E-14 	 1.8643584300879E-14 
 0.115080038894443 	 4.37903249411385E-14 	 2.49958028631129E-14 	 1.87945220780257E-14 
 0.115345325782109 	 4.42031442686908E-14 	 2.52563788562292E-14 	 1.89467654124616E-14 
 0.115611224219209 	 4.46199828272996E-14 	 2.55196597034041E-14 	 1.91003231238955E-14 
 0.115877735615512 	 4.50408833585366E-14 	 2.57856794729502E-14 	 1.92552038855864E-14 
 0.116144861384034 	 4.54658888903355E-14 	 2.60544726757461E-14 	 1.94114162145894E-14 
 0.116412602941049 	 4.58950427229506E-14 	 2.6326074261156E-14 	 1.95689684617945E-14 
 0.116680961706096 	 4.63283884140567E-14 	 2.66005196122908E-14 	 1.97278688017659E-14 
 0.116949939101987 	 4.67659697629729E-14 	 2.6877844540586E-14 	 1.98881252223868E-14 
 0.117219536554813 	 4.72078307939928E-14 	 2.71580852796742E-14 	 2.00497455143187E-14 
 0.117489755493953 	 4.76540157388056E-14 	 2.74412784785253E-14 	 2.02127372602803E-14 
 0.11776059735208 	 4.81045690179916E-14 	 2.77274611938335E-14 	 2.03771078241582E-14 
 0.118032063565173 	 4.85595352215812E-14 	 2.80166708816253E-14 	 2.05428643399559E-14 
 0.118304155572516 	 4.90189590886595E-14 	 2.83089453880658E-14 	 2.07100137005938E-14 
 0.118576874816716 	 4.94828854860117E-14 	 2.86043229394412E-14 	 2.08785625465705E-14 
 0.118850222743701 	 4.99513593857918E-14 	 2.89028421312934E-14 	 2.10485172544984E-14 
 0.119124200802737 	 5.04244258422136E-14 	 2.9204541916687E-14 	 2.12198839255266E-14 
 0.119398810446427 	 5.09021299672499E-14 	 2.95094615935847E-14 	 2.13926683736652E-14 
 0.119674053130724 	 5.13845169053413E-14 	 2.98176407913136E-14 	 2.15668761140277E-14 
 0.119949930314937 	 5.18716318071064E-14 	 3.01291194561003E-14 	 2.17425123510061E-14 
 0.120226443461741 	 5.23635198020557E-14 	 3.04439378356578E-14 	 2.19195819663979E-14 
 0.120503594037179 	 5.28602259703083E-14 	 3.07621364628054E-14 	 2.20980895075029E-14 
 0.120781383510677 	 5.33617953133158E-14 	 3.10837561381066E-14 	 2.22780391752092E-14 
 0.121059813355048 	 5.38682727235986E-14 	 3.14088379115078E-14 	 2.24594348120908E-14 
 0.121338885046497 	 5.43797029535038E-14 	 3.17374230629672E-14 	 2.26422798905366E-14 
 0.121618600064636 	 5.48961305829946E-14 	 3.2069553082058E-14 	 2.28265775009367E-14 
 0.121898959892486 	 5.54175999864871E-14 	 3.24052696465388E-14 	 2.30123303399482E-14 
 0.122179966016487 	 5.59441552987489E-14 	 3.27446145998811E-14 	 2.31995406988678E-14 
 0.122461619926504 	 5.64758403798823E-14 	 3.30876299277461E-14 	 2.33882104521361E-14 
 0.12274392311584 	 5.70126987794137E-14 	 3.34343577334091E-14 	 2.35783410460046E-14 
 0.123026877081238 	 5.75547736995168E-14 	 3.37848402121259E-14 	 2.3769933487391E-14 
 0.12331048332289 	 5.81021079573997E-14 	 3.41391196244438E-14 	 2.39629883329559E-14 
 0.12359474334445 	 5.86547439468897E-14 	 3.44972382684579E-14 	 2.41575056784318E-14 
 0.123879658653036 	 5.92127235992538E-14 	 3.48592384510183E-14 	 2.43534851482355E-14 
 0.12416523075924 	 5.97760883432972E-14 	 3.52251624578969E-14 	 2.45509258854003E-14 
 0.124451461177138 	 6.03448790647838E-14 	 3.55950525229233E-14 	 2.47498265418605E-14 
 0.124738351424294 	 6.09191360652304E-14 	 3.59689507961049E-14 	 2.49501852691255E-14 
 0.125025903021771 	 6.1498899020127E-14 	 3.63468993107471E-14 	 2.51519997093799E-14 
 0.125314117494141 	 6.20842069366427E-14 	 3.67289399495954E-14 	 2.53552669870473E-14 
 0.125602996369487 	 6.26750981108789E-14 	 3.71151144100216E-14 	 2.55599837008573E-14 
 0.125892541179416 	 6.32716100847374E-14 	 3.75054641682834E-14 	 2.5766145916454E-14 
 0.126182753459066 	 6.38737796024751E-14 	 3.79000304428875E-14 	 2.59737491595876E-14 
 0.126473634747114 	 6.44816425670199E-14 	 3.82988541570904E-14 	 2.61827884099294E-14 
 0.126765186585784 	 6.5095233996131E-14 	 3.87019759005789E-14 	 2.63932580955521E-14 
 0.127057410520853 	 6.57145879784866E-14 	 3.91094358903691E-14 	 2.66051520881175E-14 
 0.127350308101665 	 6.63397376297885E-14 	 3.95212739309747E-14 	 2.68184636988138E-14 
 0.127643880881134 	 6.69707150489801E-14 	 3.99375293738939E-14 	 2.70331856750862E-14 
 0.127938130415752 	 6.76075512746736E-14 	 4.03582410764708E-14 	 2.72493101982028E-14 
 0.128233058265601 	 6.82502762418914E-14 	 4.07834473601918E-14 	 2.74668288816997E-14 
 0.128528665994361 	 6.88989187392283E-14 	 4.12131859684805E-14 	 2.76857327707478E-14 
 0.128824955169313 	 6.95535063665457E-14 	 4.16474940240611E-14 	 2.79060123424845E-14 
 0.129121927361353 	 7.02140654933139E-14 	 4.20864079859611E-14 	 2.81276575073529E-14 
 0.129419584144998 	 7.08806212177229E-14 	 4.25299636062334E-14 	 2.83506576114894E-14 
 0.129717927098395 	 7.15531973266816E-14 	 4.29781958864783E-14 	 2.85750014402034E-14 
 0.130016957803328 	 7.22318162568374E-14 	 4.34311390342514E-14 	 2.88006772225861E-14 
 0.130316677845229 	 7.29164990567403E-14 	 4.38888264194487E-14 	 2.90276726372917E-14 
 0.130617088813183 	 7.36072653502899E-14 	 4.43512905307633E-14 	 2.92559748195266E-14 
 0.13091819229994 	 7.43041333015978E-14 	 4.48185629323126E-14 	 2.94855703692852E-14 
 0.131219989901919 	 7.50071195814046E-14 	 4.52906742205384E-14 	 2.97164453608662E-14 
 0.131522483219223 	 7.57162393351919E-14 	 4.57676539814866E-14 	 2.99485853537053E-14 
 0.13182567385564 	 7.64315061531322E-14 	 4.6249530748578E-14 	 3.01819754045543E-14 
 0.132129563418657 	 7.71529320420187E-14 	 4.67363319609816E-14 	 3.04166000810371E-14 
 0.132434153519466 	 7.78805273993196E-14 	 4.72280839227094E-14 	 3.06524434766101E-14 
 0.132739445772973 	 7.86143009895041E-14 	 4.77248117625521E-14 	 3.0889489226952E-14 
 0.133045441797808 	 7.93542599227812E-14 	 4.82265393949769E-14 	 3.11277205278043E-14 
 0.133352143216332 	 8.01004096363996E-14 	 4.87332894821159E-14 	 3.13671201542837E-14 
 0.133659551654643 	 8.08527538786486E-14 	 4.9245083396968E-14 	 3.16076704816807E-14 
 0.133967668742593 	 8.16112946957056E-14 	 4.97619411879468E-14 	 3.18493535077588E-14 
 0.134276496113785 	 8.23760324214678E-14 	 5.02838815449036E-14 	 3.20921508765642E-14 
 0.134586035405594 	 8.31469656705053E-14 	 5.08109217667563E-14 	 3.23360439037489E-14 
 0.134896288259164 	 8.39240913342725E-14 	 5.13430777308573E-14 	 3.25810136034152E-14 
 0.135207256319427 	 8.47074045807045E-14 	 5.18803638642318E-14 	 3.28270407164727E-14 
 0.135518941235103 	 8.54968988573273E-14 	 5.24227931168187E-14 	 3.30741057405087E-14 
 0.135831344658714 	 8.62925658980031E-14 	 5.29703769368464E-14 	 3.33221889611567E-14 
 0.136144468246594 	 8.7094395733422E-14 	 5.35231252484701E-14 	 3.35712704849519E-14 
 0.136458313658891 	 8.79023767054563E-14 	 5.40810464318034E-14 	 3.38213302736529E-14 
 0.136772882559584 	 8.87164954854734E-14 	 5.46441473054665E-14 	 3.4072348180007E-14 
 0.137088176616484 	 8.95367370967063E-14 	 5.52124331117755E-14 	 3.43243039849308E-14 
 0.137404197501251 	 9.03630849407658E-14 	 5.57859075046931E-14 	 3.45771774360728E-14 
 0.137720946889394 	 9.11955208283776E-14 	 5.63645725406561E-14 	 3.48309482877215E-14 
 0.138038426460287 	 9.20340250144065E-14 	 5.69484286723918E-14 	 3.50855963420146E-14 
 0.138356637897177 	 9.28785762372337E-14 	 5.75374747458294E-14 	 3.53411014914043E-14 
 0.138675582887188 	 9.37291517625337E-14 	 5.81317080002083E-14 	 3.55974437623253E-14 
 0.138995263121334 	 9.4585727431488E-14 	 5.87311240714789E-14 	 3.58546033600091E-14 
 0.139315680294529 	 9.54482777134661E-14 	 5.93357169990831E-14 	 3.6112560714383E-14 
 0.139636836105593 	 9.6316775763188E-14 	 5.99454792361995E-14 	 3.63712965269885E-14 
 0.139958732257261 	 9.719119348237E-14 	 6.05604016635228E-14 	 3.66307918188472E-14 
 0.140281370456195 	 9.80715015858487E-14 	 6.11804736066486E-14 	 3.68910279792001E-14 
 0.14060475241299 	 9.89576696721602E-14 	 6.18056828571186E-14 	 3.71519868150416E-14 
 0.140928879842186 	 9.98496662985387E-14 	 6.24360156971755E-14 	 3.74136506013632E-14 
 0.141253754462274 	 1.0074745906029E-13 	 6.30714569282686E-14 	 3.76760021320215E-14 
 0.141579377995707 	 1.01651014674477E-13 	 6.37119899033385E-14 	 3.79390247711385E-14 
 0.141905752168908 	 1.02560299067844E-13 	 6.43575965629032E-14 	 3.82027025049412E-14 
 0.142232878712281 	 1.03475277468894E-13 	 6.5008257474953E-14 	 3.84670199939413E-14 
 0.142560759360218 	 1.04395914504013E-13 	 6.56639518786571E-14 	 3.87319626253561E-14 
 0.142889395851109 	 1.05322174297534E-13 	 6.6324657731866E-14 	 3.89975165656676E-14 
 0.143218789927353 	 1.06254020575607E-13 	 6.69903517623929E-14 	 3.92636688132143E-14 
 0.143548943335364 	 1.07191416773745E-13 	 6.76610095230371E-14 	 3.95304072507075E-14 
 0.143879857825583 	 1.08134326147873E-13 	 6.83366054503069E-14 	 3.97977206975664E-14 
 0.144211535152486 	 1.09082711888745E-13 	 6.90171129267868E-14 	 4.00655989619581E-14 
 0.144543977074592 	 1.10036537239518E-13 	 6.97025043470833E-14 	 4.03340328924351E-14 
 0.144877185354475 	 1.10995765616327E-13 	 7.03927511872701E-14 	 4.06030144290564E-14 
 0.145211161758773 	 1.11960360731631E-13 	 7.10878240777485E-14 	 4.08725366538821E-14 
 0.145545908058195 	 1.12930286720151E-13 	 7.1787692879421E-14 	 4.11425938407301E-14 
 0.145881426027534 	 1.13905508267154E-13 	 7.24923267630714E-14 	 4.14131815040829E-14 
 0.146217717445671 	 1.14885990738869E-13 	 7.32016942918317E-14 	 4.16842964470374E-14 
 0.14655478409559 	 1.15871700314794E-13 	 7.39157635066079E-14 	 4.19559368081865E-14 
 0.146892627764385 	 1.16862604121655E-13 	 7.46345020143262E-14 	 4.22281021073292E-14 
 0.147231250243271 	 1.17858670368756E-13 	 7.53578770788534E-14 	 4.25007932899022E-14 
 0.147570653327588 	 1.18859868484469E-13 	 7.60858557144363E-14 	 4.27740127700326E-14 
 0.147910838816819 	 1.1986616925361E-13 	 7.68184047814973E-14 	 4.3047764472113E-14 
 0.148251808514594 	 1.20877544955419E-13 	 7.7555491084616E-14 	 4.3322053870803E-14 
 0.148593564228699 	 1.21893969501884E-13 	 7.82970814725201E-14 	 4.35968880293637E-14 
 0.14893610777109 	 1.22915418576142E-13 	 7.90431429399028E-14 	 4.38722756362395E-14 
 0.149279440957898 	 1.23941869770679E-13 	 7.97936427308788E-14 	 4.41482270398002E-14 
 0.149623565609442 	 1.24973302725051E-13 	 8.0548548443886E-14 	 4.44247542811649E-14 
 0.149968483550236 	 1.26009699262868E-13 	 8.13078281378363E-14 	 4.4701871125032E-14 
 0.150314196609001 	 1.27051043527759E-13 	 8.20714504393152E-14 	 4.49795930884436E-14 
 0.150660706618673 	 1.28097322118051E-13 	 8.283938465063E-14 	 4.52579374674212E-14 
 0.151008015416413 	 1.29148524219907E-13 	 8.36116008584987E-14 	 4.55369233614079E-14 
 0.151356124843619 	 1.30204641738646E-13 	 8.43880700431801E-14 	 4.5816571695466E-14 
 0.151705036745932 	 1.31265669428011E-13 	 8.5168764187835E-14 	 4.60969052401758E-14 
 0.152054752973248 	 1.3233160501711E-13 	 8.59536563879167E-14 	 4.63779486291937E-14 
 0.152405275379728 	 1.33402449334815E-13 	 8.67427209603881E-14 	 4.66597283744273E-14 
 0.152756605823806 	 1.34478206431358E-13 	 8.7535933552562E-14 	 4.69422728787958E-14 
 0.153108746168201 	 1.35558883696912E-13 	 8.8333271250369E-14 	 4.72256124465434E-14 
 0.153461698279928 	 1.3664449197694E-13 	 8.91347126858552E-14 	 4.75097792910852E-14 
 0.153815464030302 	 1.37735045684083E-13 	 8.99402381437199E-14 	 4.77948075403636E-14 
 0.154170045294954 	 1.38830562906411E-13 	 9.0749829666709E-14 	 4.80807332397021E-14 
 0.15452544395384 	 1.39931065511827E-13 	 9.15634711596777E-14 	 4.83675943521494E-14 
 0.154881661891247 	 1.41036579248457E-13 	 9.23811484921521E-14 	 4.86554307563045E-14 
 0.155238700995807 	 1.42147133840845E-13 	 9.32028495992178E-14 	 4.89442842416267E-14 
 0.155596563160506 	 1.43262763081804E-13 	 9.40285645805723E-14 	 4.92341985012313E-14 
 0.155955250282694 	 1.44383504919766E-13 	 9.48582857975872E-14 	 4.95252191221785E-14 
 0.156314764264094 	 1.45509401541498E-13 	 9.569200796823E-14 	 4.98173935732677E-14 
 0.156675107010813 	 1.46640499450054E-13 	 9.65297282597049E-14 	 5.01107711903491E-14 
 0.157036280433354 	 1.47776849537849E-13 	 9.73714463786792E-14 	 5.04054031591698E-14 
 0.15739828644662 	 1.48918507154746E-13 	 9.82171646589716E-14 	 5.07013424957741E-14 
 0.157761126969933 	 1.50065532171058E-13 	 9.9066888146581E-14 	 5.09986440244773E-14 
 0.158124803927037 	 1.51217989035387E-13 	 9.99206246819507E-14 	 5.12973643534368E-14 
 0.15848931924611 	 1.52375946827207E-13 	 1.00778384979364E-13 	 5.15975618478436E-14 
 0.158854674859776 	 1.53539479304135E-13 	 1.01640182703376E-13 	 5.18992966007594E-14 
 0.159220872705115 	 1.54708664943825E-13 	 1.02506034542202E-13 	 5.2202630401623E-14 
 0.159587914723672 	 1.55883586980429E-13 	 1.03375960277975E-13 	 5.25076267024534E-14 
 0.159955802861465 	 1.57064333435578E-13 	 1.04249982853808E-13 	 5.28143505817706E-14 
 0.160324539069002 	 1.5825099714385E-13 	 1.05128128437589E-13 	 5.31228687062612E-14 
 0.160694125301286 	 1.59443675772673E-13 	 1.06010426482463E-13 	 5.34332492902101E-14 
 0.161064563517825 	 1.60642471836653E-13 	 1.06896909783935E-13 	 5.37455620527176E-14 
 0.161435855682647 	 1.61847492706277E-13 	 1.07787614533553E-13 	 5.40598781727244E-14 
 0.161808003764305 	 1.63058850610987E-13 	 1.0868258036913E-13 	 5.43762702418576E-14 
 0.162181009735891 	 1.64276662636581E-13 	 1.09581850421467E-13 	 5.46948122151134E-14 
 0.162554875575047 	 1.65501050716928E-13 	 1.1048547135754E-13 	 5.50155793593877E-14 
 0.16292960326397 	 1.66732141619982E-13 	 1.11393493420121E-13 	 5.53386481998609E-14 
 0.163305194789432 	 1.67970066928049E-13 	 1.12305970463807E-13 	 5.56640964642421E-14 
 0.163681652142779 	 1.69214963012293E-13 	 1.13222959987421E-13 	 5.59920030248725E-14 
 0.164058977319952 	 1.70466971001454E-13 	 1.1414452316277E-13 	 5.6322447838684E-14 
 0.164437172321491 	 1.71726236744725E-13 	 1.1507072485972E-13 	 5.66555118850055E-14 
 0.164816239152549 	 1.72992910768771E-13 	 1.16001633667568E-13 	 5.69912771012035E-14 
 0.1651961798229 	 1.74267148228815E-13 	 1.16937321912673E-13 	 5.7329826316142E-14 
 0.165576996346951 	 1.75549108853764E-13 	 1.17877865672326E-13 	 5.7671243181438E-14 
 0.165958690743754 	 1.76838956885287E-13 	 1.18823344784799E-13 	 5.80156121004884E-14 
 0.166341265037015 	 1.78136861010792E-13 	 1.19773842855554E-13 	 5.83630181552373E-14 
 0.166724721255104 	 1.79442994290205E-13 	 1.20729447259556E-13 	 5.87135470306488E-14 
 0.167109061431069 	 1.80757534076469E-13 	 1.21690249139622E-13 	 5.90672849368464E-14 
 0.167494287602642 	 1.82080661929649E-13 	 1.22656343400773E-13 	 5.94243185288753E-14 
 0.167880401812254 	 1.8341256352453E-13 	 1.2362782870049E-13 	 5.97847348240397E-14 
 0.168267406107045 	 1.84753428551583E-13 	 1.24604807434814E-13 	 6.01486211167681E-14 
 0.168655302538872 	 1.8610345061114E-13 	 1.25587385720194E-13 	 6.05160648909455E-14 
 0.169044093164324 	 1.87462827100648E-13 	 1.26575673370984E-13 	 6.08871537296645E-14 
 0.169433780044731 	 1.88831759094801E-13 	 1.27569783872474E-13 	 6.12619752223273E-14 
 0.169824365246172 	 1.9021045121839E-13 	 1.28569834349345E-13 	 6.16406168690456E-14 
 0.170215850839493 	 1.9159911151166E-13 	 1.2957594552939E-13 	 6.20231659822706E-14 
 0.17060823890031 	 1.92997951287967E-13 	 1.30588241702373E-13 	 6.24097095855937E-14 
 0.171001531509027 	 1.94407184983504E-13 	 1.31606850673848E-13 	 6.28003343096553E-14 
 0.17139573075084 	 1.95827029998866E-13 	 1.32631903713766E-13 	 6.31951262850997E-14 
 0.171790838715757 	 1.97257706532194E-13 	 1.33663535499675E-13 	 6.35941710325189E-14 
 0.172186857498599 	 1.98699437403639E-13 	 1.34701884054311E-13 	 6.39975533493284E-14 
 0.172583789199018 	 2.00152447870872E-13 	 1.35747090677348E-13 	 6.44053571935246E-14 
 0.172981635921508 	 2.01616965435357E-13 	 1.3679929987108E-13 	 6.48176655642773E-14 
 0.173380399775412 	 2.03093219639091E-13 	 1.37858659259774E-13 	 6.52345603793168E-14 
 0.173780082874935 	 2.04581441851522E-13 	 1.38925319502434E-13 	 6.56561223490878E-14 
 0.174180687339159 	 2.06081865046335E-13 	 1.39999434198692E-13 	 6.60824308476429E-14 
 0.174582215292048 	 2.07594723567799E-13 	 1.41081159787529E-13 	 6.65135637802698E-14 
 0.174984668862463 	 2.09120252886377E-13 	 1.42170655438528E-13 	 6.69495974478492E-14 
 0.175388050184174 	 2.1065868934329E-13 	 1.43268082935328E-13 	 6.73906064079621E-14 
 0.175792361395867 	 2.1221026988374E-13 	 1.44373606550964E-13 	 6.78366633327758E-14 
 0.176197604641161 	 2.137752317785E-13 	 1.45487392914742E-13 	 6.82878388637578E-14 
 0.176603782068614 	 2.15353812333594E-13 	 1.46609610870308E-13 	 6.87442014632863E-14 
 0.17701089583174 	 2.16946248587815E-13 	 1.47740431324568E-13 	 6.92058172632468E-14 
 0.177418948089014 	 2.18552776997815E-13 	 1.48880027087089E-13 	 6.96727499107258E-14 
 0.17782794100389 	 2.20173633110582E-13 	 1.50028572699639E-13 	 7.01450604109428E-14 
 0.178237876744807 	 2.21809051223086E-13 	 1.51186244255503E-13 	 7.0622806967583E-14 
 0.178648757485203 	 2.23459264028957E-13 	 1.52353219208231E-13 	 7.11060448207256E-14 
 0.179060585403527 	 2.25124502252069E-13 	 1.53529676169475E-13 	 7.1594826082594E-14 
 0.17947336268325 	 2.26804994266968E-13 	 1.54715794695582E-13 	 7.2089199571386E-14 
 0.179887091512876 	 2.28500965706106E-13 	 1.55911755062628E-13 	 7.25892106434779E-14 
 0.180301774085954 	 2.30212639053935E-13 	 1.57117738029603E-13 	 7.30949010243325E-14 
 0.18071741260109 	 2.31940233227946E-13 	 1.58333924589464E-13 	 7.36063086384818E-14 
 0.181134009261958 	 2.33683963146816E-13 	 1.59560495707821E-13 	 7.41234674389945E-14 
 0.181551566277311 	 2.35444039285912E-13 	 1.60797632049034E-13 	 7.46464072368771E-14 
 0.181970085860996 	 2.3722066722047E-13 	 1.62045513689561E-13 	 7.5175153530909E-14 
 0.182389570231961 	 2.39014047156863E-13 	 1.63304319818415E-13 	 7.57097273384477E-14 
 0.182810021614272 	 2.40824373452447E-13 	 1.64574228424655E-13 	 7.62501450277921E-14 
 0.183231442237119 	 2.42651834124624E-13 	 1.65855415971889E-13 	 7.6796418152735E-14 
 0.183653834334832 	 2.44496610349806E-13 	 1.67148057059822E-13 	 7.73485532899844E-14 
 0.184077200146893 	 2.46358875953123E-13 	 1.68452324072945E-13 	 7.79065518801782E-14 
 0.184501541917945 	 2.4823879688983E-13 	 1.69768386816561E-13 	 7.84704100732694E-14 
 0.184926861897805 	 2.50136530719481E-13 	 1.71096412140387E-13 	 7.90401185790938E-14 
 0.185353162341479 	 2.52052226074078E-13 	 1.72436563550084E-13 	 7.96156625239942E-14 
 0.185780445509167 	 2.53986022121539E-13 	 1.73789000807141E-13 	 8.01970213143974E-14 
 0.186208713666284 	 2.55938048025975E-13 	 1.7515387951767E-13 	 8.07841685083052E-14 
 0.186637969083464 	 2.5790842240639E-13 	 1.76531350710711E-13 	 8.13770716956798E-14 
 0.187068214036577 	 2.59897252795586E-13 	 1.77921560406832E-13 	 8.19756923887537E-14 
 0.187499450806739 	 2.61904635101184E-13 	 1.79324649177865E-13 	 8.25799859233192E-14 
 0.187931681680324 	 2.63930653070835E-13 	 1.80740751698753E-13 	 8.31899013720829E-14 
 0.188364908948977 	 2.65975377763826E-13 	 1.8216999629263E-13 	 8.38053814711959E-14 
 0.188799134909627 	 2.6803886703144E-13 	 1.83612504470355E-13 	 8.44263625610848E-14 
 0.189234361864495 	 2.70121165008565E-13 	 1.85068390465844E-13 	 8.50527745427208E-14 
 0.189670592121112 	 2.72222301619191E-13 	 1.8653776076872E-13 	 8.56845408504717E-14 
 0.190107827992327 	 2.7434229209854E-13 	 1.88020713655867E-13 	 8.63215784426731E-14 
 0.190546071796322 	 2.76481136534721E-13 	 1.89517338723671E-13 	 8.69637978110508E-14 
 0.190985325856621 	 2.78638819432904E-13 	 1.91027716422804E-13 	 8.76111030100997E-14 
 0.191425592502106 	 2.8081530930507E-13 	 1.9255191759757E-13 	 8.82633917075004E-14 
 0.191866874067026 	 2.83010558288555E-13 	 1.94090003031941E-13 	 8.89205552566136E-14 
 0.192309172891013 	 2.85224501796564E-13 	 1.95642023004522E-13 	 8.95824787920414E-14 
 0.192752491319091 	 2.87457058204004E-13 	 1.97208016854814E-13 	 9.02490413491901E-14 
 0.193196831701689 	 2.89708128571894E-13 	 1.98788012563206E-13 	 9.09201160086885E-14 
 0.193642196394658 	 2.91977596413718E-13 	 2.00382026347272E-13 	 9.15955700664456E-14 
 0.194088587759275 	 2.94265327506991E-13 	 2.01990062276967E-13 	 9.22752652300246E-14 
 0.194536008162263 	 2.96571169753347E-13 	 2.03612111911429E-13 	 9.29590578419187E-14 
 0.194984459975802 	 2.98894953090299E-13 	 2.05248153960116E-13 	 9.36467991301827E-14 
 0.195433945577536 	 3.01236489457819E-13 	 2.06898153971053E-13 	 9.43383354867652E-14 
 0.195884467350596 	 3.03595572822687E-13 	 2.0856206404896E-13 	 9.50335087737279E-14 
 0.196336027683602 	 3.05971979263465E-13 	 2.10239822606054E-13 	 9.57321566574108E-14 
 0.196788628970681 	 3.08365467118701E-13 	 2.11931354148271E-13 	 9.64341129704307E-14 
 0.197242273611482 	 3.10775777200839E-13 	 2.136365690996E-13 	 9.71392081012389E-14 
 0.197696964011183 	 3.13202633077975E-13 	 2.15355363667178E-13 	 9.78472694107961E-14 
 0.198152702580507 	 3.15645741425402E-13 	 2.17087619749665E-13 	 9.85581216757375E-14 
 0.198609491735734 	 3.18104792448533E-13 	 2.18833204891316E-13 	 9.92715875572172E-14 
 0.199067333898716 	 3.20579460378472E-13 	 2.20591972284032E-13 	 9.998748809444E-14 
 0.199526231496885 	 3.23069404041161E-13 	 2.2236376081947E-13 	 1.00705643221692E-13 
 0.199986186963271 	 3.25574267500624E-13 	 2.24148395193129E-13 	 1.01425872307496E-13 
 0.200447202736513 	 3.2809368077644E-13 	 2.25945686062104E-13 	 1.02147994714336E-13 
 0.20090928126087 	 3.30627260635136E-13 	 2.27755430257941E-13 	 1.02871830377195E-13 
 0.201372424986236 	 3.33174611454778E-13 	 2.29577411055784E-13 	 1.03597200398994E-13 
 0.201836636368153 	 3.35735326161551E-13 	 2.3141139850072E-13 	 1.04323927660832E-13 
 0.202301917867824 	 3.38308987236683E-13 	 2.33257149791909E-13 	 1.05051837444775E-13 
 0.202768271952125 	 3.40895167791586E-13 	 2.35114409724791E-13 	 1.05780758066795E-13 
 0.203235701093619 	 3.4349343270863E-13 	 2.36982911191319E-13 	 1.06510521517311E-13 
 0.203704207770568 	 3.46103339844498E-13 	 2.38862375737812E-13 	 1.07240964106686E-13 
 0.20417379446695 	 3.4872444129262E-13 	 2.40752514179718E-13 	 1.07971927112902E-13 
 0.204644463672464 	 3.51356284700729E-13 	 2.42653027272147E-13 	 1.08703257428582E-13 
 0.205116217882553 	 3.539984146392E-13 	 2.44563606434757E-13 	 1.09434808204444E-13 
 0.205589059598411 	 3.56650374015374E-13 	 2.46483934529157E-13 	 1.10166439486217E-13 
 0.206062991326997 	 3.59311705528761E-13 	 2.48413686686692E-13 	 1.10898018842069E-13 
 0.206538015581049 	 3.61981953161631E-13 	 2.50352531184082E-13 	 1.11629421977549E-13 
 0.207014134879101 	 3.64660663699229E-13 	 2.52300130364119E-13 	 1.1236053333511E-13 
 0.207491351745487 	 3.67347388273552E-13 	 2.54256141598255E-13 	 1.13091246675297E-13 
 0.207969668710366 	 3.70041683924458E-13 	 2.56220218287679E-13 	 1.13821465636779E-13 
 0.208449088309725 	 3.7274311517164E-13 	 2.58192010899148E-13 	 1.14551104272491E-13 
 0.2089296130854 	 3.75451255590919E-13 	 2.60171168031668E-13 	 1.15280087559251E-13 
 0.209411245585086 	 3.78165689388199E-13 	 2.6215733750982E-13 	 1.16008351878379E-13 
 0.209893988362349 	 3.80886012964421E-13 	 2.64150167499427E-13 	 1.16735845464994E-13 
 0.210377843976644 	 3.83611836464858E-13 	 2.66149307641033E-13 	 1.17462528823825E-13 
 0.210862814993325 	 3.86342785306168E-13 	 2.68154410196587E-13 	 1.18188375109581E-13 
 0.211348903983661 	 3.89078501674752E-13 	 2.70165131204633E-13 	 1.18913370470119E-13 
 0.211836113524847 	 3.91818645990118E-13 	 2.72181131639242E-13 	 1.19637514350877E-13 
 0.212324446200018 	 3.94562898327184E-13 	 2.74202078567944E-13 	 1.20360819759241E-13 
 0.212813904598267 	 3.97310959791678E-13 	 2.76227646303896E-13 	 1.21083313487782E-13 
 0.213304491314654 	 4.00062553843135E-13 	 2.7825751754763E-13 	 1.21805036295504E-13 
 0.213796208950219 	 4.02817427560268E-13 	 2.80291384513766E-13 	 1.22526043046502E-13 
 0.214289060112002 	 4.05575352843909E-13 	 2.82328950038248E-13 	 1.23246402805661E-13 
 0.21478304741305 	 4.08336127553046E-13 	 2.84369928661791E-13 	 1.23966198891255E-13 
 0.215278173472433 	 4.11099576569942E-13 	 2.86414047685395E-13 	 1.24685528884547E-13 
 0.215774440915263 	 4.13865552790724E-13 	 2.88461048194031E-13 	 1.25404504596692E-13 
 0.216271852372698 	 4.16633938038272E-13 	 2.90510686044813E-13 	 1.26123251993459E-13 
 0.216770410481966 	 4.19404643894683E-13 	 2.92562732816195E-13 	 1.26841911078487E-13 
 0.217270117886371 	 4.22177612451033E-13 	 2.9461697671506E-13 	 1.27560635735972E-13 
 0.217770977235312 	 4.249528169726E-13 	 2.96673223438782E-13 	 1.28279593533818E-13 
 0.218272991184296 	 4.27730262478141E-13 	 2.98731296989677E-13 	 1.28998965488463E-13 
 0.218776162394951 	 4.30509986232227E-13 	 3.00791040439533E-13 	 1.29718945792694E-13 
 0.219280493535041 	 4.33292058150057E-13 	 3.02852316642189E-13 	 1.30439741507868E-13 
 0.219785987278478 	 4.36076581114518E-13 	 3.04915008892471E-13 	 1.31161572222047E-13 
 0.220292646305342 	 4.38863691205639E-13 	 3.06979021530029E-13 	 1.3188466967561E-13 
 0.220800473301886 	 4.41653557842876E-13 	 3.09044280486936E-13 	 1.3260927735594E-13 
 0.22130947096056 	 4.44446383840979E-13 	 3.11110733778169E-13 	 1.3333565006281E-13 
 0.221819641980018 	 4.47242405380406E-13 	 3.13178351934332E-13 	 1.34064053446074E-13 
 0.222330989065136 	 4.50041891893498E-13 	 3.15247128376236E-13 	 1.34794763517262E-13 
 0.222843514927026 	 4.52845145867798E-13 	 3.17317079731183E-13 	 1.35528066136615E-13 
 0.223357222283049 	 4.55652502567998E-13 	 3.19388246090943E-13 	 1.36264256477055E-13 
 0.22387211385683 	 4.58464329678133E-13 	 3.21460691211664E-13 	 1.37003638466469E-13 
 0.224388192378272 	 4.61281026865694E-13 	 3.23534502656045E-13 	 1.3774652420965E-13 
 0.224905460583574 	 4.64103025269318E-13 	 3.25609791878259E-13 	 1.38493233391059E-13 
 0.225423921215239 	 4.66930786911724E-13 	 3.27686694252211E-13 	 1.39244092659513E-13 
 0.225943577022094 	 4.69764804039508E-13 	 3.29765369043772E-13 	 1.39999434995736E-13 
 0.226464430759302 	 4.72605598391285E-13 	 3.3184599932771E-13 	 1.40759599063575E-13 
 0.226986485188378 	 4.75453720395596E-13 	 3.33928791850021E-13 	 1.41524928545575E-13 
 0.227509743077203 	 4.78309748299796E-13 	 3.360139768364E-13 	 1.42295771463396E-13 
 0.228034207200037 	 4.81174287230999E-13 	 3.38101807747524E-13 	 1.43072479483475E-13 
 0.228559880337539 	 4.84047968189935E-13 	 3.40192560981801E-13 	 1.43855407208134E-13 
 0.229086765276773 	 4.86931446978368E-13 	 3.42286535526137E-13 	 1.44644911452232E-13 
 0.229614864811232 	 4.89825403060472E-13 	 3.44384052555183E-13 	 1.45441350505289E-13 
 0.230144181740846 	 4.92730538358339E-13 	 3.46485454979427E-13 	 1.46245083378912E-13 
 0.230674718872002 	 4.95647575981518E-13 	 3.48591106942313E-13 	 1.47056469039206E-13 
 0.231206479017555 	 4.98577258890257E-13 	 3.50701393266488E-13 	 1.47875865623769E-13 
 0.231739464996843 	 5.0152034849182E-13 	 3.52816718849042E-13 	 1.48703629642778E-13 
 0.232273679635706 	 5.04477623169072E-13 	 3.5493750800548E-13 	 1.49540115163593E-13 
 0.232809125766496 	 5.07449876740227E-13 	 3.57064203761975E-13 	 1.50385672978252E-13 
 0.233345806228096 	 5.10437916848475E-13 	 3.59197267095237E-13 	 1.51240649753238E-13 
 0.233883723865931 	 5.13442563280014E-13 	 3.61337176119174E-13 	 1.5210538716084E-13 
 0.234422881531988 	 5.16464646208824E-13 	 3.63484425217319E-13 	 1.52980220991505E-13 
 0.234963282084826 	 5.195050043664E-13 	 3.65639524119798E-13 	 1.53865480246602E-13 
 0.235504928389596 	 5.22564483134589E-13 	 3.67802996923467E-13 	 1.54761486211122E-13 
 0.236047823318053 	 5.25643932559604E-13 	 3.69975381053659E-13 	 1.55668551505945E-13 
 0.236591969748571 	 5.28744205285313E-13 	 3.72157226165839E-13 	 1.56586979119474E-13 
 0.237137370566161 	 5.31866154403951E-13 	 3.74349092985335E-13 	 1.57517061418616E-13 
 0.237684028662483 	 5.35010631222552E-13 	 3.76551552083224E-13 	 1.58459079139328E-13 
 0.238231946935864 	 5.38178482943588E-13 	 3.78765182586361E-13 	 1.59413300357227E-13 
 0.238781128291313 	 5.41370550258566E-13 	 3.80990570819509E-13 	 1.60379979439058E-13 
 0.239331575640534 	 5.44587664853722E-13 	 3.8322830887753E-13 	 1.61359355976192E-13 
 0.239883291901944 	 5.47830646827364E-13 	 3.85478993125658E-13 	 1.62351653701705E-13 
 0.240436280000688 	 5.51100302018985E-13 	 3.87743222625929E-13 	 1.63357079393056E-13 
 0.240990542868655 	 5.54397419250901E-13 	 3.90021597488062E-13 	 1.64375821762838E-13 
 0.241546083444489 	 5.57722767483882E-13 	 3.92314717143251E-13 	 1.65408050340631E-13 
 0.242102904673613 	 5.61077092889146E-13 	 3.94623178539614E-13 	 1.66453914349532E-13 
 0.242661009508237 	 5.6446111584E-13 	 3.96947574258444E-13 	 1.67513541581557E-13 
 0.243220400907377 	 5.67875527827501E-13 	 3.99288490550777E-13 	 1.68587037276725E-13 
 0.24378108183687 	 5.71320988305691E-13 	 4.01646505294363E-13 	 1.69674483011329E-13 
 0.244343055269392 	 5.7479812147326E-13 	 4.04022185871685E-13 	 1.70775935601575E-13 
 0.244906324184469 	 5.78307512999859E-13 	 4.06416086970384E-13 	 1.71891426029475E-13 
 0.245470891568498 	 5.81849706706834E-13 	 4.08828748308214E-13 	 1.7302095839862E-13 
 0.246036760414758 	 5.85425201213714E-13 	 4.11260692285551E-13 	 1.74164508928163E-13 
 0.246603933723429 	 5.89034446563465E-13 	 4.13712421569394E-13 	 1.75322024994071E-13 
 0.247172414501608 	 5.92677840841314E-13 	 4.16184416613918E-13 	 1.76493424227396E-13 
 0.247742205763323 	 5.9635572680371E-13 	 4.18677133123735E-13 	 1.77678593679975E-13 
 0.248313310529552 	 6.00068388535875E-13 	 4.21190999467269E-13 	 1.78877389068606E-13 
 0.248885731828234 	 6.03816048158227E-13 	 4.23726414048948E-13 	 1.80089634109278E-13 
 0.24945947269429 	 6.07598862603866E-13 	 4.26283742650301E-13 	 1.81315119953564E-13 
 0.250034536169638 	 6.11416920491058E-13 	 4.28863315751441E-13 	 1.82553604739617E-13 
 0.250610925303206 	 6.15270239116468E-13 	 4.31465425845912E-13 	 1.83804813270556E-13 
 0.251188643150953 	 6.1915876159649E-13 	 4.34090324763344E-13 	 1.85068436833146E-13 
 0.25176769277588 	 6.23082354185534E-13 	 4.36738221015846E-13 	 1.86344133169688E-13 
 0.252348077248052 	 6.27040803801462E-13 	 4.39409277185542E-13 	 1.8763152661592E-13 
 0.252929799644609 	 6.31033815789415E-13 	 4.42103607372057E-13 	 1.88930208417358E-13 
 0.253512863049785 	 6.35061011956156E-13 	 4.44821274720134E-13 	 1.90239737236021E-13 
 0.254097270554925 	 6.39121928907497E-13 	 4.47562289048754E-13 	 1.91559639858743E-13 
 0.254683025258499 	 6.43216016721603E-13 	 4.50326604604287E-13 	 1.92889412117316E-13 
 0.255270130266119 	 6.47342637990683E-13 	 4.53114117961098E-13 	 1.94228520029585E-13 
 0.255858588690559 	 6.51501067262923E-13 	 4.55924666093771E-13 	 1.95576401169152E-13 
 0.256448403651766 	 6.55690490915394E-13 	 4.5875802464563E-13 	 1.96932466269764E-13 
 0.257039578276881 	 6.59910007487032E-13 	 4.61613906418446E-13 	 1.98296101068585E-13 
 0.257632115700252 	 6.64158628498615E-13 	 4.64491960108141E-13 	 1.99666668390474E-13 
 0.258226019063454 	 6.6843527978404E-13 	 4.67391769310937E-13 	 2.01043510473102E-13 
 0.258821291515303 	 6.72738803353928E-13 	 4.7031285182363E-13 	 2.02425951530297E-13 
 0.259417936211876 	 6.77067959808912E-13 	 4.7325465926056E-13 	 2.03813300548352E-13 
 0.260015956316521 	 6.81421431315673E-13 	 4.76216577008369E-13 	 2.05204854307303E-13 
 0.260615354999884 	 6.85797825154055E-13 	 4.79197924537741E-13 	 2.06599900616313E-13 
 0.261216135439915 	 6.90195677838478E-13 	 4.82197956089065E-13 	 2.07997721749413E-13 
 0.261818300821893 	 6.94613459811257E-13 	 4.85215861746308E-13 	 2.09397598064949E-13 
 0.262421854338438 	 6.99049580699602E-13 	 4.88250768910394E-13 	 2.10798811789207E-13 
 0.263026799189532 	 7.03502395121983E-13 	 4.91301744180034E-13 	 2.12200650941949E-13 
 0.263633138582532 	 7.07970209023257E-13 	 4.94367795644315E-13 	 2.13602413378943E-13 
 0.264240875732189 	 7.1245128651171E-13 	 4.97447875587496E-13 	 2.15003410924214E-13 
 0.264850013860664 	 7.16943857164864E-13 	 5.0054088360234E-13 	 2.16402973562525E-13 
 0.265460556197548 	 7.21446123764895E-13 	 5.03645670104092E-13 	 2.17800453660803E-13 
 0.266072505979875 	 7.25956270418663E-13 	 5.06761040232935E-13 	 2.19195230185728E-13 
 0.266685866452142 	 7.30472471011983E-13 	 5.09885758128414E-13 	 2.20586712883568E-13 
 0.267300640866325 	 7.34992897942874E-13 	 5.13018551555119E-13 	 2.21974346387755E-13 
 0.267916832481897 	 7.39515731074222E-13 	 5.16158116854819E-13 	 2.23357614219403E-13 
 0.268534444565845 	 7.44039166842719E-13 	 5.19303124196384E-13 	 2.24736042646335E-13 
 0.269153480392685 	 7.48561427458118E-13 	 5.2245222309127E-13 	 2.26109204366848E-13 
 0.269773943244486 	 7.53080770124896E-13 	 5.2560404813916E-13 	 2.27476721985735E-13 
 0.270395836410878 	 7.57595496217336E-13 	 5.28757224965559E-13 	 2.28838271251778E-13 
 0.271019163189078 	 7.62103960338923E-13 	 5.31910376310898E-13 	 2.30193584028025E-13 
 0.271643926883902 	 7.66604579197708E-13 	 5.35062128228929E-13 	 2.31542450968778E-13 
 0.272270130807785 	 7.71095840231063E-13 	 5.38211116350999E-13 	 2.32884723880064E-13 
 0.272897778280798 	 7.75576309915828E-13 	 5.41355992172195E-13 	 2.34220317743633E-13 
 0.273526872630665 	 7.80044641703332E-13 	 5.44495429315335E-13 	 2.35549212387997E-13 
 0.274157417192782 	 7.84499583523021E-13 	 5.47628129729353E-13 	 2.36871453793668E-13 
 0.274789415310233 	 7.88939984803309E-13 	 5.5075282977976E-13 	 2.38187155023549E-13 
 0.27542287033381 	 7.93364802963841E-13 	 5.53868306190564E-13 	 2.39496496773277E-13 
 0.276057785622028 	 7.97773109339284E-13 	 5.56973381799183E-13 	 2.40799727540101E-13 
 0.276694164541145 	 8.0216409450116E-13 	 5.60066931088553E-13 	 2.42097163412607E-13 
 0.277332010465178 	 8.06537072950757E-13 	 5.63147885463605E-13 	 2.43389187487152E-13 
 0.277971326775922 	 8.10891487162856E-13 	 5.66215238242648E-13 	 2.44676248920207E-13 
 0.27861211686297 	 8.15226910966638E-13 	 5.69268049337763E-13 	 2.45958861628875E-13 
 0.279254384123727 	 8.195430522566E-13 	 5.72305449602036E-13 	 2.47237602654564E-13 
 0.27989813196343 	 8.23839755032564E-13 	 5.75326644825356E-13 	 2.48513110207208E-13 
 0.280543363795165 	 8.28117000773672E-13 	 5.78330919364292E-13 	 2.4978608140938E-13 
 0.281190083039887 	 8.32374909156646E-13 	 5.81317639395407E-13 	 2.5105726976124E-13 
 0.281838293126439 	 8.36613738133422E-13 	 5.84286255785033E-13 	 2.52327482348388E-13 
 0.282487997491564 	 8.40833883387457E-13 	 5.87236306571987E-13 	 2.53597576815471E-13 
 0.283139199579931 	 8.45035877191592E-13 	 5.90167419062965E-13 	 2.54868458128627E-13 
 0.283791902844149 	 8.4922038669315E-13 	 5.93079311543289E-13 	 2.56141075149862E-13 
 0.284446110744785 	 8.53388211654163E-13 	 5.95971794608252E-13 	 2.57416417045911E-13 
 0.285101826750384 	 8.57540281675948E-13 	 5.98844772122575E-13 	 2.58695509553373E-13 
 0.285759054337488 	 8.61677652938066E-13 	 6.01698241817289E-13 	 2.59979411120777E-13 
 0.286417796990651 	 8.6580150448166E-13 	 6.0453229553481E-13 	 2.6126920894685E-13 
 0.287078058202462 	 8.69913134066621E-13 	 6.07347119133994E-13 	 2.62566014932627E-13 
 0.28773984147356 	 8.74013953630809E-13 	 6.10142992067547E-13 	 2.63870961563262E-13 
 0.288403150312654 	 8.78105484377842E-13 	 6.12920286644413E-13 	 2.65185197733429E-13 
 0.28906798823654 	 8.8218935151776E-13 	 6.15679466989556E-13 	 2.66509884528204E-13 
 0.289734358770125 	 8.8626727868229E-13 	 6.18421087713056E-13 	 2.67846190969234E-13 
 0.290402265446438 	 8.9034108203348E-13 	 6.21145792299555E-13 	 2.69195289733925E-13 
 0.291071711806653 	 8.94412664081343E-13 	 6.2385431122796E-13 	 2.70558352853382E-13 
 0.291742701400109 	 8.98484007222772E-13 	 6.26547459829864E-13 	 2.71936547392908E-13 
 0.292415237784326 	 9.0255716701059E-13 	 6.29226135893526E-13 	 2.73331031117064E-13 
 0.293089324525025 	 9.06634265158141E-13 	 6.31891317018447E-13 	 2.74742948139694E-13 
 0.293764965196146 	 9.10717482281518E-13 	 6.34544057723584E-13 	 2.76173424557933E-13 
 0.294442163379869 	 9.14809050378271E-13 	 6.37185486310252E-13 	 2.77623564068019E-13 
 0.295120922666631 	 9.18911245038545E-13 	 6.39816801478657E-13 	 2.79094443559888E-13 
 0.295801246655147 	 9.23026377381903E-13 	 6.42439268694923E-13 	 2.8058710868698E-13 
 0.296483138952427 	 9.27156785710906E-13 	 6.45054216303487E-13 	 2.82102569407419E-13 
 0.297166603173795 	 9.31304826870713E-13 	 6.47663031377799E-13 	 2.83641795492914E-13 
 0.297851642942911 	 9.35472867302781E-13 	 6.50267155300524E-13 	 2.85205712002256E-13 
 0.298538261891788 	 9.39663273780156E-13 	 6.52868079062933E-13 	 2.86795194717223E-13 
 0.299226463660811 	 9.43878403811961E-13 	 6.55467338271862E-13 	 2.88411065540099E-13 
 0.299916251898757 	 9.48120595705575E-13 	 6.58066507851709E-13 	 2.90054087853866E-13 
 0.300607630262815 	 9.52392158276752E-13 	 6.60667196428374E-13 	 2.91724961848378E-13 
 0.301300602418604 	 9.56695360200529E-13 	 6.63271040381885E-13 	 2.93424319818644E-13 
 0.301995172040194 	 9.61032418999424E-13 	 6.65879697554884E-13 	 2.95152721444541E-13 
 0.302691342810123 	 9.65405489669997E-13 	 6.68494840604988E-13 	 2.96910649065009E-13 
 0.303389118419419 	 9.69816652954564E-13 	 6.71118149990638E-13 	 2.98698502963926E-13 
 0.30408850256762 	 9.74267903271601E-13 	 6.73751306582172E-13 	 3.00516596689429E-13 
 0.30478949896279 	 9.78761136326266E-13 	 6.76395983892788E-13 	 3.02365152433478E-13 
 0.305492111321543 	 9.83298136431403E-13 	 6.79053839927667E-13 	 3.04244296503736E-13 
 0.30619634336906 	 9.87880563579477E-13 	 6.81726508653998E-13 	 3.06154054925479E-13 
 0.306902198839108 	 9.92509940316919E-13 	 6.84415591099835E-13 	 3.08094349217084E-13 
 0.307609681474063 	 9.97187638484366E-13 	 6.87122646095811E-13 	 3.10064992388555E-13 
 0.308318795024927 	 1.00191486589909E-12 	 6.89849180680618E-13 	 3.12065685218468E-13 
 0.309029543251351 	 1.00669265306934E-12 	 6.92596640198803E-13 	 3.14096012870537E-13 
 0.30974192992165 	 1.01152184004435E-12 	 6.95366398127892E-13 	 3.16155441916454E-13 
 0.310455958812827 	 1.01640306351762E-12 	 6.98159745680954E-13 	 3.18243317836661E-13 
 0.311171633710594 	 1.0213367443155E-12 	 7.00977881240385E-13 	 3.20358863075115E-13 
 0.311888958409386 	 1.02632307541633E-12 	 7.03821899688826E-13 	 3.22501175727502E-13 
 0.312607936712387 	 1.03136201065836E-12 	 7.06692781713557E-13 	 3.24669228944799E-13 
 0.31332857243155 	 1.03645325430627E-12 	 7.09591383171159E-13 	 3.26861871135111E-13 
 0.314050869387613 	 1.04159625165584E-12 	 7.12518424609616E-13 	 3.29077827046223E-13 
 0.314774831410123 	 1.04679018086398E-12 	 7.15474481054903E-13 	 3.31315699809078E-13 
 0.315500462337454 	 1.05203394619647E-12 	 7.18459972178306E-13 	 3.33573974018168E-13 
 0.31622776601683 	 1.05732617288743E-12 	 7.21475152968927E-13 	 3.35851019918501E-13 
 0.316956746304341 	 1.06266520380267E-12 	 7.2452010504249E-13 	 3.38145098760178E-13 
 0.317687407064969 	 1.06804909809343E-12 	 7.27594728722754E-13 	 3.40454369370674E-13 
 0.318419752172604 	 1.07347563201628E-12 	 7.30698736034703E-13 	 3.42776895981572E-13 
 0.319153785510068 	 1.07894230208019E-12 	 7.33831644749337E-13 	 3.45110657330849E-13 
 0.319889510969131 	 1.0844463306617E-12 	 7.3699277361776E-13 	 3.4745355704394E-13 
 0.320626932450538 	 1.08998467420417E-12 	 7.4018123892719E-13 	 3.49803435276977E-13 
 0.321366053864023 	 1.09555403408745E-12 	 7.43395952503377E-13 	 3.52158081584069E-13 
 0.322106879128335 	 1.1011508702201E-12 	 7.46635621272409E-13 	 3.54515248947691E-13 
 0.322849412171255 	 1.10677141736791E-12 	 7.49898748480269E-13 	 3.56872668887637E-13 
 0.32359365692962 	 1.1124117041907E-12 	 7.53183636650552E-13 	 3.59228067540153E-13 
 0.32433961734934 	 1.11806757491532E-12 	 7.56488392339907E-13 	 3.61579182575416E-13 
 0.325087297385426 	 1.12373471352632E-12 	 7.59810932727226E-13 	 3.63923780799089E-13 
 0.325836701002 	 1.1294086703098E-12 	 7.63148994046724E-13 	 3.66259676263074E-13 
 0.326587832172327 	 1.13508489053991E-12 	 7.66500141847576E-13 	 3.68584748692336E-13 
 0.327340694878829 	 1.14075874505366E-12 	 7.69861783034075E-13 	 3.70896962019584E-13 
 0.32809529311311 	 1.14642556241944E-12 	 7.73231179611245E-13 	 3.73194382808196E-13 
 0.328851630875974 	 1.15208066236872E-12 	 7.76605464032143E-13 	 3.7547519833658E-13 
 0.329609712177449 	 1.15771939013017E-12 	 7.79981656015572E-13 	 3.77737734114602E-13 
 0.330369541036806 	 1.16333715128229E-12 	 7.83356680677285E-13 	 3.79980470605005E-13 
 0.331131121482582 	 1.16892944672489E-12 	 7.86727387794877E-13 	 3.82202058930014E-13 
 0.331894457552601 	 1.17449190736244E-12 	 7.90090572006984E-13 	 3.84401335355458E-13 
 0.332659553293995 	 1.18002032809342E-12 	 7.93442993731826E-13 	 3.86577334361594E-13 
 0.333426412763226 	 1.18551070070977E-12 	 7.96781400578935E-13 	 3.88729300130837E-13 
 0.334195040026105 	 1.19095924532888E-12 	 8.00102549021474E-13 	 3.90856696307404E-13 
 0.334965439157818 	 1.19636244000655E-12 	 8.03403226094983E-13 	 3.92959213911569E-13 
 0.335737614242945 	 1.20171704821295E-12 	 8.06680270891713E-13 	 3.95036777321237E-13 
 0.336511569375481 	 1.20702014389255E-12 	 8.09930595627769E-13 	 3.97089548264786E-13 
 0.337287308658859 	 1.21226913387348E-12 	 8.13151206072657E-13 	 3.99117927800826E-13 
 0.338064836205972 	 1.21746177743901E-12 	 8.1633922114719E-13 	 4.01122556291818E-13 
 0.338844156139193 	 1.22259620292364E-12 	 8.19491891515349E-13 	 4.03104311408287E-13 
 0.339625272590399 	 1.22767092124614E-12 	 8.22606617017928E-13 	 4.05064304228214E-13 
 0.340408189700991 	 1.23268483634105E-12 	 8.2568096282003E-13 	 4.07003873521024E-13 
 0.341192911621919 	 1.23763725249686E-12 	 8.28712674169703E-13 	 4.08924578327159E-13 
 0.341979442513699 	 1.24252787865252E-12 	 8.31699689690669E-13 	 4.10828188961855E-13 
 0.342767786546441 	 1.24735682974264E-12 	 8.34640153157335E-13 	 4.12716676585303E-13 
 0.343557947899865 	 1.25212462521507E-12 	 8.37532423724407E-13 	 4.14592201490666E-13 
 0.344349930763329 	 1.25683218487232E-12 	 8.40375084605894E-13 	 4.16457100266427E-13 
 0.345143739335846 	 1.26148082220907E-12 	 8.43166950218544E-13 	 4.18313871990522E-13 
 0.345939377826112 	 1.26607223543316E-12 	 8.45907071822408E-13 	 4.20165163610755E-13 
 0.346736850452522 	 1.27060849636558E-12 	 8.48594741705915E-13 	 4.22013754659665E-13 
 0.347536161443196 	 1.27509203741705E-12 	 8.51229495974512E-13 	 4.23862541442538E-13 
 0.348337315036002 	 1.27952563683577E-12 	 8.53811116010345E-13 	 4.25714520825426E-13 
 0.349140315478576 	 1.28391240241175E-12 	 8.56339628675734E-13 	 4.27572773736016E-13 
 0.349945167028347 	 1.28825575381038E-12 	 8.58815305335432E-13 	 4.29440448474945E-13 
 0.350751873952558 	 1.29255940369088E-12 	 8.61238659771977E-13 	 4.31320743918905E-13 
 0.351560440528288 	 1.29682733774552E-12 	 8.63610445065171E-13 	 4.33216892680352E-13 
 0.352370871042477 	 1.3010637937734E-12 	 8.65931649501065E-13 	 4.35132144272335E-13 
 0.353183169791947 	 1.30527323987938E-12 	 8.68203491568159E-13 	 4.37069748311225E-13 
 0.353997341083424 	 1.30946035186486E-12 	 8.70427414089246E-13 	 4.39032937775616E-13 
 0.354813389233565 	 1.31362998985319E-12 	 8.72605077526642E-13 	 4.41024912326546E-13 
 0.355631318568975 	 1.3177871741701E-12 	 8.74738352487071E-13 	 4.4304882168303E-13 
 0.356451133426234 	 1.32193706047815E-12 	 8.76829311440353E-13 	 4.45107749037793E-13 
 0.357272838151918 	 1.32608491414531E-12 	 8.78880219653819E-13 	 4.47204694491486E-13 
 0.358096437102625 	 1.33023608381205E-12 	 8.8089352533233E-13 	 4.49342558479725E-13 
 0.358921934644995 	 1.3343959741085E-12 	 8.82871848942352E-13 	 4.51524125166146E-13 
 0.359749335155732 	 1.33857001746465E-12 	 8.84817971688017E-13 	 4.53752045776633E-13 
 0.360578643021632 	 1.34276364495286E-12 	 8.8673482309791E-13 	 4.56028821854948E-13 
 0.361409862639603 	 1.34698225610219E-12 	 8.88625467673846E-13 	 4.58356788428345E-13 
 0.362242998416688 	 1.35123118763082E-12 	 8.90493090547391E-13 	 4.6073809708343E-13 
 0.36307805477009 	 1.35551568105446E-12 	 8.92340982086875E-13 	 4.63174698967589E-13 
 0.363915036127196 	 1.359840849147E-12 	 8.94172521397316E-13 	 4.65668327749688E-13 
 0.364753946925597 	 1.36421164125393E-12 	 8.95991158658566E-13 	 4.68220482595369E-13 
 0.365594791613114 	 1.36863280749028E-12 	 8.97800396253271E-13 	 4.70832411237012E-13 
 0.366437574647822 	 1.37310886189237E-12 	 8.99603768646385E-13 	 4.73505093245984E-13 
 0.367282300498074 	 1.377644044637E-12 	 9.01404820992158E-13 	 4.76239223644842E-13 
 0.36812897364252 	 1.3822422834922E-12 	 9.03207086463022E-13 	 4.7903519702918E-13 
 0.368977598570139 	 1.38690715471997E-12 	 9.05014062317801E-13 	 4.81893092402169E-13 
 0.369828179780255 	 1.39164184371287E-12 	 9.06829184754124E-13 	 4.84812658958744E-13 
 0.370680721782565 	 1.39644910571183E-12 	 9.08655802621945E-13 	 4.87793303089885E-13 
 0.371535229097161 	 1.40133122702047E-12 	 9.10497150111185E-13 	 4.90834076909284E-13 
 0.372391706254557 	 1.40628998720027E-12 	 9.12356318566598E-13 	 4.9393366863367E-13 
 0.373250157795709 	 1.4113266227987E-12 	 9.14236227626118E-13 	 4.97090395172584E-13 
 0.374110588272042 	 1.41644179322646E-12 	 9.16139595924571E-13 	 5.00302197301885E-13 
 0.374973002245472 	 1.42163554945738E-12 	 9.18068911651409E-13 	 5.03566637805974E-13 
 0.375837404288433 	 1.42690730627281E-12 	 9.20026403297862E-13 	 5.0688090297495E-13 
 0.376703798983897 	 1.43225581880686E-12 	 9.22014010973946E-13 	 5.10241807832911E-13 
 0.377572190925404 	 1.43767916416808E-12 	 9.24033358717193E-13 	 5.13645805450884E-13 
 0.378442584717082 	 1.44317472891216E-12 	 9.2608572825101E-13 	 5.17089000661148E-13 
 0.37931498497367 	 1.44873920311694E-12 	 9.28172034678916E-13 	 5.20567168438022E-13 
 0.380189396320549 	 1.45436858176275E-12 	 9.30292804619516E-13 	 5.24075777143231E-13 
 0.381065823393761 	 1.46005817404584E-12 	 9.32448157293957E-13 	 5.27610016751884E-13 
 0.381944270840035 	 1.46580262114966E-12 	 9.3463778907085E-13 	 5.31164832078812E-13 
 0.382824743316811 	 1.47159592286823E-12 	 9.36860961951824E-13 	 5.34734960916406E-13 
 0.383707245492267 	 1.47743147331934E-12 	 9.39116496442946E-13 	 5.38314976876397E-13 
 0.384591782045342 	 1.48330210580581E-12 	 9.41402769202808E-13 	 5.41899336602998E-13 
 0.38547835766576 	 1.48920014668465E-12 	 9.43717715787478E-13 	 5.45482430897172E-13 
 0.386366977054057 	 1.49511747789311E-12 	 9.46058838726663E-13 	 5.4905863916645E-13 
 0.387257644921605 	 1.50104560756324E-12 	 9.4842322106653E-13 	 5.5262238649671E-13 
 0.388150365990636 	 1.50697574794182E-12 	 9.50807545405004E-13 	 5.56168202536816E-13 
 0.389045144994268 	 1.512898899628E-12 	 9.5320811832876E-13 	 5.59690781299243E-13 
 0.389941986676531 	 1.51880594095564E-12 	 9.55620900041271E-13 	 5.63185040914374E-13 
 0.39084089579239 	 1.52468772118977E-12 	 9.5804153885287E-13 	 5.66646182336899E-13 
 0.391741877107771 	 1.53053515608381E-12 	 9.60465410091102E-13 	 5.70069745992703E-13 
 0.392644935399587 	 1.53633932426262E-12 	 9.62887658887456E-13 	 5.73451665375168E-13 
 0.393550075455765 	 1.54209156286012E-12 	 9.65303246208909E-13 	 5.76788316651212E-13 
 0.394457302075266 	 1.54778356085135E-12 	 9.67706997433149E-13 	 5.80076563418198E-13 
 0.395366620068115 	 1.5534074485778E-12 	 9.70093652717633E-13 	 5.8331379586017E-13 
 0.396278034255427 	 1.55895588206817E-12 	 9.72457918386536E-13 	 5.86497963681633E-13 
 0.397191549469428 	 1.56442212090042E-12 	 9.74794518556702E-13 	 5.89627602343722E-13 
 0.398107170553485 	 1.56980009852888E-12 	 9.77098246243573E-13 	 5.92701852285306E-13 
 0.399024902362129 	 1.57508448420246E-12 	 9.79364013229024E-13 	 5.95720470973438E-13 
 0.399944749761085 	 1.58027073582E-12 	 9.81586898032652E-13 	 5.98683837787347E-13 
 0.40086671762729 	 1.58535514329419E-12 	 9.83762191402917E-13 	 6.01592951891271E-13 
 0.401790810848927 	 1.59033486221954E-12 	 9.85885438830987E-13 	 6.04449423388554E-13 
 0.402717034325446 	 1.5952079378514E-12 	 9.87952479683629E-13 	 6.07255458167773E-13 
 0.403645392967592 	 1.59997331959609E-12 	 9.89959482648271E-13 	 6.10013836947818E-13 
 0.40457589169743 	 1.60463086637964E-12 	 9.91902977278972E-13 	 6.12727889100667E-13 
 0.405508535448371 	 1.60918134340026E-12 	 9.93779881523144E-13 	 6.15401461877113E-13 
 0.4064433291652 	 1.61362641087444E-12 	 9.95587525192123E-13 	 6.18038885682322E-13 
 0.4073802778041 	 1.61796860545806E-12 	 9.97323669411833E-13 	 6.20644936046228E-13 
 0.408319386332679 	 1.62221131506171E-12 	 9.98986522150943E-13 	 6.23224792910769E-13 
 0.409260659729997 	 1.62635874778685E-12 	 1.00057474997204E-12 	 6.25783997814812E-13 
 0.410204102986593 	 1.63041589568816E-12 	 1.00208748618611E-12 	 6.28328409502046E-13 
 0.411149721104509 	 1.63438849402282E-12 	 1.00352433561229E-12 	 6.30864158410526E-13 
 0.412097519097317 	 1.63828297658299E-12 	 1.00488537615382E-12 	 6.33397600429172E-13 
 0.413047501990148 	 1.64210642762871E-12 	 1.00617115739903E-12 	 6.35935270229685E-13 
 0.413999674819717 	 1.64586653084961E-12 	 1.00738269644387E-12 	 6.38483834405737E-13 
 0.414954042634349 	 1.64957151568992E-12 	 1.00852147111206E-12 	 6.4105004457786E-13 
 0.415910610494008 	 1.6532301012762E-12 	 1.00958941072114E-12 	 6.43640690555065E-13 
 0.416869383470322 	 1.6568514380959E-12 	 1.0105888845109E-12 	 6.46262553585006E-13 
 0.417830366646608 	 1.66044504749018E-12 	 1.01152268781462E-12 	 6.48922359675553E-13 
 0.418793565117904 	 1.66402075894968E-12 	 1.01239402601625E-12 	 6.5162673293343E-13 
 0.419758983990994 	 1.66758864514063E-12 	 1.01320649629932E-12 	 6.54382148841313E-13 
 0.42072662838443 	 1.67115895454201E-12 	 1.01396406715744E-12 	 6.57194887384567E-13 
 0.421696503428568 	 1.67474204154654E-12 	 1.01467105560339E-12 	 6.60070985943148E-13 
 0.422668614265589 	 1.67834829386889E-12 	 1.01533210198502E-12 	 6.63016191883874E-13 
 0.423642966049527 	 1.68198805711746E-12 	 1.01595214229412E-12 	 6.66035914823338E-13 
 0.424619563946299 	 1.68567155642135E-12 	 1.01653637783893E-12 	 6.69135178582429E-13 
 0.425598413133729 	 1.68940881506427E-12 	 1.01709024214472E-12 	 6.72318572919552E-13 
 0.426579518801578 	 1.69320957016189E-12 	 1.01761936495128E-12 	 6.75590205210613E-13 
 0.427562886151572 	 1.69708318553029E-12 	 1.01812953319144E-12 	 6.78953652338847E-13 
 0.428548520397425 	 1.70103856202937E-12 	 1.01862664886432E-12 	 6.82411913165044E-13 
 0.429536426764873 	 1.70508404582644E-12 	 1.01911668375967E-12 	 6.85967362066774E-13 
 0.430526610491696 	 1.70922733520899E-12 	 1.01960563104833E-12 	 6.8962170416066E-13 
 0.431519076827751 	 1.71347538677911E-12 	 1.02009945382797E-12 	 6.93375932951139E-13 
 0.432513831034994 	 1.71783432208029E-12 	 1.02060403080266E-12 	 6.97230291277632E-13 
 0.433510878387514 	 1.7223093359335E-12 	 1.02112509937985E-12 	 7.01184236553642E-13 
 0.434510224171557 	 1.72690460798602E-12 	 1.02166819658631E-12 	 7.05236411399714E-13 
 0.435511873685554 	 1.73162321919273E-12 	 1.02223859833348E-12 	 7.09384620859249E-13 
 0.436515832240151 	 1.73646707514321E-12 	 1.02284125769921E-12 	 7.13625817444005E-13 
 0.437522105158237 	 1.74143683830724E-12 	 1.0234807430314E-12 	 7.1795609527584E-13 
 0.438530697774971 	 1.74653187137946E-12 	 1.0241611768148E-12 	 7.22370694564665E-13 
 0.439541615437809 	 1.7517501939491E-12 	 1.02488617636719E-12 	 7.26864017581911E-13 
 0.440554863506538 	 1.75708845468701E-12 	 1.02565879753881E-12 	 7.31429657148202E-13 
 0.441570447353297 	 1.76254192111939E-12 	 1.02648148267001E-12 	 7.36060438449385E-13 
 0.442588372362611 	 1.76810448883571E-12 	 1.02735601410949E-12 	 7.40748474726215E-13 
 0.443608643931417 	 1.77376871165441E-12 	 1.02828347460164E-12 	 7.45485237052771E-13 
 0.444631267469093 	 1.77952585384406E-12 	 1.02926421580943E-12 	 7.50261638034624E-13 
 0.445656248397488 	 1.78536596497847E-12 	 1.03029783614645E-12 	 7.55068128832019E-13 
 0.446683592150948 	 1.79127797740662E-12 	 1.03138316894444E-12 	 7.59894808462179E-13 
 0.447713304176347 	 1.79724982566345E-12 	 1.03251828178464E-12 	 7.64731543878814E-13 
 0.448745389933117 	 1.80326858646446E-12 	 1.03370048757522E-12 	 7.69568098889243E-13 
 0.449779854893272 	 1.80932063724785E-12 	 1.03492636767297E-12 	 7.7439426957488E-13 
 0.450816704541444 	 1.81539183058923E-12 	 1.03619180703543E-12 	 7.79200023553803E-13 
 0.451855944374907 	 1.821467681251E-12 	 1.0374920410645E-12 	 7.83975640186505E-13 
 0.452897579903605 	 1.8275335621754E-12 	 1.03882171347933E-12 	 7.88711848696067E-13 
 0.453941616650187 	 1.83357490541466E-12 	 1.04017494425149E-12 	 7.93399961163174E-13 
 0.454988060150033 	 1.83957740383342E-12 	 1.04154540636381E-12 	 7.98031997469604E-13 
 0.45603691595128 	 1.8455272094276E-12 	 1.04292640993062E-12 	 8.02600799496985E-13 
 0.457088189614859 	 1.85141112427929E-12 	 1.04431099204993E-12 	 8.07100132229362E-13 
 0.458141886714517 	 1.85721678049525E-12 	 1.04569201065615E-12 	 8.11524769839106E-13 
 0.459198012836852 	 1.86293280593679E-12 	 1.04706224060554E-12 	 8.15870565331257E-13 
 0.46025657358134 	 1.86854897310756E-12 	 1.04841447025488E-12 	 8.2013450285268E-13 
 0.461317574560363 	 1.87405632918972E-12 	 1.04974159688048E-12 	 8.24314732309243E-13 
 0.462381021399244 	 1.87944730586706E-12 	 1.05103671941956E-12 	 8.28410586447497E-13 
 0.463446919736272 	 1.88471580820995E-12 	 1.05229322718908E-12 	 8.32422581020862E-13 
 0.464515275222733 	 1.88985728248672E-12 	 1.05350488343338E-12 	 8.36352399053347E-13 
 0.465586093522942 	 1.89486876328241E-12 	 1.05466590276105E-12 	 8.4020286052136E-13 
 0.466659380314272 	 1.89974890072817E-12 	 1.05577102173958E-12 	 8.43977878988589E-13 
 0.467735141287182 	 1.90449796896305E-12 	 1.05681556211418E-12 	 8.47682406848869E-13 
 0.468813382145248 	 1.90911785715976E-12 	 1.05779548629723E-12 	 8.51322370862531E-13 
 0.469894108605199 	 1.91361204455366E-12 	 1.05870744493095E-12 	 8.5490459962271E-13 
 0.470977326396936 	 1.91798556092895E-12 	 1.05954881645576E-12 	 8.5843674447319E-13 
 0.472063041263574 	 1.92224493395338E-12 	 1.0603177387192E-12 	 8.61927195234178E-13 
 0.473151258961463 	 1.92639812463024E-12 	 1.06101313273676E-12 	 8.65384991893482E-13 
 0.474241985260228 	 1.93045445197157E-12 	 1.06163471876748E-12 	 8.68819733204094E-13 
 0.475335225942788 	 1.93442450780826E-12 	 1.06218302489839E-12 	 8.72241482909865E-13 
 0.476430986805399 	 1.93832006245625E-12 	 1.06265938834452E-12 	 8.75660674111738E-13 
 0.477529273657674 	 1.94215396176796E-12 	 1.06306594966931E-12 	 8.79088012098654E-13 
 0.478630092322621 	 1.94594001592564E-12 	 1.06340564011763E-12 	 8.8253437580801E-13 
 0.479733448636672 	 1.9496928801884E-12 	 1.06368216223141E-12 	 8.86010717956991E-13 
 0.480839348449711 	 1.95342792769383E-12 	 1.06389996389117E-12 	 8.89527963802663E-13 
 0.48194779762511 	 1.95716111434414E-12 	 1.06406420589571E-12 	 8.93096908448433E-13 
 0.483058802039755 	 1.96090883578127E-12 	 1.06418072316163E-12 	 8.96728112619641E-13 
 0.484172367584082 	 1.96468777647736E-12 	 1.06425597959505E-12 	 9.00431796882311E-13 
 0.485288500162103 	 1.968514751042E-12 	 1.06429701666457E-12 	 9.04217734377434E-13 
 0.486407205691444 	 1.97240653797714E-12 	 1.06431139568945E-12 	 9.08095142287687E-13 
 0.487528490103368 	 1.97637970629876E-12 	 1.06430713385516E-12 	 9.12072572443604E-13 
 0.488652359342816 	 1.98045043569182E-12 	 1.06429263398282E-12 	 9.16157801708996E-13 
 0.489778819368428 	 1.98463433117307E-12 	 1.06427660811584E-12 	 9.20357723057229E-13 
 0.490907876152585 	 1.98894623360318E-12 	 1.06426799504891E-12 	 9.2467823855427E-13 
 0.492039535681433 	 1.99340002780894E-12 	 1.06427587201657E-12 	 9.29124155792367E-13 
 0.493173803954918 	 1.9980084505408E-12 	 1.06430936088358E-12 	 9.3369908965722E-13 
 0.494310686986817 	 2.00278290098354E-12 	 1.06437752933797E-12 	 9.3840537164557E-13 
 0.495450190804772 	 2.00773325704002E-12 	 1.06448928778103E-12 	 9.43243969258991E-13 
 0.496592321450318 	 2.01286770109111E-12 	 1.06465328283144E-12 	 9.48214418259667E-13 
 0.497737084978918 	 2.01819255936653E-12 	 1.06487778860835E-12 	 9.53314770758181E-13 
 0.498884487459994 	 2.02371215940368E-12 	 1.06517059722041E-12 	 9.58541562183269E-13 
 0.50003453497696 	 2.02942871028162E-12 	 1.0655389101505E-12 	 9.6388980013112E-13 
 0.501187233627254 	 2.03534221035549E-12 	 1.06598923247412E-12 	 9.69352977881374E-13 
 0.502342589522368 	 2.04145038704239E-12 	 1.06652727206312E-12 	 9.74923114979275E-13 
 0.503500608787886 	 2.04774867279448E-12 	 1.06715784608633E-12 	 9.80590826708156E-13 
 0.504661297563509 	 2.05423022072015E-12 	 1.06788479720444E-12 	 9.86345423515709E-13 
 0.505824662003095 	 2.06088596238024E-12 	 1.06871092185133E-12 	 9.92175040528906E-13 
 0.506990708274685 	 2.0677047091139E-12 	 1.06963791288407E-12 	 9.98066796229826E-13 
 0.508159442560541 	 2.07467329688242E-12 	 1.07066631866344E-12 	 1.00400697821898E-12 
 0.509330871057176 	 2.08177677312519E-12 	 1.07179552029602E-12 	 1.00998125282917E-12 
 0.510504999975387 	 2.08899862258703E-12 	 1.07302372833957E-12 	 1.01597489424746E-12 
 0.511681835540288 	 2.09632102759835E-12 	 1.07434799976295E-12 	 1.02197302783539E-12 
 0.512861383991345 	 2.10372515697406E-12 	 1.07576427538901E-12 	 1.02796088158505E-12 
 0.514043651582407 	 2.11119147664017E-12 	 1.0772674374646E-12 	 1.03392403917558E-12 
 0.515228644581737 	 2.11870007437951E-12 	 1.07885138643261E-12 	 1.0398486879469E-12 
 0.516416369272051 	 2.12623099076333E-12 	 1.08050913545944E-12 	 1.04572185530388E-12 
 0.517606831950548 	 2.13376454842181E-12 	 1.08223292082694E-12 	 1.05153162759487E-12 
 0.518800038928941 	 2.14128167228627E-12 	 1.08401432595222E-12 	 1.05726734633405E-12 
 0.519995996533496 	 2.14876419425304E-12 	 1.08584441656131E-12 	 1.06291977769173E-12 
 0.52119471110506 	 2.15619513679012E-12 	 1.08771388441517E-12 	 1.06848125237495E-12 
 0.5223961889991 	 2.16355897122712E-12 	 1.08961319695759E-12 	 1.07394577426953E-12 
 0.52360043658573 	 2.17084184772495E-12 	 1.09153275030759E-12 	 1.07930909741736E-12 
 0.524807460249752 	 2.17803179510841E-12 	 1.09346302313063E-12 	 1.08456877197779E-12 
 0.526017266390686 	 2.18511888977239E-12 	 1.09539472907009E-12 	 1.08972416070231E-12 
 0.527229861422802 	 2.19209539367919E-12 	 1.09731896558206E-12 	 1.09477642809713E-12 
 0.52844525177516 	 2.19895586201911E-12 	 1.0992273571754E-12 	 1.09972850484372E-12 
 0.529663443891637 	 2.20569722140869E-12 	 1.10111219120673E-12 	 1.10458503020196E-12 
 0.530884444230968 	 2.21231881957864E-12 	 1.10296654451279E-12 	 1.10935227506585E-12 
 0.532108259266774 	 2.2188224474061E-12 	 1.10478439928425E-12 	 1.11403804812184E-12 
 0.5333348954876 	 2.22521233393284E-12 	 1.10656074670326E-12 	 1.11865158722958E-12 
 0.534564359396951 	 2.23149511474751E-12 	 1.10829167699076E-12 	 1.12320343775676E-12 
 0.535796657513321 	 2.23767977385497E-12 	 1.10997445464896E-12 	 1.127705319206E-12 
 0.537031796370232 	 2.24377755895709E-12 	 1.11160757784515E-12 	 1.13216998111194E-12 
 0.538269782516267 	 2.24980186996191E-12 	 1.11319082106857E-12 	 1.13661104889334E-12 
 0.539510622515107 	 2.25576812053929E-12 	 1.1147252604015E-12 	 1.14104286013778E-12 
 0.54075432294556 	 2.26169357265712E-12 	 1.11621328097228E-12 	 1.14548029168483E-12 
 0.542000890401603 	 2.26759714425523E-12 	 1.1176585663944E-12 	 1.14993857786084E-12 
 0.543250331492412 	 2.2734991905319E-12 	 1.11906607023148E-12 	 1.15443312030042E-12 
 0.5445026528424 	 2.27942125971386E-12 	 1.1204419697526E-12 	 1.15897928996126E-12 
 0.545757861091249 	 2.28538582463991E-12 	 1.12179360244809E-12 	 1.16359222219182E-12 
 0.54701596289395 	 2.29141599199858E-12 	 1.12312938595789E-12 	 1.16828660604069E-12 
 0.548276964920832 	 2.29753519161497E-12 	 1.12445872222089E-12 	 1.17307646939407E-12 
 0.549540873857603 	 2.3037668487773E-12 	 1.12579188678835E-12 	 1.17797496198895E-12 
 0.550807696405382 	 2.31013404323043E-12 	 1.12713990436456E-12 	 1.18299413886587E-12 
 0.552077439280735 	 2.31665915913939E-12 	 1.12851441175413E-12 	 1.18814474738526E-12 
 0.553350109215715 	 2.32336353103629E-12 	 1.12992750951903E-12 	 1.19343602151726E-12 
 0.554625712957889 	 2.33026709149533E-12 	 1.13139160379328E-12 	 1.19887548770205E-12 
 0.555904257270382 	 2.33738802700553E-12 	 1.13291923987798E-12 	 1.20446878712755E-12 
 0.557185748931908 	 2.34474244919046E-12 	 1.13452292945061E-12 	 1.21021951973985E-12 
 0.558470194736809 	 2.35234408910002E-12 	 1.1362149734707E-12 	 1.21612911562932E-12 
 0.559757601495088 	 2.36020402270172E-12 	 1.13800728314148E-12 	 1.22219673956024E-12 
 0.561047976032448 	 2.36833043584603E-12 	 1.13991120157901E-12 	 1.22841923426701E-12 
 0.562341325190327 	 2.37672843679011E-12 	 1.1419373291243E-12 	 1.23479110766581E-12 
 0.563637655825932 	 2.38539992376189E-12 	 1.14409535548043E-12 	 1.24130456828146E-12 
 0.56493697481228 	 2.39434351397864E-12 	 1.14639390203424E-12 	 1.2479496119444E-12 
 0.566239289038231 	 2.40355453898343E-12 	 1.14884037779804E-12 	 1.2547141611854E-12 
 0.567544605408524 	 2.41302510915595E-12 	 1.15144085235346E-12 	 1.26158425680249E-12 
 0.568852930843818 	 2.42274424787497E-12 	 1.15419994897992E-12 	 1.26854429889504E-12 
 0.570164272280725 	 2.43269809319551E-12 	 1.15712076079847E-12 	 1.27557733239704E-12 
 0.571478636671844 	 2.44287016224179E-12 	 1.16020479227022E-12 	 1.28266536997157E-12 
 0.572796030985806 	 2.45324167102577E-12 	 1.16345192778488E-12 	 1.28978974324089E-12 
 0.574116462207304 	 2.46379190030663E-12 	 1.16686042840051E-12 	 1.29693147190612E-12 
 0.575439937337134 	 2.47449859661105E-12 	 1.17042695710156E-12 	 1.30407163950948E-12 
 0.576766463392227 	 2.48533839678534E-12 	 1.17414663228033E-12 	 1.31119176450501E-12 
 0.578096047405695 	 2.49628726451501E-12 	 1.17801310856212E-12 	 1.31827415595288E-12 
 0.579428696426857 	 2.50732092809307E-12 	 1.18201868361766E-12 	 1.32530224447541E-12 
 0.580764417521288 	 2.51841531021419E-12 	 1.18615442924605E-12 	 1.33226088096814E-12 
 0.582103217770848 	 2.52954694250097E-12 	 1.19041034475761E-12 	 1.33913659774337E-12 
 0.583445104273721 	 2.540693359559E-12 	 1.19477553050356E-12 	 1.34591782905544E-12 
 0.584790084144457 	 2.55183346932053E-12 	 1.19923837924491E-12 	 1.35259509007562E-12 
 0.586138164514005 	 2.56294789801299E-12 	 1.20378678287595E-12 	 1.35916111513704E-12 
 0.587489352529753 	 2.57401930908542E-12 	 1.20840835177763E-12 	 1.3656109573078E-12 
 0.588843655355565 	 2.58503269574756E-12 	 1.2130906437477E-12 	 1.37194205199986E-12 
 0.59020108017182 	 2.59597564643519E-12 	 1.21782139903963E-12 	 1.37815424739556E-12 
 0.59156163417545 	 2.60683858162736E-12 	 1.22258877756615E-12 	 1.38424980406121E-12 
 0.592925324579975 	 2.61761495920338E-12 	 1.22738159383776E-12 	 1.39023336536562E-12 
 0.594292158615548 	 2.62830144418596E-12 	 1.23218954477777E-12 	 1.39611189940819E-12 
 0.595662143528986 	 2.63889803752416E-12 	 1.23700342525435E-12 	 1.40189461226981E-12 
 0.597035286583812 	 2.64940815775227E-12 	 1.24181532606299E-12 	 1.40759283168927E-12 
 0.598411595060295 	 2.65983866908295E-12 	 1.2466188092247E-12 	 1.41321985985825E-12 
 0.599791076255485 	 2.67019984984393E-12 	 1.25140905585872E-12 	 1.41879079398521E-12 
 0.601173737483253 	 2.68050529615167E-12 	 1.25618298253402E-12 	 1.42432231361765E-12 
 0.602559586074333 	 2.69077175726447E-12 	 1.26093932286489E-12 	 1.42983243439958E-12 
 0.603948629376355 	 2.70101890104527E-12 	 1.2656786721335E-12 	 1.43534022891177E-12 
 0.605340874753888 	 2.71126901023175E-12 	 1.27040349382219E-12 	 1.44086551640956E-12 
 0.60673632958848 	 2.72154661259371E-12 	 1.27511808804381E-12 	 1.4464285245499E-12 
 0.608135001278693 	 2.73187805040256E-12 	 1.2798285228987E-12 	 1.45204952750385E-12 
 0.609536897240144 	 2.74229099682483E-12 	 1.28454253070516E-12 	 1.45774846611967E-12 
 0.610942024905547 	 2.75281392879803E-12 	 1.28926937181074E-12 	 1.46354455698729E-12 
 0.612350391724748 	 2.76347556760695E-12 	 1.29401966927986E-12 	 1.4694558983271E-12 
 0.613762005164768 	 2.77430429973487E-12 	 1.29880521817547E-12 	 1.4754990815594E-12 
 0.615176872709842 	 2.78532759161536E-12 	 1.30363877343191E-12 	 1.48168881818345E-12 
 0.616595001861456 	 2.79657141265568E-12 	 1.3085338204856E-12 	 1.48803759217009E-12 
 0.61801640013839 	 2.80805968132682E-12 	 1.31350433292627E-12 	 1.49455534840055E-12 
 0.619441075076755 	 2.81981374917988E-12 	 1.31856452148554E-12 	 1.50124922769434E-12 
 0.620869034230037 	 2.83185193728948E-12 	 1.32372857871449E-12 	 1.50812335857499E-12 
 0.622300285169133 	 2.84418913875797E-12 	 1.32901042372544E-12 	 1.51517871503253E-12 
 0.623734835482393 	 2.85683649945257E-12 	 1.33442345137888E-12 	 1.52241304807369E-12 
 0.625172692775659 	 2.86980118702239E-12 	 1.33998029026548E-12 	 1.52982089675691E-12 
 0.626613864672309 	 2.88308625543433E-12 	 1.34569257373772E-12 	 1.53739368169662E-12 
 0.628058358813291 	 2.8966906088324E-12 	 1.35157072805848E-12 	 1.54511988077392E-12 
 0.629506182857171 	 2.91060906461749E-12 	 1.35762378143588E-12 	 1.5529852831816E-12 
 0.630957344480166 	 2.92483251152139E-12 	 1.36385919729907E-12 	 1.56097331422232E-12 
 0.632411851376192 	 2.93934815445937E-12 	 1.37028273465825E-12 	 1.56906541980112E-12 
 0.6338697112569 	 2.95413983449324E-12 	 1.37689833782133E-12 	 1.57724149667191E-12 
 0.635330931851717 	 2.96918840972683E-12 	 1.38370805716723E-12 	 1.5854803525596E-12 
 0.636795520907889 	 2.98447218171931E-12 	 1.39071200216628E-12 	 1.59376017955303E-12 
 0.638263486190521 	 2.99996735223185E-12 	 1.39790832744822E-12 	 1.60205902478363E-12 
 0.639734835482621 	 3.0156484968097E-12 	 1.40529325248047E-12 	 1.61035524432922E-12 
 0.641209576585134 	 3.03148904461236E-12 	 1.41286111533124E-12 	 1.61862792928112E-12 
 0.642687717316992 	 3.04746175758833E-12 	 1.42060446100222E-12 	 1.62685729658611E-12 
 0.64416926551515 	 3.06353920594161E-12 	 1.42851416483384E-12 	 1.63502504110777E-12 
 0.645654229034628 	 3.07969424018055E-12 	 1.43657959138854E-12 	 1.64311464879201E-12 
 0.647142615748555 	 3.09590046224866E-12 	 1.44478878887541E-12 	 1.65111167337325E-12 
 0.64863443354821 	 3.11213269884794E-12 	 1.45312871848244E-12 	 1.6590039803655E-12 
 0.650129690343062 	 3.12836747886575E-12 	 1.46158551687166E-12 	 1.66678196199409E-12 
 0.651628394060814 	 3.14458351389642E-12 	 1.47014478857689E-12 	 1.67443872531953E-12 
 0.653130552647444 	 3.16076217659876E-12 	 1.4787919232171E-12 	 1.68197025338165E-12 
 0.654636174067247 	 3.17688796668172E-12 	 1.48751243046776E-12 	 1.68937553621396E-12 
 0.656145266302877 	 3.19294894943511E-12 	 1.49629228384022E-12 	 1.6966566655949E-12 
 0.657657837355392 	 3.2089371477117E-12 	 1.50511826275149E-12 	 1.70381888496021E-12 
 0.659173895244293 	 3.22484886580128E-12 	 1.5139782813487E-12 	 1.71087058445257E-12 
 0.660693448007567 	 3.24068492318352E-12 	 1.52286169225658E-12 	 1.71782323092695E-12 
 0.662216503701733 	 3.25645077789307E-12 	 1.53175955392871E-12 	 1.72469122396436E-12 
 0.66374307040188 	 3.2721565230719E-12 	 1.54066485159044E-12 	 1.73149167148146E-12 
 0.665273156201712 	 3.28781674585517E-12 	 1.54957266375368E-12 	 1.73824408210149E-12 
 0.666806769213593 	 3.30345024448357E-12 	 1.55848026877377E-12 	 1.74496997570979E-12 
 0.668343917568585 	 3.31907960681087E-12 	 1.56738718866944E-12 	 1.75169241814143E-12 
 0.669884609416497 	 3.33473066053769E-12 	 1.57629517019308E-12 	 1.75843549034461E-12 
 0.671428852925923 	 3.35043181199235E-12 	 1.5852081056945E-12 	 1.76522370629785E-12 
 0.672976656284288 	 3.36621329568093E-12 	 1.59413189849446E-12 	 1.77208139718647E-12 
 0.674528027697892 	 3.38210636088065E-12 	 1.6030742791652E-12 	 1.77903208171545E-12 
 0.676082975391952 	 3.39814242414431E-12 	 1.61204458026571E-12 	 1.7860978438786E-12 
 0.677641507610645 	 3.4143522177219E-12 	 1.62105347772034E-12 	 1.79329874000156E-12 
 0.679203632617154 	 3.4307649636616E-12 	 1.63011270722656E-12 	 1.80065225643504E-12 
 0.680769358693711 	 3.44740760182658E-12 	 1.63923476392248E-12 	 1.8081728379041E-12 
 0.682338694141639 	 3.46430409735388E-12 	 1.64843259313106E-12 	 1.81587150422281E-12 
 0.683911647281399 	 3.4814748492755E-12 	 1.65771927941179E-12 	 1.82375556986371E-12 
 0.685488226452631 	 3.49893621721535E-12 	 1.66710774045527E-12 	 1.83182847676009E-12 
 0.687068440014202 	 3.51670017740235E-12 	 1.67661043159721E-12 	 1.84008974580514E-12 
 0.688652296344245 	 3.53477411291936E-12 	 1.68623906593253E-12 	 1.84853504698682E-12 
 0.690239803840211 	 3.55316073647862E-12 	 1.69600435420182E-12 	 1.8571563822768E-12 
 0.691830970918906 	 3.57185813755176E-12 	 1.70591576783005E-12 	 1.86594236972171E-12 
 0.693425806016538 	 3.59085993997956E-12 	 1.71598132776645E-12 	 1.87487861221311E-12 
 0.695024317588766 	 3.61015555188821E-12 	 1.72620742116682E-12 	 1.8839481307214E-12 
 0.696626514110737 	 3.62973048744121E-12 	 1.7365986475497E-12 	 1.89313183989151E-12 
 0.69823240407714 	 3.64956674008013E-12 	 1.74715769591522E-12 	 1.90240904416491E-12 
 0.699841996002242 	 3.6696431895704E-12 	 1.75788525448009E-12 	 1.91175793509031E-12 
 0.70145529841994 	 3.68993603009478E-12 	 1.76877995514475E-12 	 1.92115607495003E-12 
 0.703072319883802 	 3.71041921313059E-12 	 1.77983835548315E-12 	 1.93058085764744E-12 
 0.704693068967115 	 3.73106490584561E-12 	 1.79105496177056E-12 	 1.94000994407505E-12 
 0.70631755426293 	 3.7518439719716E-12 	 1.80242229710893E-12 	 1.94942167486267E-12 
 0.707945784384106 	 3.7727264862716E-12 	 1.81393101880718E-12 	 1.95879546746442E-12 
 0.709577767963357 	 3.7936822947511E-12 	 1.82557008857372E-12 	 1.96811220617738E-12 
 0.711213513653297 	 3.81468163007298E-12 	 1.83732699759949E-12 	 1.97735463247349E-12 
 0.712853030126487 	 3.83569578523693E-12 	 1.84918804619647E-12 	 1.98650773904045E-12 
 0.714496326075481 	 3.85669783915725E-12 	 1.86113867441498E-12 	 1.99555916474228E-12 
 0.716143410212869 	 3.87766341659546E-12 	 1.87316383626876E-12 	 2.0044995803267E-12 
 0.717794291271329 	 3.89857145365524E-12 	 1.88524840626869E-12 	 2.01332304738655E-12 
 0.719448978003667 	 3.91940493053683E-12 	 1.89737760340657E-12 	 2.02202732713026E-12 
 0.721107479182867 	 3.940151527101E-12 	 1.90953741504463E-12 	 2.03061411205636E-12 
 0.722769803602137 	 3.9608041551734E-12 	 1.92171500177065E-12 	 2.03908915340275E-12 
 0.724435960074957 	 3.9813613249292E-12 	 1.93389906442709E-12 	 2.04746226050211E-12 
 0.726105957435121 	 4.00182731090282E-12 	 1.94608015625644E-12 	 2.05574715464637E-12 
 0.727779804536791 	 4.02221209526379E-12 	 1.95825092624876E-12 	 2.06396116901502E-12 
 0.729457510254535 	 4.04253108058694E-12 	 1.97040628397017E-12 	 2.07212479661677E-12 
 0.731139083483384 	 4.0628045797806E-12 	 1.98254348091356E-12 	 2.08026109886704E-12 
 0.73282453313887 	 4.08305710549701E-12 	 1.99466210823093E-12 	 2.08839499726607E-12 
 0.734513868157081 	 4.10331649385841E-12 	 2.0067640151112E-12 	 2.09655247874721E-12 
 0.736207097494702 	 4.12361290670446E-12 	 2.01885315569753E-12 	 2.10475975100693E-12 
 0.737904230129067 	 4.14397776226359E-12 	 2.03093537507767E-12 	 2.11304238718592E-12 
 0.739605275058204 	 4.1644426460478E-12 	 2.04301814645971E-12 	 2.12142449958808E-12 
 0.741310241300883 	 4.18503825207127E-12 	 2.05511027222344E-12 	 2.12992797984782E-12 
 0.743019137896667 	 4.20579339962838E-12 	 2.0672215612617E-12 	 2.13857183836668E-12 
 0.744731973905954 	 4.22673416339532E-12 	 2.07936249409413E-12 	 2.1473716693012E-12 
 0.746448758410032 	 4.24788314517988E-12 	 2.09154388585524E-12 	 2.15633925932464E-12 
 0.74816950051112 	 4.26925890493191E-12 	 2.10377655562512E-12 	 2.16548234930679E-12 
 0.749894209332421 	 4.29087555741307E-12 	 2.11607100885408E-12 	 2.17480454855899E-12 
 0.75162289401817 	 4.31274253006563E-12 	 2.12843713797777E-12 	 2.18430539208786E-12 
 0.753355563733682 	 4.33486446805916E-12 	 2.14088394485632E-12 	 2.19398052320284E-12 
 0.755092227665399 	 4.35724126519611E-12 	 2.15341928751766E-12 	 2.20382197767844E-12 
 0.756832895020939 	 4.37986819520189E-12 	 2.16604965295106E-12 	 2.21381854225083E-12 
 0.758577575029148 	 4.40273611753829E-12 	 2.17877995746874E-12 	 2.22395616006955E-12 
 0.760326276940146 	 4.42583173545694E-12 	 2.19161337647784E-12 	 2.2342183589791E-12 
 0.762079010025376 	 4.44913789116691E-12 	 2.20455120635494E-12 	 2.24458668481197E-12 
 0.763835783577655 	 4.47263389269671E-12 	 2.21759276236878E-12 	 2.25504113032793E-12 
 0.76559660691122 	 4.49629587766504E-12 	 2.23073531802032E-12 	 2.26556055964472E-12 
 0.767361489361783 	 4.52009722872303E-12 	 2.24397409242713E-12 	 2.27612313629589E-12 
 0.769130440286573 	 4.54400906180786E-12 	 2.25730229307372E-12 	 2.28670676873415E-12 
 0.770903469064394 	 4.56800080978361E-12 	 2.2707112209826E-12 	 2.29728958880101E-12 
 0.772680585095666 	 4.59204091947713E-12 	 2.28419044382183E-12 	 2.30785047565529E-12 
 0.774461797802482 	 4.61609766948528E-12 	 2.29772803951132E-12 	 2.31836962997397E-12 
 0.776247116628655 	 4.64014010050684E-12 	 2.31131090861852E-12 	 2.32882919188832E-12 
 0.778036551039767 	 4.66413903146185E-12 	 2.32492514860405E-12 	 2.3392138828578E-12 
 0.779830110523222 	 4.68806811616717E-12 	 2.33855647738313E-12 	 2.34951163878404E-12 
 0.781627804588292 	 4.71190487995883E-12 	 2.35219068845944E-12 	 2.35971419149939E-12 
 0.783429642766174 	 4.73563166619675E-12 	 2.36581411583534E-12 	 2.36981755036141E-12 
 0.785235634610034 	 4.75923642100598E-12 	 2.3794140846596E-12 	 2.37982233634638E-12 
 0.787045789695061 	 4.78271325161849E-12 	 2.39297932354317E-12 	 2.38973392807532E-12 
 0.788860117618517 	 4.80606270862377E-12 	 2.40650031672369E-12 	 2.39956239190008E-12 
 0.790678627999787 	 4.82929176342661E-12 	 2.41996957851475E-12 	 2.40932218491187E-12 
 0.792501330480434 	 4.85241347649754E-12 	 2.43338183817116E-12 	 2.41903163832639E-12 
 0.794328234724243 	 4.87544637649319E-12 	 2.44673412969802E-12 	 2.42871224679518E-12 
 0.79615935041728 	 4.89841359211369E-12 	 2.46002578745463E-12 	 2.43838780465906E-12 
 0.797994687267938 	 4.92134179535482E-12 	 2.4732583539773E-12 	 2.44808344137751E-12 
 0.79983425500699 	 4.94426002517288E-12 	 2.48643541077957E-12 	 2.45782461439331E-12 
 0.80167806338764 	 4.9671984640013E-12 	 2.49956234573371E-12 	 2.46763611826759E-12 
 0.803526122185578 	 4.99018723636149E-12 	 2.5126460719695E-12 	 2.47754116439199E-12 
 0.805378441199028 	 5.01325528995686E-12 	 2.52569471320683E-12 	 2.48756057675002E-12 
 0.807235030248799 	 5.03642940652087E-12 	 2.53871726935029E-12 	 2.49771213717059E-12 
 0.809095899178343 	 5.05973337394787E-12 	 2.55172327435751E-12 	 2.50801009959037E-12 
 0.810961057853801 	 5.08318733462027E-12 	 2.5647224561974E-12 	 2.51846487842287E-12 
 0.81283051616406 	 5.10680730911791E-12 	 2.57772440646283E-12 	 2.52908290265508E-12 
 0.8147042840208 	 5.13060488132019E-12 	 2.59073826517729E-12 	 2.5398666161429E-12 
 0.816582371358553 	 5.15458702173773E-12 	 2.60377242476764E-12 	 2.55081459697009E-12 
 0.81846478813475 	 5.17875602179654E-12 	 2.61683425623873E-12 	 2.56192176555781E-12 
 0.820351544329778 	 5.20310951322076E-12 	 2.62992986038176E-12 	 2.573179652839E-12 
 0.822242649947031 	 5.227640553339E-12 	 2.64306384738528E-12 	 2.58457670595372E-12 
 0.824138115012962 	 5.25233776792664E-12 	 2.6562391493886E-12 	 2.59609861853804E-12 
 0.826037949577138 	 5.27718555612253E-12 	 2.66945687208419E-12 	 2.60772868403833E-12 
 0.827942163712294 	 5.30216437442921E-12 	 2.68271619307361E-12 	 2.61944818135559E-12 
 0.829850767514382 	 5.32725112599064E-12 	 2.69601431585001E-12 	 2.63123681014063E-12 
 0.83176377110263 	 5.35241968467456E-12 	 2.70934648852923E-12 	 2.64307319614533E-12 
 0.833681184619593 	 5.37764157921461E-12 	 2.72270609535271E-12 	 2.6549354838619E-12 
 0.835603018231207 	 5.40288685031249E-12 	 2.7360848262771E-12 	 2.66680202403539E-12 
 0.837529282126841 	 5.42812507423359E-12 	 2.74947292564562E-12 	 2.67865214858797E-12 
 0.839459986519356 	 5.45332652264814E-12 	 2.76285951531461E-12 	 2.69046700733354E-12 
 0.841395141645154 	 5.47846340404831E-12 	 2.77623298130373E-12 	 2.70223042274458E-12 
 0.843334757764234 	 5.50351111131035E-12 	 2.78958140689005E-12 	 2.7139297044203E-12 
 0.845278845160248 	 5.52844938686766E-12 	 2.80289302999682E-12 	 2.72555635687084E-12 
 0.847227414140555 	 5.55326331438306E-12 	 2.81615669956042E-12 	 2.73710661482263E-12 
 0.849180475036272 	 5.57794405486453E-12 	 2.82936230484083E-12 	 2.7485817500237E-12 
 0.851138038202334 	 5.60248926494816E-12 	 2.84250115353096E-12 	 2.7599881114172E-12 
 0.853100114017547 	 5.62690316282462E-12 	 2.85556627874926E-12 	 2.77133688407536E-12 
 0.855066712884641 	 5.65119623898845E-12 	 2.86855266093718E-12 	 2.78264357805127E-12 
 0.857037845230327 	 5.67538464015265E-12 	 2.88145735747267E-12 	 2.79392728267998E-12 
 0.859013521505353 	 5.6994892811707E-12 	 2.89427953954741E-12 	 2.80520974162328E-12 
 0.860993752184558 	 5.72353475855555E-12 	 2.90702044175234E-12 	 2.81651431680321E-12 
 0.862978547766927 	 5.74754814850954E-12 	 2.91968323432045E-12 	 2.82786491418909E-12 
 0.86496791877565 	 5.77155777209881E-12 	 2.93227283082794E-12 	 2.83928494127087E-12 
 0.866961875758173 	 5.79559200144488E-12 	 2.94479564536966E-12 	 2.85079635607522E-12 
 0.868960429286258 	 5.81967816565294E-12 	 2.95725931303937E-12 	 2.86241885261357E-12 
 0.870963589956037 	 5.8438415963212E-12 	 2.96967238633648E-12 	 2.87416920998472E-12 
 0.872971368388068 	 5.86810483274619E-12 	 2.98204401832493E-12 	 2.88606081442126E-12 
 0.874983775227392 	 5.89248698910153E-12 	 2.99438364141915E-12 	 2.89810334768238E-12 
 0.877000821143591 	 5.91700327224751E-12 	 3.00670064894454E-12 	 2.91030262330297E-12 
 0.87902251683084 	 5.94166463108091E-12 	 3.01900408540759E-12 	 2.92266054567332E-12 
 0.88104887300797 	 5.96647751721427E-12 	 3.03130235089618E-12 	 2.93517516631809E-12 
 0.883079900418518 	 5.9914437419803E-12 	 3.04360292526505E-12 	 2.94784081671525E-12 
 0.885115609830791 	 6.01656042488394E-12 	 3.05591211865304E-12 	 2.96064830623091E-12 
 0.887156012037916 	 6.04182004127194E-12 	 3.06823485618676E-12 	 2.97358518508518E-12 
 0.889201117857903 	 6.06721058907072E-12 	 3.08057450607491E-12 	 2.98663608299582E-12 
 0.8912509381337 	 6.09271590267395E-12 	 3.09293276122022E-12 	 2.99978314145374E-12 
 0.89330548373325 	 6.11831614357562E-12 	 3.10530958448308E-12 	 3.01300655909254E-12 
 0.895364765549548 	 6.143988490334E-12 	 3.11770322640464E-12 	 3.02628526392936E-12 
 0.897428794500703 	 6.16970803468695E-12 	 3.13011032130112E-12 	 3.03959771338583E-12 
 0.899497581529989 	 6.19544886773248E-12 	 3.14252606320513E-12 	 3.05292280452735E-12 
 0.901571137605911 	 6.22118531339415E-12 	 3.15494445750067E-12 	 3.06624085589349E-12 
 0.903649473722255 	 6.24689324048619E-12 	 3.16735863791941E-12 	 3.07953460256678E-12 
 0.905732600898154 	 6.27255136451919E-12 	 3.17976123268201E-12 	 3.09279013183717E-12 
 0.907820530178139 	 6.29814244020835E-12 	 3.19214475887258E-12 	 3.10599768133577E-12 
 0.909913272632205 	 6.32365424807675E-12 	 3.20450202137833E-12 	 3.11915222669842E-12 
 0.912010839355863 	 6.34908029391554E-12 	 3.21682649235928E-12 	 3.13225380155626E-12 
 0.914113241470203 	 6.37442016608771E-12 	 3.22911264927701E-12 	 3.1453075168107E-12 
 0.916220490121953 	 6.39967952868658E-12 	 3.24135625364253E-12 	 3.15832327504405E-12 
 0.918332596483534 	 6.42486976323206E-12 	 3.25355455815822E-12 	 3.17131520507384E-12 
 0.920449571753124 	 6.45000730273517E-12 	 3.2657064359844E-12 	 3.18430086675077E-12 
 0.922571427154716 	 6.47511272538545E-12 	 3.27781243163301E-12 	 3.19730029375243E-12 
 0.924698173938175 	 6.50020968827564E-12 	 3.28987473782439E-12 	 3.21033495045125E-12 
 0.926829823379302 	 6.52532378386407E-12 	 3.30189710614654E-12 	 3.22342667771753E-12 
 0.928966386779889 	 6.55048139447225E-12 	 3.31388470142234E-12 	 3.2365966930499E-12 
 0.931107875467782 	 6.57570860558583E-12 	 3.32584391046179E-12 	 3.24986469512404E-12 
 0.933254300796943 	 6.60103022042421E-12 	 3.33778211566969E-12 	 3.26324810475453E-12 
 0.935405674147503 	 6.62646889970394E-12 	 3.34970744319836E-12 	 3.27676145650558E-12 
 0.937562006925832 	 6.65204443490382E-12 	 3.36162849438931E-12 	 3.29041594051451E-12 
 0.939723310564589 	 6.67777315297377E-12 	 3.37355406848629E-12 	 3.30421908448748E-12 
 0.941889596522792 	 6.70366744648564E-12 	 3.38549288426454E-12 	 3.3181745622211E-12 
 0.944060876285874 	 6.72973542555206E-12 	 3.39745330840698E-12 	 3.33228211714508E-12 
 0.946237161365744 	 6.7559806949779E-12 	 3.40944309911366E-12 	 3.34653759586424E-12 
 0.948418463300848 	 6.78240226951396E-12 	 3.42146917435075E-12 	 3.36093309516321E-12 
 0.950604793656232 	 6.8089946485494E-12 	 3.43353741499851E-12 	 3.37545723355089E-12 
 0.952796164023602 	 6.83574807584736E-12 	 3.44565251353856E-12 	 3.39009556230881E-12 
 0.954992586021386 	 6.86264900735986E-12 	 3.45781787842014E-12 	 3.40483112893972E-12 
 0.957194071294794 	 6.88968079939678E-12 	 3.47003560254288E-12 	 3.41964519685389E-12 
 0.959400631515883 	 6.91682461086071E-12 	 3.48230650124866E-12 	 3.43451810961205E-12 
 0.961612278383614 	 6.94406048917285E-12 	 3.49463022093473E-12 	 3.44943026823812E-12 
 0.96382902362392 	 6.97136858379208E-12 	 3.50700541426109E-12 	 3.46436316953099E-12 
 0.966050878989763 	 6.99873040866047E-12 	 3.51942997253936E-12 	 3.47930043612111E-12 
 0.968277856261198 	 7.02613006017651E-12 	 3.53190130099827E-12 	 3.49422875917824E-12 
 0.970509967245439 	 7.05355529388913E-12 	 3.5444166189464E-12 	 3.50913867494273E-12 
 0.972747223776914 	 7.08099837244337E-12 	 3.55697326494655E-12 	 3.52402510749682E-12 
 0.974989637717336 	 7.10845661834144E-12 	 3.56956898723273E-12 	 3.53888763110871E-12 
 0.977237220955759 	 7.13593263449271E-12 	 3.58220220164881E-12 	 3.5537304328439E-12 
 0.979489985408647 	 7.16343418847753E-12 	 3.59487220295982E-12 	 3.56856198551771E-12 
 0.981747943019932 	 7.19097378768487E-12 	 3.60757931986968E-12 	 3.58339446781519E-12 
 0.984011105761082 	 7.21856799744708E-12 	 3.62032500879327E-12 	 3.59824298865381E-12 
 0.986279485631158 	 7.24623657000337E-12 	 3.63311188577735E-12 	 3.61312468422602E-12 
 0.988553094656886 	 7.27400145759646E-12 	 3.64594369952519E-12 	 3.62805775807127E-12 
 0.990831944892715 	 7.30188577921857E-12 	 3.65882525106281E-12 	 3.64306052815576E-12 
 0.993116048420881 	 7.32991279996369E-12 	 3.67176226721562E-12 	 3.65815053274807E-12 
 0.995405417351474 	 7.358104967937E-12 	 3.68476123593034E-12 	 3.67334373200666E-12 
 0.9977000638225 	 7.38648303963693E-12 	 3.69782921185395E-12 	 3.68865382778298E-12 
 0.999999999999947 	 7.41506531349365E-12 	 3.71097360075486E-12 	 3.7040917127388E-12 
******************************************

