MiePlot v4.6.18

Date & Time: 4/28/2021 02:10:29 

Calculation Method:         Mie (plane wave)

Graph type: Cext/Csca/Cabs v. radius

Refractive index (sphere) 	Real part: 	1.331721	Imaginary part: 	0
Refractive index (medium)	Real part: 	1	

Wavelength: 	0.60	 um

Radius (µm)	Cext m^2	Csca m^2	Cabs m^2
 0.1 	 3.4944617870544E-15 	 3.4944617870544E-15 	 3.94430452610506E-31 
 0.10023052380779 	 3.5381448116402E-15 	 3.5381448116402E-15 	 0 
 0.10046157902784 	 3.58233708164128E-15 	 3.58233708164128E-15 	 0 
 0.10069316688518 	 3.62704381906115E-15 	 3.62704381906115E-15 	 7.88860905221012E-31 
 0.100925288607668 	 3.67227028684564E-15 	 3.67227028684565E-15 	-7.88860905221012E-31 
 0.10115794542599 	 3.71802178902832E-15 	 3.71802178902832E-15 	 7.88860905221012E-31 
 0.101391138573668 	 3.76430367087617E-15 	 3.76430367087617E-15 	 0 
 0.10162486928707 	 3.8111213190356E-15 	 3.8111213190356E-15 	 0 
 0.101859138805412 	 3.85848016167887E-15 	 3.85848016167887E-15 	 0 
 0.102093948370768 	 3.9063856686513E-15 	 3.9063856686513E-15 	 7.88860905221012E-31 
 0.102329299228075 	 3.95484335161913E-15 	 3.95484335161913E-15 	-7.88860905221012E-31 
 0.102565192625141 	 4.00385876421852E-15 	 4.00385876421852E-15 	 0 
 0.102801629812647 	 4.05343750220566E-15 	 4.05343750220566E-15 	-7.88860905221012E-31 
 0.103038612044162 	 4.10358520360827E-15 	 4.10358520360827E-15 	-7.88860905221012E-31 
 0.10327614057614 	 4.15430754887873E-15 	 4.15430754887873E-15 	 0 
 0.103514216667934 	 4.2056102610489E-15 	 4.2056102610489E-15 	 1.57772181044202E-30 
 0.103752841581801 	 4.25749910588719E-15 	 4.25749910588719E-15 	 0 
 0.103992016582906 	 4.30997989205771E-15 	 4.30997989205771E-15 	 0 
 0.10423174293933 	 4.36305847128206E-15 	 4.36305847128206E-15 	 0 
 0.10447202192208 	 4.41674073850388E-15 	 4.41674073850388E-15 	 0 
 0.10471285480509 	 4.47103263205649E-15 	 4.47103263205649E-15 	-1.57772181044202E-30 
 0.104954242865232 	 4.52594013383386E-15 	 4.52594013383386E-15 	-7.88860905221012E-31 
 0.105196187382322 	 4.5814692694653E-15 	 4.5814692694653E-15 	 0 
 0.105438689639126 	 4.63762610849409E-15 	 4.63762610849409E-15 	-7.88860905221012E-31 
 0.105681750921366 	 4.6944167645604E-15 	 4.6944167645604E-15 	-7.88860905221012E-31 
 0.105925372517729 	 4.75184739558891E-15 	 4.75184739558891E-15 	 0 
 0.106169555719872 	 4.80992420398137E-15 	 4.80992420398137E-15 	-7.88860905221012E-31 
 0.106414301822431 	 4.86865343681459E-15 	 4.86865343681459E-15 	 0 
 0.106659612123026 	 4.92804138604421E-15 	 4.92804138604421E-15 	 7.88860905221012E-31 
 0.106905487922266 	 4.9880943887145E-15 	 4.9880943887145E-15 	 0 
 0.10715193052376 	 5.04881882717493E-15 	 5.04881882717493E-15 	 0 
 0.107398941234124 	 5.11022112930356E-15 	 5.11022112930356E-15 	 7.88860905221012E-31 
 0.107646521362983 	 5.17230776873808E-15 	 5.17230776873808E-15 	 1.57772181044202E-30 
 0.107894672222983 	 5.23508526511463E-15 	 5.23508526511463E-15 	 0 
 0.108143395129794 	 5.29856018431508E-15 	 5.29856018431508E-15 	 0 
 0.10839269140212 	 5.36273913872325E-15 	 5.36273913872325E-15 	-7.88860905221012E-31 
 0.108642562361706 	 5.42762878749056E-15 	 5.42762878749056E-15 	 1.57772181044202E-30 
 0.108893009333343 	 5.49323583681154E-15 	 5.49323583681154E-15 	 2.36658271566304E-30 
 0.109144033644875 	 5.55956704021003E-15 	 5.55956704021003E-15 	 0 
 0.109395636627209 	 5.62662919883638E-15 	 5.62662919883638E-15 	 0 
 0.109647819614318 	 5.69442916177641E-15 	 5.69442916177641E-15 	 0 
 0.109900583943252 	 5.76297382637253E-15 	 5.76297382637253E-15 	 2.36658271566304E-30 
 0.110153930954141 	 5.83227013855804E-15 	 5.83227013855803E-15 	 2.36658271566304E-30 
 0.110407861990207 	 5.9023250932048E-15 	 5.9023250932048E-15 	-2.36658271566304E-30 
 0.110662378397766 	 5.97314573448539E-15 	 5.97314573448539E-15 	 0 
 0.11091748152624 	 6.04473915625008E-15 	 6.04473915625008E-15 	-7.88860905221012E-31 
 0.111173172728159 	 6.11711250241956E-15 	 6.11711250241956E-15 	 7.88860905221012E-31 
 0.111429453359173 	 6.19027296739418E-15 	 6.19027296739418E-15 	 0 
 0.111686324778056 	 6.26422779648029E-15 	 6.26422779648029E-15 	 1.57772181044202E-30 
 0.111943788346715 	 6.33898428633462E-15 	 6.33898428633462E-15 	 0 
 0.112201845430196 	 6.41454978542749E-15 	 6.41454978542749E-15 	 0 
 0.112460497396692 	 6.49093169452571E-15 	 6.49093169452571E-15 	 0 
 0.112719745617551 	 6.56813746719579E-15 	 6.56813746719579E-15 	 0 
 0.112979591467279 	 6.64617461032887E-15 	 6.64617461032887E-15 	 2.36658271566304E-30 
 0.113240036323555 	 6.72505068468753E-15 	 6.72505068468753E-15 	 0 
 0.113501081567231 	 6.80477330547633E-15 	 6.80477330547633E-15 	 0 
 0.113762728582343 	 6.88535014293604E-15 	 6.88535014293604E-15 	-7.88860905221012E-31 
 0.114024978756117 	 6.96678892296351E-15 	 6.96678892296351E-15 	 0 
 0.114287833478977 	 7.04909742775737E-15 	 7.04909742775737E-15 	 0 
 0.114551294144553 	 7.1322834964912E-15 	 7.1322834964912E-15 	-1.57772181044202E-30 
 0.114815362149688 	 7.21635502601491E-15 	 7.21635502601491E-15 	 0 
 0.115080038894443 	 7.30131997158552E-15 	 7.30131997158551E-15 	 3.15544362088405E-30 
 0.115345325782109 	 7.38718634762845E-15 	 7.38718634762845E-15 	 0 
 0.115611224219209 	 7.47396222853054E-15 	 7.47396222853054E-15 	 0 
 0.115877735615512 	 7.56165574946578E-15 	 7.56165574946578E-15 	 0 
 0.116144861384034 	 7.65027510725522E-15 	 7.65027510725522E-15 	 0 
 0.116412602941049 	 7.73982856126199E-15 	 7.73982856126199E-15 	 0 
 0.116680961706096 	 7.83032443432312E-15 	 7.83032443432312E-15 	 0 
 0.116949939101987 	 7.92177111371884E-15 	 7.92177111371884E-15 	 0 
 0.117219536554813 	 8.01417705218126E-15 	 8.01417705218126E-15 	 0 
 0.117489755493953 	 8.10755076894357E-15 	 8.10755076894357E-15 	 0 
 0.11776059735208 	 8.20190085083078E-15 	 8.20190085083078E-15 	-1.57772181044202E-30 
 0.118032063565173 	 8.29723595339419E-15 	 8.29723595339419E-15 	 0 
 0.118304155572516 	 8.39356480209013E-15 	 8.39356480209013E-15 	 1.57772181044202E-30 
 0.118576874816716 	 8.49089619350515E-15 	 8.49089619350515E-15 	 0 
 0.118850222743701 	 8.58923899662872E-15 	 8.58923899662871E-15 	 1.57772181044202E-30 
 0.119124200802737 	 8.68860215417509E-15 	 8.68860215417509E-15 	 0 
 0.119398810446427 	 8.78899468395599E-15 	 8.78899468395599E-15 	 0 
 0.119674053130724 	 8.8904256803055E-15 	 8.8904256803055E-15 	 0 
 0.119949930314937 	 8.99290431555886E-15 	 8.99290431555886E-15 	 1.57772181044202E-30 
 0.120226443461741 	 9.0964398415869E-15 	 9.0964398415869E-15 	 0 
 0.120503594037179 	 9.20104159138745E-15 	 9.20104159138745E-15 	 0 
 0.120781383510677 	 9.30671898073592E-15 	 9.30671898073592E-15 	-1.57772181044202E-30 
 0.121059813355048 	 9.41348150989621E-15 	 9.41348150989621E-15 	-3.15544362088405E-30 
 0.121338885046497 	 9.52133876539418E-15 	 9.52133876539418E-15 	 1.57772181044202E-30 
 0.121618600064636 	 9.63030042185513E-15 	 9.63030042185513E-15 	 0 
 0.121898959892486 	 9.74037624390721E-15 	 9.74037624390721E-15 	 1.57772181044202E-30 
 0.122179966016487 	 9.85157608815255E-15 	 9.85157608815256E-15 	-3.15544362088405E-30 
 0.122461619926504 	 9.96390990520807E-15 	 9.96390990520807E-15 	 3.15544362088405E-30 
 0.12274392311584 	 1.00773877418175E-14 	 1.00773877418175E-14 	 0 
 0.123026877081238 	 1.01920197430372E-14 	 1.01920197430372E-14 	-1.57772181044202E-30 
 0.12331048332289 	 1.03078161544967E-14 	 1.03078161544967E-14 	 0 
 0.12359474334445 	 1.04247873247368E-14 	 1.04247873247368E-14 	 0 
 0.123879658653036 	 1.0542943707627E-14 	 1.0542943707627E-14 	 0 
 0.12416523075924 	 1.06622958648635E-14 	 1.06622958648635E-14 	 1.57772181044202E-30 
 0.124451461177138 	 1.07828544685508E-14 	 1.07828544685508E-14 	 0 
 0.124738351424294 	 1.09046303038685E-14 	 1.09046303038685E-14 	 0 
 0.125025903021771 	 1.10276342718252E-14 	 1.10276342718252E-14 	 0 
 0.125314117494141 	 1.11518773921015E-14 	 1.11518773921015E-14 	 0 
 0.125602996369487 	 1.12773708059844E-14 	 1.12773708059844E-14 	 0 
 0.125892541179416 	 1.14041257793957E-14 	 1.14041257793957E-14 	 0 
 0.126182753459066 	 1.15321537060148E-14 	 1.15321537060148E-14 	 0 
 0.126473634747114 	 1.16614661104998E-14 	 1.16614661104998E-14 	 0 
 0.126765186585784 	 1.17920746518085E-14 	 1.17920746518085E-14 	 0 
 0.127057410520853 	 1.19239911266205E-14 	 1.19239911266205E-14 	 0 
 0.127350308101665 	 1.20572274728641E-14 	 1.20572274728641E-14 	-1.57772181044202E-30 
 0.127643880881134 	 1.21917957733481E-14 	 1.21917957733481E-14 	-1.57772181044202E-30 
 0.127938130415752 	 1.23277082595033E-14 	 1.23277082595033E-14 	 1.57772181044202E-30 
 0.128233058265601 	 1.24649773152329E-14 	 1.24649773152329E-14 	-3.15544362088405E-30 
 0.128528665994361 	 1.26036154808758E-14 	 1.26036154808758E-14 	-4.73316543132607E-30 
 0.128824955169313 	 1.27436354572849E-14 	 1.27436354572849E-14 	-1.57772181044202E-30 
 0.129121927361353 	 1.28850501100213E-14 	 1.28850501100213E-14 	 3.15544362088405E-30 
 0.129419584144998 	 1.30278724736674E-14 	 1.30278724736674E-14 	 0 
 0.129717927098395 	 1.3172115756261E-14 	 1.3172115756261E-14 	 0 
 0.130016957803328 	 1.33177933438519E-14 	 1.33177933438519E-14 	-6.31088724176809E-30 
 0.130316677845229 	 1.34649188051832E-14 	 1.34649188051832E-14 	 0 
 0.130617088813183 	 1.36135058965003E-14 	 1.36135058965003E-14 	 3.15544362088405E-30 
 0.13091819229994 	 1.37635685664871E-14 	 1.37635685664871E-14 	 0 
 0.131219989901919 	 1.39151209613347E-14 	 1.39151209613347E-14 	 6.31088724176809E-30 
 0.131522483219223 	 1.40681774299415E-14 	 1.40681774299415E-14 	 3.15544362088405E-30 
 0.13182567385564 	 1.42227525292481E-14 	 1.42227525292481E-14 	 3.15544362088405E-30 
 0.132129563418657 	 1.43788610297088E-14 	 1.43788610297088E-14 	 3.15544362088405E-30 
 0.132434153519466 	 1.4536517920901E-14 	 1.4536517920901E-14 	 0 
 0.132739445772973 	 1.46957384172742E-14 	 1.46957384172741E-14 	 9.46633086265214E-30 
 0.133045441797808 	 1.48565379640402E-14 	 1.48565379640402E-14 	 0 
 0.133352143216332 	 1.50189322432076E-14 	 1.50189322432076E-14 	 0 
 0.133659551654643 	 1.5182937179759E-14 	 1.5182937179759E-14 	 0 
 0.133967668742593 	 1.53485689479759E-14 	 1.53485689479759E-14 	 3.15544362088405E-30 
 0.134276496113785 	 1.55158439779093E-14 	 1.55158439779093E-14 	 0 
 0.134586035405594 	 1.56847789620005E-14 	 1.56847789620005E-14 	 0 
 0.134896288259164 	 1.5855390861851E-14 	 1.5855390861851E-14 	 3.15544362088405E-30 
 0.135207256319427 	 1.60276969151426E-14 	 1.60276969151426E-14 	-3.15544362088405E-30 
 0.135518941235103 	 1.62017146427108E-14 	 1.62017146427108E-14 	-6.31088724176809E-30 
 0.135831344658714 	 1.63774618557703E-14 	 1.63774618557703E-14 	 3.15544362088405E-30 
 0.136144468246594 	 1.65549566632931E-14 	 1.65549566632931E-14 	 3.15544362088405E-30 
 0.136458313658891 	 1.67342174795427E-14 	 1.67342174795427E-14 	 0 
 0.136772882559584 	 1.69152630317608E-14 	 1.69152630317608E-14 	 0 
 0.137088176616484 	 1.70981123680108E-14 	 1.70981123680108E-14 	 0 
 0.137404197501251 	 1.72827848651751E-14 	 1.72827848651751E-14 	 0 
 0.137720946889394 	 1.74693002371083E-14 	 1.74693002371083E-14 	-3.15544362088405E-30 
 0.138038426460287 	 1.76576785429457E-14 	 1.76576785429457E-14 	 3.15544362088405E-30 
 0.138356637897177 	 1.78479401955656E-14 	 1.78479401955656E-14 	 3.15544362088405E-30 
 0.138675582887188 	 1.80401059702068E-14 	 1.80401059702068E-14 	 3.15544362088405E-30 
 0.138995263121334 	 1.82341970132397E-14 	 1.82341970132397E-14 	 9.46633086265214E-30 
 0.139315680294529 	 1.84302348510895E-14 	 1.84302348510895E-14 	 0 
 0.139636836105593 	 1.86282413993114E-14 	 1.86282413993114E-14 	 0 
 0.139958732257261 	 1.88282389718159E-14 	 1.88282389718159E-14 	 0 
 0.140281370456195 	 1.90302502902434E-14 	 1.90302502902434E-14 	 3.15544362088405E-30 
 0.14060475241299 	 1.92342984934847E-14 	 1.92342984934847E-14 	 3.15544362088405E-30 
 0.140928879842186 	 1.94404071473473E-14 	 1.94404071473473E-14 	-3.15544362088405E-30 
 0.141253754462274 	 1.96486002543631E-14 	 1.96486002543631E-14 	 0 
 0.141579377995707 	 1.98589022637375E-14 	 1.98589022637375E-14 	-3.15544362088405E-30 
 0.141905752168908 	 2.00713380814337E-14 	 2.00713380814337E-14 	 3.15544362088405E-30 
 0.142232878712281 	 2.02859330803915E-14 	 2.02859330803915E-14 	-3.15544362088405E-30 
 0.142560759360218 	 2.05027131108768E-14 	 2.05027131108768E-14 	 3.15544362088405E-30 
 0.142889395851109 	 2.07217045109559E-14 	 2.07217045109559E-14 	 0 
 0.143218789927353 	 2.09429341170931E-14 	 2.09429341170931E-14 	 0 
 0.143548943335364 	 2.11664292748651E-14 	 2.11664292748651E-14 	 0 
 0.143879857825583 	 2.13922178497875E-14 	 2.13922178497875E-14 	 3.15544362088405E-30 
 0.144211535152486 	 2.16203282382489E-14 	 2.16203282382489E-14 	 0 
 0.144543977074592 	 2.18507893785462E-14 	 2.18507893785462E-14 	 0 
 0.144877185354475 	 2.20836307620139E-14 	 2.20836307620139E-14 	 3.15544362088405E-30 
 0.145211161758773 	 2.23188824442437E-14 	 2.23188824442437E-14 	-3.15544362088405E-30 
 0.145545908058195 	 2.25565750563831E-14 	 2.25565750563831E-14 	 3.15544362088405E-30 
 0.145881426027534 	 2.27967398165095E-14 	 2.27967398165095E-14 	 0 
 0.146217717445671 	 2.30394085410692E-14 	 2.30394085410692E-14 	 0 
 0.14655478409559 	 2.32846136563732E-14 	 2.32846136563732E-14 	 3.15544362088405E-30 
 0.146892627764385 	 2.3532388210142E-14 	 2.3532388210142E-14 	 6.31088724176809E-30 
 0.147231250243271 	 2.37827658830874E-14 	 2.37827658830874E-14 	 0 
 0.147570653327588 	 2.40357810005238E-14 	 2.40357810005238E-14 	 3.15544362088405E-30 
 0.147910838816819 	 2.42914685439964E-14 	 2.42914685439964E-14 	 0 
 0.148251808514594 	 2.45498641629154E-14 	 2.45498641629154E-14 	 6.31088724176809E-30 
 0.148593564228699 	 2.4811004186185E-14 	 2.4811004186185E-14 	 0 
 0.14893610777109 	 2.50749256338132E-14 	 2.50749256338132E-14 	 3.15544362088405E-30 
 0.149279440957898 	 2.53416662284912E-14 	 2.53416662284912E-14 	 0 
 0.149623565609442 	 2.56112644071267E-14 	 2.56112644071267E-14 	 6.31088724176809E-30 
 0.149968483550236 	 2.58837593323171E-14 	 2.58837593323171E-14 	 3.15544362088405E-30 
 0.150314196609001 	 2.61591909037486E-14 	 2.61591909037486E-14 	 0 
 0.150660706618673 	 2.64375997695034E-14 	 2.64375997695034E-14 	-6.31088724176809E-30 
 0.151008015416413 	 2.67190273372599E-14 	 2.67190273372599E-14 	 3.15544362088405E-30 
 0.151356124843619 	 2.70035157853671E-14 	 2.70035157853671E-14 	 0 
 0.151705036745932 	 2.72911080737769E-14 	 2.72911080737769E-14 	-3.15544362088405E-30 
 0.152054752973248 	 2.7581847954814E-14 	 2.7581847954814E-14 	 6.31088724176809E-30 
 0.152405275379728 	 2.78757799837634E-14 	 2.78757799837634E-14 	-6.31088724176809E-30 
 0.152756605823806 	 2.81729495292573E-14 	 2.81729495292573E-14 	 0 
 0.153108746168201 	 2.8473402783437E-14 	 2.8473402783437E-14 	 0 
 0.153461698279928 	 2.87771867718706E-14 	 2.87771867718706E-14 	 0 
 0.153815464030302 	 2.90843493632014E-14 	 2.90843493632014E-14 	-6.31088724176809E-30 
 0.154170045294954 	 2.93949392785047E-14 	 2.93949392785047E-14 	-6.31088724176809E-30 
 0.15452544395384 	 2.97090061003275E-14 	 2.97090061003275E-14 	-6.31088724176809E-30 
 0.154881661891247 	 3.00266002813864E-14 	 3.00266002813864E-14 	 0 
 0.155238700995807 	 3.03477731528964E-14 	 3.03477731528964E-14 	 1.26217744835362E-29 
 0.155596563160506 	 3.06725769325046E-14 	 3.06725769325046E-14 	 0 
 0.155955250282694 	 3.10010647317995E-14 	 3.10010647317995E-14 	 6.31088724176809E-30 
 0.156314764264094 	 3.13332905633686E-14 	 3.13332905633686E-14 	 0 
 0.156675107010813 	 3.16693093473725E-14 	 3.16693093473725E-14 	-6.31088724176809E-30 
 0.157036280433354 	 3.20091769176066E-14 	 3.20091769176066E-14 	 0 
 0.15739828644662 	 3.23529500270182E-14 	 3.23529500270182E-14 	 0 
 0.157761126969933 	 3.27006863526466E-14 	 3.27006863526466E-14 	 0 
 0.158124803927037 	 3.30524444999532E-14 	 3.30524444999532E-14 	-6.31088724176809E-30 
 0.15848931924611 	 3.34082840065076E-14 	 3.34082840065076E-14 	 0 
 0.158854674859776 	 3.37682653449949E-14 	 3.37682653449949E-14 	-6.31088724176809E-30 
 0.159220872705115 	 3.41324499255087E-14 	 3.41324499255087E-14 	 0 
 0.159587914723672 	 3.45009000970937E-14 	 3.45009000970937E-14 	 0 
 0.159955802861465 	 3.48736791485E-14 	 3.48736791485E-14 	 0 
 0.160324539069002 	 3.52508513081123E-14 	 3.52508513081123E-14 	 0 
 0.160694125301286 	 3.56324817430158E-14 	 3.56324817430158E-14 	 0 
 0.161064563517825 	 3.60186365571581E-14 	 3.60186365571581E-14 	 0 
 0.161435855682647 	 3.64093827885703E-14 	 3.64093827885703E-14 	 0 
 0.161808003764305 	 3.68047884056038E-14 	 3.68047884056038E-14 	 6.31088724176809E-30 
 0.162181009735891 	 3.72049223021463E-14 	 3.72049223021463E-14 	-6.31088724176809E-30 
 0.162554875575047 	 3.76098542917712E-14 	 3.76098542917712E-14 	 0 
 0.16292960326397 	 3.8019655100784E-14 	 3.8019655100784E-14 	 0 
 0.163305194789432 	 3.84343963601206E-14 	 3.84343963601206E-14 	 0 
 0.163681652142779 	 3.88541505960575E-14 	 3.88541505960575E-14 	 0 
 0.164058977319952 	 3.92789912196913E-14 	 3.92789912196913E-14 	 0 
 0.164437172321491 	 3.9708992515146E-14 	 3.9708992515146E-14 	-6.31088724176809E-30 
 0.164816239152549 	 4.01442296264664E-14 	 4.01442296264664E-14 	 0 
 0.1651961798229 	 4.05847785431553E-14 	 4.05847785431553E-14 	 0 
 0.165576996346951 	 4.10307160843146E-14 	 4.10307160843146E-14 	 0 
 0.165958690743754 	 4.14821198813475E-14 	 4.14821198813475E-14 	 6.31088724176809E-30 
 0.166341265037015 	 4.19390683591836E-14 	 4.19390683591836E-14 	-6.31088724176809E-30 
 0.166724721255104 	 4.24016407159856E-14 	 4.24016407159856E-14 	 0 
 0.167109061431069 	 4.28699169012992E-14 	 4.28699169012992E-14 	-6.31088724176809E-30 
 0.167494287602642 	 4.33439775926091E-14 	 4.33439775926091E-14 	 0 
 0.167880401812254 	 4.38239041702633E-14 	 4.38239041702633E-14 	-1.89326617253043E-29 
 0.168267406107045 	 4.43097786907307E-14 	 4.43097786907307E-14 	 0 
 0.168655302538872 	 4.48016838581584E-14 	 4.48016838581584E-14 	 0 
 0.169044093164324 	 4.52997029941951E-14 	 4.52997029941951E-14 	 0 
 0.169433780044731 	 4.58039200060518E-14 	 4.58039200060518E-14 	 0 
 0.169824365246172 	 4.63144193527693E-14 	 4.63144193527693E-14 	 1.26217744835362E-29 
 0.170215850839493 	 4.68312860096681E-14 	 4.68312860096681E-14 	 0 
 0.17060823890031 	 4.73546054309549E-14 	 4.73546054309549E-14 	 0 
 0.171001531509027 	 4.78844635104664E-14 	 4.78844635104664E-14 	-6.31088724176809E-30 
 0.17139573075084 	 4.84209465405299E-14 	 4.84209465405299E-14 	 1.26217744835362E-29 
 0.171790838715757 	 4.89641411689269E-14 	 4.89641411689269E-14 	 0 
 0.172186857498599 	 4.95141343539478E-14 	 4.95141343539478E-14 	 0 
 0.172583789199018 	 5.00710133175272E-14 	 5.00710133175272E-14 	 0 
 0.172981635921508 	 5.06348654964577E-14 	 5.06348654964577E-14 	 0 
 0.173380399775412 	 5.12057784916802E-14 	 5.12057784916802E-14 	 6.31088724176809E-30 
 0.173780082874935 	 5.17838400156542E-14 	 5.17838400156542E-14 	 0 
 0.174180687339159 	 5.23691378378173E-14 	 5.23691378378173E-14 	 0 
 0.174582215292048 	 5.29617597281458E-14 	 5.29617597281458E-14 	 0 
 0.174984668862463 	 5.35617933988353E-14 	 5.35617933988353E-14 	 0 
 0.175388050184174 	 5.41693264441253E-14 	 5.41693264441253E-14 	 0 
 0.175792361395867 	 5.47844462782939E-14 	 5.47844462782939E-14 	 0 
 0.176197604641161 	 5.54072400718609E-14 	 5.54072400718609E-14 	 1.26217744835362E-29 
 0.176603782068614 	 5.60377946860387E-14 	 5.60377946860388E-14 	-1.26217744835362E-29 
 0.17701089583174 	 5.66761966054775E-14 	 5.66761966054775E-14 	 0 
 0.177418948089014 	 5.7322531869359E-14 	 5.7322531869359E-14 	 0 
 0.17782794100389 	 5.79768860008998E-14 	 5.79768860008998E-14 	-1.26217744835362E-29 
 0.178237876744807 	 5.86393439353309E-14 	 5.86393439353309E-14 	 0 
 0.178648757485203 	 5.93099899464284E-14 	 5.93099899464284E-14 	 0 
 0.179060585403527 	 5.99889075716775E-14 	 5.99889075716775E-14 	 0 
 0.17947336268325 	 6.06761795361602E-14 	 6.06761795361602E-14 	 0 
 0.179887091512876 	 6.13718876752616E-14 	 6.13718876752616E-14 	 0 
 0.180301774085954 	 6.20761128563035E-14 	 6.20761128563036E-14 	-2.52435489670724E-29 
 0.18071741260109 	 6.27889348992163E-14 	 6.27889348992163E-14 	 0 
 0.181134009261958 	 6.35104324963701E-14 	 6.35104324963701E-14 	 0 
 0.181551566277311 	 6.42406831316973E-14 	 6.42406831316973E-14 	 0 
 0.181970085860996 	 6.49797629992422E-14 	 6.49797629992422E-14 	 0 
 0.182389570231961 	 6.57277469212844E-14 	 6.57277469212844E-14 	 0 
 0.182810021614272 	 6.64847082661903E-14 	 6.64847082661903E-14 	 0 
 0.183231442237119 	 6.72507188661563E-14 	 6.72507188661563E-14 	 0 
 0.183653834334832 	 6.8025848935013E-14 	 6.8025848935013E-14 	 1.26217744835362E-29 
 0.184077200146893 	 6.88101669862709E-14 	 6.88101669862709E-14 	 0 
 0.184501541917945 	 6.96037397515934E-14 	 6.96037397515934E-14 	 0 
 0.184926861897805 	 7.04066320998918E-14 	 7.04066320998918E-14 	-1.26217744835362E-29 
 0.185353162341479 	 7.12189069572461E-14 	 7.12189069572461E-14 	 0 
 0.185780445509167 	 7.20406252278581E-14 	 7.20406252278581E-14 	 1.26217744835362E-29 
 0.186208713666284 	 7.28718457162566E-14 	 7.28718457162566E-14 	 0 
 0.186637969083464 	 7.37126250509756E-14 	 7.37126250509756E-14 	 0 
 0.187068214036577 	 7.45630176099355E-14 	 7.45630176099355E-14 	-1.26217744835362E-29 
 0.187499450806739 	 7.54230754477637E-14 	 7.54230754477637E-14 	 0 
 0.187931681680324 	 7.62928482252941E-14 	 7.62928482252941E-14 	 0 
 0.188364908948977 	 7.71723831414898E-14 	 7.71723831414898E-14 	-1.26217744835362E-29 
 0.188799134909627 	 7.80617248680435E-14 	 7.80617248680435E-14 	 0 
 0.189234361864495 	 7.89609154869024E-14 	 7.89609154869024E-14 	 0 
 0.189670592121112 	 7.98699944309798E-14 	 7.98699944309798E-14 	 0 
 0.190107827992327 	 8.07889984283103E-14 	 8.07889984283103E-14 	-1.26217744835362E-29 
 0.190546071796322 	 8.17179614499068E-14 	 8.17179614499068E-14 	 0 
 0.190985325856621 	 8.26569146615852E-14 	 8.26569146615852E-14 	-1.26217744835362E-29 
 0.191425592502106 	 8.36058863800131E-14 	 8.36058863800131E-14 	 1.26217744835362E-29 
 0.191866874067026 	 8.45649020332476E-14 	 8.45649020332476E-14 	 0 
 0.192309172891013 	 8.55339841260168E-14 	 8.55339841260168E-14 	 0 
 0.192752491319091 	 8.65131522100039E-14 	 8.65131522100039E-14 	 0 
 0.193196831701689 	 8.75024228593856E-14 	 8.75024228593856E-14 	-1.26217744835362E-29 
 0.193642196394658 	 8.85018096518722E-14 	 8.85018096518722E-14 	 1.26217744835362E-29 
 0.194088587759275 	 8.95113231554919E-14 	 8.95113231554919E-14 	 1.26217744835362E-29 
 0.194536008162263 	 9.0530970921357E-14 	 9.0530970921357E-14 	-1.26217744835362E-29 
 0.194984459975802 	 9.15607574826386E-14 	 9.15607574826386E-14 	 1.26217744835362E-29 
 0.195433945577536 	 9.26006843599697E-14 	 9.26006843599697E-14 	 0 
 0.195884467350596 	 9.36507500734883E-14 	 9.36507500734883E-14 	 1.26217744835362E-29 
 0.196336027683602 	 9.4710950161721E-14 	 9.4710950161721E-14 	 1.26217744835362E-29 
 0.196788628970681 	 9.57812772074921E-14 	 9.57812772074921E-14 	 2.52435489670724E-29 
 0.197242273611482 	 9.68617208710394E-14 	 9.68617208710394E-14 	 2.52435489670724E-29 
 0.197696964011183 	 9.79522679304941E-14 	 9.79522679304941E-14 	 0 
 0.198152702580507 	 9.90529023298769E-14 	 9.90529023298769E-14 	 0 
 0.198609491735734 	 1.00163605234741E-13 	 1.00163605234741E-13 	 0 
 0.199067333898716 	 1.01284355095581E-13 	 1.01284355095581E-13 	-1.26217744835362E-29 
 0.199526231496885 	 1.02415127719105E-13 	 1.02415127719105E-13 	 1.26217744835362E-29 
 0.199986186963271 	 1.03555896347454E-13 	 1.03555896347454E-13 	 0 
 0.200447202736513 	 1.04706631745434E-13 	 1.04706631745434E-13 	 0 
 0.20090928126087 	 1.05867302295808E-13 	 1.05867302295808E-13 	 0 
 0.201372424986236 	 1.07037874102661E-13 	 1.07037874102662E-13 	-1.26217744835362E-29 
 0.201836636368153 	 1.0821831110287E-13 	 1.0821831110287E-13 	 0 
 0.202301917867824 	 1.09408575185629E-13 	 1.09408575185629E-13 	 0 
 0.202768271952125 	 1.10608626320034E-13 	 1.10608626320034E-13 	-1.26217744835362E-29 
 0.203235701093619 	 1.11818422690635E-13 	 1.11818422690635E-13 	 1.26217744835362E-29 
 0.203704207770568 	 1.13037920840909E-13 	 1.13037920840909E-13 	-1.26217744835362E-29 
 0.20417379446695 	 1.14267075824531E-13 	 1.14267075824531E-13 	 0 
 0.204644463672464 	 1.15505841364345E-13 	 1.15505841364345E-13 	-2.52435489670724E-29 
 0.205116217882553 	 1.16754170018884E-13 	 1.16754170018884E-13 	 0 
 0.205589059598411 	 1.18012013356277E-13 	 1.18012013356277E-13 	-2.52435489670724E-29 
 0.206062991326997 	 1.19279322135371E-13 	 1.19279322135371E-13 	 0 
 0.206538015581049 	 1.20556046493863E-13 	 1.20556046493863E-13 	-2.52435489670724E-29 
 0.207014134879101 	 1.21842136143223E-13 	 1.21842136143223E-13 	 0 
 0.207491351745487 	 1.23137540570167E-13 	 1.23137540570167E-13 	 2.52435489670724E-29 
 0.207969668710366 	 1.24442209244428E-13 	 1.24442209244428E-13 	 0 
 0.208449088309725 	 1.25756091832549E-13 	 1.25756091832549E-13 	 0 
 0.2089296130854 	 1.27079138417412E-13 	 1.27079138417412E-13 	 0 
 0.209411245585086 	 1.28411299723182E-13 	 1.28411299723182E-13 	 0 
 0.209893988362349 	 1.29752527345374E-13 	 1.29752527345374E-13 	 0 
 0.210377843976644 	 1.31102773985681E-13 	 1.31102773985681E-13 	 2.52435489670724E-29 
 0.210862814993325 	 1.32461993691235E-13 	 1.32461993691235E-13 	 0 
 0.211348903983661 	 1.33830142097938E-13 	 1.33830142097938E-13 	-2.52435489670724E-29 
 0.211836113524847 	 1.35207176677493E-13 	 1.35207176677493E-13 	 0 
 0.212324446200018 	 1.36593056987774E-13 	 1.36593056987774E-13 	 0 
 0.212813904598267 	 1.37987744926126E-13 	 1.37987744926126E-13 	 0 
 0.213304491314654 	 1.39391204985237E-13 	 1.39391204985237E-13 	 0 
 0.213796208950219 	 1.40803404511158E-13 	 1.40803404511158E-13 	-2.52435489670724E-29 
 0.214289060112002 	 1.422243139631E-13 	 1.422243139631E-13 	 0 
 0.21478304741305 	 1.43653907174586E-13 	 1.43653907174586E-13 	 0 
 0.215278173472433 	 1.45092161615569E-13 	 1.45092161615569E-13 	 2.52435489670724E-29 
 0.215774440915263 	 1.46539058655112E-13 	 1.46539058655112E-13 	 2.52435489670724E-29 
 0.216271852372698 	 1.47994583824225E-13 	 1.47994583824225E-13 	-5.04870979341448E-29 
 0.216770410481966 	 1.49458727078471E-13 	 1.49458727078471E-13 	-2.52435489670724E-29 
 0.217270117886371 	 1.50931483059933E-13 	 1.50931483059933E-13 	 5.04870979341448E-29 
 0.217770977235312 	 1.52412851358157E-13 	 1.52412851358157E-13 	-2.52435489670724E-29 
 0.218272991184296 	 1.53902836769692E-13 	 1.53902836769692E-13 	-2.52435489670724E-29 
 0.218776162394951 	 1.55401449555832E-13 	 1.55401449555832E-13 	 0 
 0.219280493535041 	 1.56908705698197E-13 	 1.56908705698197E-13 	-2.52435489670724E-29 
 0.219785987278478 	 1.58424627151786E-13 	 1.58424627151786E-13 	 0 
 0.220292646305342 	 1.59949242095131E-13 	 1.59949242095131E-13 	 2.52435489670724E-29 
 0.220800473301886 	 1.61482585177217E-13 	 1.61482585177217E-13 	 2.52435489670724E-29 
 0.22130947096056 	 1.63024697760807E-13 	 1.63024697760807E-13 	 0 
 0.221819641980018 	 1.64575628161853E-13 	 1.64575628161853E-13 	 0 
 0.222330989065136 	 1.66135431884646E-13 	 1.66135431884646E-13 	 0 
 0.222843514927026 	 1.67704171852408E-13 	 1.67704171852408E-13 	 0 
 0.223357222283049 	 1.69281918632986E-13 	 1.69281918632986E-13 	 0 
 0.22387211385683 	 1.70868750659372E-13 	 1.70868750659372E-13 	 0 
 0.224388192378272 	 1.72464754444723E-13 	 1.72464754444723E-13 	 0 
 0.224905460583574 	 1.7407002479161E-13 	 1.7407002479161E-13 	 0 
 0.225423921215239 	 1.75684664995193E-13 	 1.75684664995193E-13 	 0 
 0.225943577022094 	 1.77308787040045E-13 	 1.77308787040045E-13 	 2.52435489670724E-29 
 0.226464430759302 	 1.78942511790344E-13 	 1.78942511790344E-13 	 5.04870979341448E-29 
 0.226986485188378 	 1.80585969173155E-13 	 1.80585969173155E-13 	 0 
 0.227509743077203 	 1.82239298354515E-13 	 1.82239298354515E-13 	 5.04870979341448E-29 
 0.228034207200037 	 1.83902647908056E-13 	 1.83902647908056E-13 	 0 
 0.228559880337539 	 1.85576175975876E-13 	 1.85576175975876E-13 	 0 
 0.229086765276773 	 1.87260050421368E-13 	 1.87260050421368E-13 	 2.52435489670724E-29 
 0.229614864811232 	 1.88954448973729E-13 	 1.88954448973729E-13 	 0 
 0.230144181740846 	 1.9065955936384E-13 	 1.9065955936384E-13 	-5.04870979341448E-29 
 0.230674718872002 	 1.92375579451218E-13 	 1.92375579451218E-13 	-5.04870979341448E-29 
 0.231206479017555 	 1.94102717341709E-13 	 1.94102717341709E-13 	 0 
 0.231739464996843 	 1.95841191495608E-13 	 1.95841191495608E-13 	 0 
 0.232273679635706 	 1.97591230825849E-13 	 1.97591230825849E-13 	-5.04870979341448E-29 
 0.232809125766496 	 1.99353074785908E-13 	 1.99353074785908E-13 	 0 
 0.233345806228096 	 2.0112697344703E-13 	 2.0112697344703E-13 	 0 
 0.233883723865931 	 2.02913187564402E-13 	 2.02913187564402E-13 	 0 
 0.234422881531988 	 2.04711988631813E-13 	 2.04711988631813E-13 	 0 
 0.234963282084826 	 2.06523658924395E-13 	 2.06523658924395E-13 	 0 
 0.235504928389596 	 2.08348491528943E-13 	 2.08348491528943E-13 	-2.52435489670724E-29 
 0.236047823318053 	 2.10186790361331E-13 	 2.10186790361331E-13 	 0 
 0.236591969748571 	 2.1203887017049E-13 	 2.1203887017049E-13 	-2.52435489670724E-29 
 0.237137370566161 	 2.13905056528398E-13 	 2.13905056528398E-13 	 0 
 0.237684028662483 	 2.15785685805492E-13 	 2.15785685805492E-13 	 0 
 0.238231946935864 	 2.17681105130874E-13 	 2.17681105130874E-13 	 0 
 0.238781128291313 	 2.19591672336685E-13 	 2.19591672336685E-13 	 0 
 0.239331575640534 	 2.21517755885934E-13 	 2.21517755885934E-13 	 2.52435489670724E-29 
 0.239883291901944 	 2.23459734783085E-13 	 2.23459734783085E-13 	 5.04870979341448E-29 
 0.240436280000688 	 2.25417998466651E-13 	 2.25417998466651E-13 	 0 
 0.240990542868655 	 2.27392946683006E-13 	 2.27392946683006E-13 	 0 
 0.241546083444489 	 2.29384989340614E-13 	 2.29384989340614E-13 	 0 
 0.242102904673613 	 2.31394546343824E-13 	 2.31394546343824E-13 	 0 
 0.242661009508237 	 2.33422047405363E-13 	 2.33422047405363E-13 	 0 
 0.243220400907377 	 2.35467931836643E-13 	 2.35467931836643E-13 	 0 
 0.24378108183687 	 2.37532648314938E-13 	 2.37532648314938E-13 	 0 
 0.244343055269392 	 2.39616654626517E-13 	 2.39616654626517E-13 	 0 
 0.244906324184469 	 2.41720417384763E-13 	 2.41720417384763E-13 	 5.04870979341448E-29 
 0.245470891568498 	 2.43844411722311E-13 	 2.43844411722311E-13 	 5.04870979341448E-29 
 0.246036760414758 	 2.45989120956232E-13 	 2.45989120956232E-13 	 0 
 0.246603933723429 	 2.4815503622529E-13 	 2.4815503622529E-13 	 0 
 0.247172414501608 	 2.50342656098289E-13 	 2.50342656098289E-13 	 0 
 0.247742205763323 	 2.52552486152564E-13 	 2.52552486152564E-13 	 0 
 0.248313310529552 	 2.54785038521656E-13 	 2.54785038521656E-13 	-5.04870979341448E-29 
 0.248885731828234 	 2.57040831411284E-13 	 2.57040831411284E-13 	 0 
 0.24945947269429 	 2.59320388582706E-13 	 2.59320388582706E-13 	 0 
 0.250034536169638 	 2.61624238802661E-13 	 2.61624238802661E-13 	 5.04870979341448E-29 
 0.250610925303206 	 2.63952915259116E-13 	 2.63952915259116E-13 	 5.04870979341448E-29 
 0.251188643150953 	 2.66306954942105E-13 	 2.66306954942105E-13 	-5.04870979341448E-29 
 0.25176769277588 	 2.68686897989042E-13 	 2.68686897989042E-13 	 0 
 0.252348077248052 	 2.71093286993981E-13 	 2.71093286993981E-13 	 0 
 0.252929799644609 	 2.73526666280394E-13 	 2.73526666280394E-13 	 5.04870979341448E-29 
 0.253512863049785 	 2.75987581137165E-13 	 2.75987581137165E-13 	 0 
 0.254097270554925 	 2.78476577017642E-13 	 2.78476577017642E-13 	 5.04870979341448E-29 
 0.254683025258499 	 2.80994198701718E-13 	 2.80994198701718E-13 	-5.04870979341448E-29 
 0.255270130266119 	 2.83540989421101E-13 	 2.83540989421101E-13 	 0 
 0.255858588690559 	 2.86117489948103E-13 	 2.86117489948103E-13 	-5.04870979341448E-29 
 0.256448403651766 	 2.88724237648477E-13 	 2.88724237648477E-13 	 5.04870979341448E-29 
 0.257039578276881 	 2.91361765499043E-13 	 2.91361765499043E-13 	 0 
 0.257632115700252 	 2.94030601071093E-13 	 2.94030601071093E-13 	 0 
 0.258226019063454 	 2.96731265480773E-13 	 2.96731265480773E-13 	-5.04870979341448E-29 
 0.258821291515303 	 2.99464272307947E-13 	 2.99464272307947E-13 	 0 
 0.259417936211876 	 3.02230126485285E-13 	 3.02230126485285E-13 	 5.04870979341448E-29 
 0.260015956316521 	 3.05029323159636E-13 	 3.05029323159636E-13 	 0 
 0.260615354999884 	 3.07862346528031E-13 	 3.07862346528031E-13 	 1.0097419586829E-28 
 0.261216135439915 	 3.10729668650985E-13 	 3.10729668650985E-13 	 5.04870979341448E-29 
 0.261818300821893 	 3.13631748246095E-13 	 3.13631748246095E-13 	 5.04870979341448E-29 
 0.262421854338438 	 3.16569029465256E-13 	 3.16569029465256E-13 	 0 
 0.263026799189532 	 3.1954194065916E-13 	 3.1954194065916E-13 	 0 
 0.263633138582532 	 3.22550893133092E-13 	 3.22550893133092E-13 	 0 
 0.264240875732189 	 3.25596279898382E-13 	 3.25596279898382E-13 	 5.04870979341448E-29 
 0.264850013860664 	 3.28678474424196E-13 	 3.28678474424196E-13 	 0 
 0.265460556197548 	 3.31797829394731E-13 	 3.31797829394731E-13 	-1.0097419586829E-28 
 0.266072505979875 	 3.34954675477162E-13 	 3.34954675477162E-13 	 5.04870979341448E-29 
 0.266685866452142 	 3.38149320106045E-13 	 3.38149320106045E-13 	 1.0097419586829E-28 
 0.267300640866325 	 3.4138204629017E-13 	 3.41382046290169E-13 	 5.04870979341448E-29 
 0.267916832481897 	 3.44653111448137E-13 	 3.44653111448137E-13 	-5.04870979341448E-29 
 0.268534444565845 	 3.47962746279214E-13 	 3.47962746279214E-13 	-5.04870979341448E-29 
 0.269153480392685 	 3.5131115367624E-13 	 3.5131115367624E-13 	 0 
 0.269773943244486 	 3.54698507687559E-13 	 3.54698507687559E-13 	-5.04870979341448E-29 
 0.270395836410878 	 3.58124952535129E-13 	 3.58124952535129E-13 	 5.04870979341448E-29 
 0.271019163189078 	 3.61590601696085E-13 	 3.61590601696085E-13 	 0 
 0.271643926883902 	 3.65095537055085E-13 	 3.65095537055085E-13 	 5.04870979341448E-29 
 0.272270130807785 	 3.68639808134845E-13 	 3.68639808134845E-13 	 0 
 0.272897778280798 	 3.72223431412206E-13 	 3.72223431412206E-13 	 0 
 0.273526872630665 	 3.75846389727022E-13 	 3.75846389727022E-13 	 0 
 0.274157417192782 	 3.79508631791008E-13 	 3.79508631791008E-13 	 0 
 0.274789415310233 	 3.83210071803503E-13 	 3.83210071803503E-13 	 0 
 0.27542287033381 	 3.86950589180817E-13 	 3.86950589180817E-13 	 5.04870979341448E-29 
 0.276057785622028 	 3.90730028405525E-13 	 3.90730028405525E-13 	 0 
 0.276694164541145 	 3.9454819900167E-13 	 3.9454819900167E-13 	-1.0097419586829E-28 
 0.277332010465178 	 3.98404875641365E-13 	 3.98404875641365E-13 	 0 
 0.277971326775922 	 4.02299798387766E-13 	 4.02299798387766E-13 	 5.04870979341448E-29 
 0.27861211686297 	 4.06232673078825E-13 	 4.06232673078825E-13 	 1.0097419586829E-28 
 0.279254384123727 	 4.10203171855507E-13 	 4.10203171855507E-13 	 0 
 0.27989813196343 	 4.14210933837553E-13 	 4.14210933837553E-13 	-5.04870979341448E-29 
 0.280543363795165 	 4.18255565948999E-13 	 4.18255565948999E-13 	 0 
 0.281190083039887 	 4.22336643894944E-13 	 4.22336643894944E-13 	-5.04870979341448E-29 
 0.281838293126439 	 4.26453713290134E-13 	 4.26453713290134E-13 	 0 
 0.282487997491564 	 4.30606290939101E-13 	 4.30606290939101E-13 	 5.04870979341448E-29 
 0.283139199579931 	 4.34793866266631E-13 	 4.34793866266631E-13 	-5.04870979341448E-29 
 0.283791902844149 	 4.39015902896434E-13 	 4.39015902896434E-13 	 0 
 0.284446110744785 	 4.43271840374927E-13 	 4.43271840374927E-13 	 0 
 0.285101826750384 	 4.47561096036101E-13 	 4.47561096036101E-13 	 0 
 0.285759054337488 	 4.518830670025E-13 	 4.518830670025E-13 	 0 
 0.286417796990651 	 4.56237132316427E-13 	 4.56237132316427E-13 	 0 
 0.287078058202462 	 4.60622655194587E-13 	 4.60622655194587E-13 	 0 
 0.28773984147356 	 4.65038985398556E-13 	 4.65038985398556E-13 	 0 
 0.288403150312654 	 4.69485461712615E-13 	 4.69485461712615E-13 	 2.01948391736579E-28 
 0.28906798823654 	 4.7396141451979E-13 	 4.7396141451979E-13 	 0 
 0.289734358770125 	 4.78466168466225E-13 	 4.78466168466225E-13 	 0 
 0.290402265446438 	 4.82999045203424E-13 	 4.82999045203424E-13 	 0 
 0.291071711806653 	 4.87559366197369E-13 	 4.87559366197369E-13 	 0 
 0.291742701400109 	 4.92146455593096E-13 	 4.92146455593096E-13 	 1.0097419586829E-28 
 0.292415237784326 	 4.96759643122966E-13 	 4.96759643122966E-13 	 0 
 0.293089324525025 	 5.01398267046582E-13 	 5.01398267046582E-13 	 0 
 0.293764965196146 	 5.06061677110253E-13 	 5.06061677110253E-13 	 0 
 0.294442163379869 	 5.10749237513737E-13 	 5.10749237513737E-13 	 0 
 0.295120922666631 	 5.15460329872161E-13 	 5.15460329872161E-13 	 0 
 0.295801246655147 	 5.2019435616109E-13 	 5.2019435616109E-13 	 0 
 0.296483138952427 	 5.24950741633016E-13 	 5.24950741633016E-13 	 0 
 0.297166603173795 	 5.29728937693858E-13 	 5.29728937693858E-13 	 0 
 0.297851642942911 	 5.34528424728493E-13 	 5.34528424728493E-13 	 1.0097419586829E-28 
 0.298538261891788 	 5.39348714864856E-13 	 5.39348714864856E-13 	 0 
 0.299226463660811 	 5.44189354666717E-13 	 5.44189354666718E-13 	-1.0097419586829E-28 
 0.299916251898757 	 5.49049927745873E-13 	 5.49049927745873E-13 	-1.0097419586829E-28 
 0.300607630262815 	 5.53930057285217E-13 	 5.53930057285217E-13 	 0 
 0.301300602418604 	 5.58829408464855E-13 	 5.58829408464855E-13 	 0 
 0.301995172040194 	 5.63747690784202E-13 	 5.63747690784202E-13 	 0 
 0.302691342810123 	 5.68684660273827E-13 	 5.68684660273827E-13 	 0 
 0.303389118419419 	 5.73640121591511E-13 	 5.73640121591511E-13 	 0 
 0.30408850256762 	 5.78613929997899E-13 	 5.78613929997899E-13 	 0 
 0.30478949896279 	 5.83605993207772E-13 	 5.83605993207772E-13 	 0 
 0.305492111321543 	 5.88616273113828E-13 	 5.88616273113828E-13 	 0 
 0.30619634336906 	 5.9364478738047E-13 	 5.9364478738047E-13 	 0 
 0.306902198839108 	 5.98691610905835E-13 	 5.98691610905835E-13 	 0 
 0.307609681474063 	 6.0375687715086E-13 	 6.0375687715086E-13 	 0 
 0.308318795024927 	 6.0884077933474E-13 	 6.0884077933474E-13 	 0 
 0.309029543251351 	 6.13943571496566E-13 	 6.13943571496566E-13 	 0 
 0.30974192992165 	 6.19065569423353E-13 	 6.19065569423353E-13 	-2.01948391736579E-28 
 0.310455958812827 	 6.24207151444927E-13 	 6.24207151444927E-13 	 1.0097419586829E-28 
 0.311171633710594 	 6.29368759096358E-13 	 6.29368759096358E-13 	 0 
 0.311888958409386 	 6.34550897648733E-13 	 6.34550897648733E-13 	 1.0097419586829E-28 
 0.312607936712387 	 6.39754136509064E-13 	 6.39754136509064E-13 	 0 
 0.31332857243155 	 6.44979109490047E-13 	 6.44979109490047E-13 	 0 
 0.314050869387613 	 6.50226514950195E-13 	 6.50226514950195E-13 	 0 
 0.314774831410123 	 6.55497115804583E-13 	 6.55497115804583E-13 	 0 
 0.315500462337454 	 6.60791739406064E-13 	 6.60791739406064E-13 	 0 
 0.31622776601683 	 6.66111277296356E-13 	 6.66111277296356E-13 	 0 
 0.316956746304341 	 6.71456684825819E-13 	 6.71456684825819E-13 	 0 
 0.317687407064969 	 6.76828980640155E-13 	 6.76828980640155E-13 	 0 
 0.318419752172604 	 6.82229246031493E-13 	 6.82229246031493E-13 	 1.0097419586829E-28 
 0.319153785510068 	 6.87658624150618E-13 	 6.87658624150618E-13 	 1.0097419586829E-28 
 0.319889510969131 	 6.93118319076242E-13 	 6.93118319076242E-13 	 0 
 0.320626932450538 	 6.98609594736353E-13 	 6.98609594736353E-13 	 0 
 0.321366053864023 	 7.041337736758E-13 	 7.041337736758E-13 	-2.01948391736579E-28 
 0.322106879128335 	 7.09692235663349E-13 	 7.09692235663349E-13 	 0 
 0.322849412171255 	 7.1528641613052E-13 	 7.1528641613052E-13 	 0 
 0.32359365692962 	 7.20917804433645E-13 	 7.20917804433645E-13 	 0 
 0.32433961734934 	 7.26587941929639E-13 	 7.26587941929639E-13 	 0 
 0.325087297385426 	 7.32298419855263E-13 	 7.32298419855263E-13 	 2.01948391736579E-28 
 0.325836701002 	 7.38050876998755E-13 	 7.38050876998755E-13 	 1.0097419586829E-28 
 0.326587832172327 	 7.43846997152158E-13 	 7.43846997152158E-13 	 0 
 0.327340694878829 	 7.49688506331985E-13 	 7.49688506331985E-13 	 0 
 0.32809529311311 	 7.55577169755515E-13 	 7.55577169755515E-13 	-1.0097419586829E-28 
 0.328851630875974 	 7.61514788559635E-13 	 7.61514788559635E-13 	 0 
 0.329609712177449 	 7.67503196249103E-13 	 7.67503196249103E-13 	 3.02922587604869E-28 
 0.330369541036806 	 7.73544254861096E-13 	 7.73544254861096E-13 	 0 
 0.331131121482582 	 7.79639850833325E-13 	 7.79639850833325E-13 	 0 
 0.331894457552601 	 7.85791890563439E-13 	 7.85791890563439E-13 	 0 
 0.332659553293995 	 7.92002295648383E-13 	 7.92002295648383E-13 	 0 
 0.333426412763226 	 7.98272997793419E-13 	 7.98272997793418E-13 	 3.02922587604869E-28 
 0.334195040026105 	 8.0460593338206E-13 	 8.0460593338206E-13 	 0 
 0.334965439157818 	 8.11003037699936E-13 	 8.11003037699936E-13 	 0 
 0.335737614242945 	 8.1746623880782E-13 	 8.1746623880782E-13 	 0 
 0.336511569375481 	 8.23997451061629E-13 	 8.23997451061629E-13 	 0 
 0.337287308658859 	 8.30598568280204E-13 	 8.30598568280204E-13 	 0 
 0.338064836205972 	 8.37271456565078E-13 	 8.37271456565078E-13 	 1.0097419586829E-28 
 0.338844156139193 	 8.44017946780321E-13 	 8.44017946780321E-13 	-1.0097419586829E-28 
 0.339625272590399 	 8.50839826704787E-13 	 8.50839826704787E-13 	 0 
 0.340408189700991 	 8.57738832873812E-13 	 8.57738832873812E-13 	 0 
 0.341192911621919 	 8.64716642132519E-13 	 8.64716642132519E-13 	-1.0097419586829E-28 
 0.341979442513699 	 8.71774862928406E-13 	 8.71774862928406E-13 	 0 
 0.342767786546441 	 8.7891502637671E-13 	 8.7891502637671E-13 	 2.01948391736579E-28 
 0.343557947899865 	 8.86138577138244E-13 	 8.86138577138244E-13 	 2.01948391736579E-28 
 0.344349930763329 	 8.93446864155826E-13 	 8.93446864155826E-13 	 0 
 0.345143739335846 	 9.00841131302004E-13 	 9.00841131302004E-13 	 2.01948391736579E-28 
 0.345939377826112 	 9.08322507997488E-13 	 9.08322507997488E-13 	 0 
 0.346736850452522 	 9.15891999866473E-13 	 9.15891999866472E-13 	 2.01948391736579E-28 
 0.347536161443196 	 9.23550479501557E-13 	 9.23550479501557E-13 	 0 
 0.348337315036002 	 9.31298677417429E-13 	 9.31298677417429E-13 	 0 
 0.349140315478576 	 9.39137173278459E-13 	 9.39137173278459E-13 	 0 
 0.349945167028347 	 9.47066387490874E-13 	 9.47066387490874E-13 	 0 
 0.350751873952558 	 9.55086573255059E-13 	 9.55086573255059E-13 	 4.03896783473158E-28 
 0.351560440528288 	 9.63197809177501E-13 	 9.63197809177501E-13 	 0 
 0.352370871042477 	 9.71399992545042E-13 	 9.71399992545042E-13 	 0 
 0.353183169791947 	 9.79692833365889E-13 	 9.79692833365888E-13 	 2.01948391736579E-28 
 0.353997341083424 	 9.88075849282527E-13 	 9.88075849282527E-13 	 0 
 0.354813389233565 	 9.96548361460794E-13 	 9.96548361460794E-13 	 0 
 0.355631318568975 	 1.00510949155694E-12 	 1.00510949155694E-12 	 0 
 0.356451133426234 	 1.0137581598604E-12 	 1.0137581598604E-12 	 0 
 0.357272838151918 	 1.02249308470411E-12 	 1.02249308470411E-12 	 0 
 0.358096437102625 	 1.03131278322654E-12 	 1.03131278322654E-12 	 0 
 0.358921934644995 	 1.04021557355978E-12 	 1.04021557355978E-12 	 0 
 0.359749335155732 	 1.04919957850723E-12 	 1.04919957850723E-12 	 2.01948391736579E-28 
 0.360578643021632 	 1.05826273076047E-12 	 1.05826273076047E-12 	 2.01948391736579E-28 
 0.361409862639603 	 1.06740277969093E-12 	 1.06740277969093E-12 	 2.01948391736579E-28 
 0.362242998416688 	 1.07661729973499E-12 	 1.07661729973499E-12 	 0 
 0.36307805477009 	 1.08590370037418E-12 	 1.08590370037418E-12 	 0 
 0.363915036127196 	 1.09525923769314E-12 	 1.09525923769314E-12 	 0 
 0.364753946925597 	 1.10468102747891E-12 	 1.10468102747891E-12 	 2.01948391736579E-28 
 0.365594791613114 	 1.11416605980528E-12 	 1.11416605980528E-12 	 2.01948391736579E-28 
 0.366437574647822 	 1.12371121502641E-12 	 1.12371121502641E-12 	 0 
 0.367282300498074 	 1.13331328108407E-12 	 1.13331328108407E-12 	 0 
 0.36812897364252 	 1.14296897201461E-12 	 1.14296897201461E-12 	 2.01948391736579E-28 
 0.368977598570139 	 1.15267494752409E-12 	 1.15267494752409E-12 	 0 
 0.369828179780255 	 1.16242783348353E-12 	 1.16242783348353E-12 	 0 
 0.370680721782565 	 1.17222424318286E-12 	 1.17222424318286E-12 	 2.01948391736579E-28 
 0.371535229097161 	 1.18206079916928E-12 	 1.18206079916928E-12 	 0 
 0.372391706254557 	 1.19193415548694E-12 	 1.19193415548694E-12 	 0 
 0.373250157795709 	 1.20184102012763E-12 	 1.20184102012763E-12 	 0 
 0.374110588272042 	 1.21177817749841E-12 	 1.21177817749841E-12 	 0 
 0.374973002245472 	 1.22174251071122E-12 	 1.22174251071122E-12 	 0 
 0.375837404288433 	 1.23173102350152E-12 	 1.23173102350152E-12 	 0 
 0.376703798983897 	 1.24174086158817E-12 	 1.24174086158817E-12 	 0 
 0.377572190925404 	 1.2517693332945E-12 	 1.2517693332945E-12 	 2.01948391736579E-28 
 0.378442584717082 	 1.26181392926138E-12 	 1.26181392926138E-12 	 0 
 0.37931498497367 	 1.2718723410959E-12 	 1.2718723410959E-12 	-2.01948391736579E-28 
 0.380189396320549 	 1.28194247881445E-12 	 1.28194247881445E-12 	 0 
 0.381065823393761 	 1.29202248695601E-12 	 1.29202248695601E-12 	 0 
 0.381944270840035 	 1.30211075925957E-12 	 1.30211075925957E-12 	 0 
 0.382824743316811 	 1.31220595181892E-12 	 1.31220595181892E-12 	 0 
 0.383707245492267 	 1.32230699464797E-12 	 1.32230699464797E-12 	 4.03896783473158E-28 
 0.384591782045342 	 1.33241310160941E-12 	 1.33241310160941E-12 	 0 
 0.38547835766576 	 1.34252377867923E-12 	 1.34252377867923E-12 	 0 
 0.386366977054057 	 1.3526388305387E-12 	 1.3526388305387E-12 	 0 
 0.387257644921605 	 1.36275836550287E-12 	 1.36275836550287E-12 	 0 
 0.388150365990636 	 1.37288279881148E-12 	 1.37288279881148E-12 	 2.01948391736579E-28 
 0.389045144994268 	 1.38301285432261E-12 	 1.38301285432261E-12 	 0 
 0.389941986676531 	 1.3931495646625E-12 	 1.3931495646625E-12 	 2.01948391736579E-28 
 0.39084089579239 	 1.40329426989562E-12 	 1.40329426989562E-12 	 0 
 0.391741877107771 	 1.41344861478765E-12 	 1.41344861478765E-12 	 4.03896783473158E-28 
 0.392644935399587 	 1.4236145447401E-12 	 1.4236145447401E-12 	 2.01948391736579E-28 
 0.393550075455765 	 1.43379430047958E-12 	 1.43379430047958E-12 	 0 
 0.394457302075266 	 1.4439904115858E-12 	 1.4439904115858E-12 	 0 
 0.395366620068115 	 1.45420568894211E-12 	 1.45420568894211E-12 	 2.01948391736579E-28 
 0.396278034255427 	 1.46444321618927E-12 	 1.46444321618927E-12 	 0 
 0.397191549469428 	 1.47470634025841E-12 	 1.47470634025841E-12 	 0 
 0.398107170553485 	 1.48499866105223E-12 	 1.48499866105223E-12 	 0 
 0.399024902362129 	 1.4953240203351E-12 	 1.4953240203351E-12 	 0 
 0.399944749761085 	 1.50568648988268E-12 	 1.50568648988268E-12 	 0 
 0.40086671762729 	 1.5160903589306E-12 	 1.5160903589306E-12 	-2.01948391736579E-28 
 0.401790810848927 	 1.52654012094914E-12 	 1.52654012094914E-12 	 2.01948391736579E-28 
 0.402717034325446 	 1.53704045975804E-12 	 1.53704045975804E-12 	 0 
 0.403645392967592 	 1.54759623498185E-12 	 1.54759623498185E-12 	 0 
 0.40457589169743 	 1.55821246683209E-12 	 1.55821246683209E-12 	 0 
 0.405508535448371 	 1.56889432018893E-12 	 1.56889432018893E-12 	 0 
 0.4064433291652 	 1.57964708794102E-12 	 1.57964708794102E-12 	-4.03896783473158E-28 
 0.4073802778041 	 1.59047617352928E-12 	 1.59047617352928E-12 	 2.01948391736579E-28 
 0.408319386332679 	 1.60138707262823E-12 	 1.60138707262823E-12 	 2.01948391736579E-28 
 0.409260659729997 	 1.61238535388725E-12 	 1.61238535388725E-12 	 2.01948391736579E-28 
 0.410204102986593 	 1.62347663864517E-12 	 1.62347663864517E-12 	 0 
 0.411149721104509 	 1.63466657952361E-12 	 1.63466657952361E-12 	-2.01948391736579E-28 
 0.412097519097317 	 1.64596083780001E-12 	 1.64596083780001E-12 	-2.01948391736579E-28 
 0.413047501990148 	 1.65736505945862E-12 	 1.65736505945862E-12 	 0 
 0.413999674819717 	 1.66888484981868E-12 	 1.66888484981868E-12 	 0 
 0.414954042634349 	 1.680525746644E-12 	 1.680525746644E-12 	 0 
 0.415910610494008 	 1.69229319164662E-12 	 1.69229319164662E-12 	 6.05845175209737E-28 
 0.416869383470322 	 1.7041925003108E-12 	 1.7041925003108E-12 	 0 
 0.417830366646608 	 1.71622882998248E-12 	 1.71622882998248E-12 	 2.01948391736579E-28 
 0.418793565117904 	 1.72840714619293E-12 	 1.72840714619293E-12 	 0 
 0.419758983990994 	 1.74073218721597E-12 	 1.74073218721597E-12 	 0 
 0.42072662838443 	 1.753208426894E-12 	 1.753208426894E-12 	 0 
 0.421696503428568 	 1.76584003581119E-12 	 1.76584003581119E-12 	 0 
 0.422668614265589 	 1.778630840941E-12 	 1.778630840941E-12 	 2.01948391736579E-28 
 0.423642966049527 	 1.79158428395125E-12 	 1.79158428395125E-12 	 0 
 0.424619563946299 	 1.80470337841125E-12 	 1.80470337841125E-12 	 0 
 0.425598413133729 	 1.81799066621275E-12 	 1.81799066621275E-12 	 0 
 0.426579518801578 	 1.83144817358786E-12 	 1.83144817358786E-12 	 0 
 0.427562886151572 	 1.84507736718236E-12 	 1.84507736718236E-12 	 0 
 0.428548520397425 	 1.85887911071895E-12 	 1.85887911071895E-12 	 0 
 0.429536426764873 	 1.87285362286183E-12 	 1.87285362286183E-12 	 0 
 0.430526610491696 	 1.88700043696768E-12 	 1.88700043696768E-12 	-4.03896783473158E-28 
 0.431519076827751 	 1.90131836347681E-12 	 1.90131836347681E-12 	 0 
 0.432513831034994 	 1.91580545575884E-12 	 1.91580545575884E-12 	 0 
 0.433510878387514 	 1.93045898027636E-12 	 1.93045898027636E-12 	 0 
 0.434510224171557 	 1.94527539196456E-12 	 1.94527539196456E-12 	 0 
 0.435511873685554 	 1.96025031574105E-12 	 1.96025031574104E-12 	 8.07793566946316E-28 
 0.436515832240151 	 1.97537853505512E-12 	 1.97537853505512E-12 	 0 
 0.437522105158237 	 1.99065398835686E-12 	 1.99065398835686E-12 	 0 
 0.438530697774971 	 2.00606977430999E-12 	 2.00606977430999E-12 	 4.03896783473158E-28 
 0.439541615437809 	 2.0216181664888E-12 	 2.0216181664888E-12 	 0 
 0.440554863506538 	 2.03729063818531E-12 	 2.03729063818531E-12 	 0 
 0.441570447353297 	 2.05307789781078E-12 	 2.05307789781078E-12 	-4.03896783473158E-28 
 0.442588372362611 	 2.06896993520502E-12 	 2.06896993520502E-12 	 0 
 0.443608643931417 	 2.08495607897212E-12 	 2.08495607897212E-12 	 0 
 0.444631267469093 	 2.10102506474504E-12 	 2.10102506474504E-12 	 0 
 0.445656248397488 	 2.11716511404996E-12 	 2.11716511404996E-12 	 0 
 0.446683592150948 	 2.13336402320075E-12 	 2.13336402320075E-12 	 0 
 0.447713304176347 	 2.14960926141186E-12 	 2.14960926141185E-12 	 4.03896783473158E-28 
 0.448745389933117 	 2.16588807708238E-12 	 2.16588807708238E-12 	 0 
 0.449779854893272 	 2.18218761098379E-12 	 2.18218761098379E-12 	 4.03896783473158E-28 
 0.450816704541444 	 2.19849501488701E-12 	 2.19849501488701E-12 	 0 
 0.451855944374907 	 2.21479757399955E-12 	 2.21479757399955E-12 	 0 
 0.452897579903605 	 2.23108283145641E-12 	 2.23108283145641E-12 	 0 
 0.453941616650187 	 2.24733871302644E-12 	 2.24733871302644E-12 	 4.03896783473158E-28 
 0.454988060150033 	 2.26355365016121E-12 	 2.26355365016121E-12 	 0 
 0.45603691595128 	 2.2797166995301E-12 	 2.2797166995301E-12 	 0 
 0.457088189614859 	 2.29581765725118E-12 	 2.29581765725118E-12 	 0 
 0.458141886714517 	 2.31184716614271E-12 	 2.31184716614271E-12 	 4.03896783473158E-28 
 0.459198012836852 	 2.32779681447829E-12 	 2.32779681447829E-12 	 0 
 0.46025657358134 	 2.34365922492585E-12 	 2.34365922492585E-12 	 0 
 0.461317574560363 	 2.35942813257822E-12 	 2.35942813257822E-12 	 0 
 0.462381021399244 	 2.37509845123233E-12 	 2.37509845123233E-12 	 0 
 0.463446919736272 	 2.39066632733714E-12 	 2.39066632733714E-12 	 0 
 0.464515275222733 	 2.40612918129605E-12 	 2.40612918129605E-12 	 0 
 0.465586093522942 	 2.42148573607001E-12 	 2.42148573607001E-12 	 0 
 0.466659380314272 	 2.43673603327385E-12 	 2.43673603327385E-12 	 8.07793566946316E-28 
 0.467735141287182 	 2.45188143718279E-12 	 2.45188143718279E-12 	 0 
 0.468813382145248 	 2.46692462726245E-12 	 2.46692462726245E-12 	 0 
 0.469894108605199 	 2.48186958000028E-12 	 2.48186958000028E-12 	 0 
 0.470977326396936 	 2.49672154094387E-12 	 2.49672154094387E-12 	 0 
 0.472063041263574 	 2.51148698794274E-12 	 2.51148698794274E-12 	 0 
 0.473151258961463 	 2.52617358664287E-12 	 2.52617358664287E-12 	 0 
 0.474241985260228 	 2.54079013929981E-12 	 2.54079013929981E-12 	 0 
 0.475335225942788 	 2.55534652795757E-12 	 2.55534652795757E-12 	 0 
 0.476430986805399 	 2.56985365299147E-12 	 2.56985365299147E-12 	 8.07793566946316E-28 
 0.477529273657674 	 2.584323367935E-12 	 2.584323367935E-12 	 0 
 0.478630092322621 	 2.59876841141041E-12 	 2.59876841141041E-12 	 0 
 0.479733448636672 	 2.61320233686189E-12 	 2.61320233686189E-12 	 0 
 0.480839348449711 	 2.62763944065499E-12 	 2.62763944065499E-12 	 0 
 0.48194779762511 	 2.64209468895992E-12 	 2.64209468895992E-12 	 0 
 0.483058802039755 	 2.65658364368343E-12 	 2.65658364368343E-12 	 0 
 0.484172367584082 	 2.67112238755827E-12 	 2.67112238755827E-12 	 0 
 0.485288500162103 	 2.68572744834394E-12 	 2.68572744834394E-12 	 4.03896783473158E-28 
 0.486407205691444 	 2.70041572194128E-12 	 2.70041572194128E-12 	 0 
 0.487528490103368 	 2.7152043940785E-12 	 2.7152043940785E-12 	-4.03896783473158E-28 
 0.488652359342816 	 2.73011086009189E-12 	 2.73011086009189E-12 	 0 
 0.489778819368428 	 2.74515264220205E-12 	 2.74515264220205E-12 	 0 
 0.490907876152585 	 2.76034730358026E-12 	 2.76034730358026E-12 	 4.03896783473158E-28 
 0.492039535681433 	 2.77571235841199E-12 	 2.77571235841199E-12 	-8.07793566946316E-28 
 0.493173803954918 	 2.79126517709982E-12 	 2.79126517709982E-12 	 0 
 0.494310686986817 	 2.80702288570905E-12 	 2.80702288570905E-12 	 0 
 0.495450190804772 	 2.82300225875196E-12 	 2.82300225875196E-12 	 0 
 0.496592321450318 	 2.83921960443453E-12 	 2.83921960443453E-12 	 0 
 0.497737084978918 	 2.8556906415587E-12 	 2.8556906415587E-12 	 4.03896783473158E-28 
 0.498884487459994 	 2.87243036738968E-12 	 2.87243036738968E-12 	 0 
 0.50003453497696 	 2.88945291596674E-12 	 2.88945291596674E-12 	 4.03896783473158E-28 
 0.501187233627254 	 2.90677140656401E-12 	 2.90677140656401E-12 	 0 
 0.502342589522368 	 2.92439778229956E-12 	 2.92439778229956E-12 	 0 
 0.503500608787886 	 2.94234263925122E-12 	 2.94234263925122E-12 	 4.03896783473158E-28 
 0.504661297563509 	 2.96061504686829E-12 	 2.96061504686829E-12 	 0 
 0.505824662003095 	 2.97922236096992E-12 	 2.97922236096992E-12 	 4.03896783473158E-28 
 0.506990708274685 	 2.99817003118907E-12 	 2.99817003118907E-12 	 0 
 0.508159442560541 	 3.01746140534918E-12 	 3.01746140534918E-12 	-4.03896783473158E-28 
 0.509330871057176 	 3.03709753393475E-12 	 3.03709753393475E-12 	 0 
 0.510504999975387 	 3.05707697851808E-12 	 3.05707697851808E-12 	 0 
 0.511681835540288 	 3.0773956287076E-12 	 3.0773956287076E-12 	 0 
 0.512861383991345 	 3.09804653285417E-12 	 3.09804653285416E-12 	 4.03896783473158E-28 
 0.514043651582407 	 3.11901974835341E-12 	 3.11901974835341E-12 	 0 
 0.515228644581737 	 3.14030221786782E-12 	 3.14030221786782E-12 	 0 
 0.516416369272051 	 3.1618776781147E-12 	 3.1618776781147E-12 	-4.03896783473158E-28 
 0.517606831950548 	 3.18372660797413E-12 	 3.18372660797413E-12 	 8.07793566946316E-28 
 0.518800038928941 	 3.20582622251823E-12 	 3.20582622251823E-12 	-4.03896783473158E-28 
 0.519995996533496 	 3.22815051910555E-12 	 3.22815051910555E-12 	 0 
 0.52119471110506 	 3.25067038089398E-12 	 3.25067038089398E-12 	 0 
 0.5223961889991 	 3.27335374198496E-12 	 3.27335374198496E-12 	 0 
 0.52360043658573 	 3.29616581692752E-12 	 3.29616581692752E-12 	 0 
 0.524807460249752 	 3.31906939551042E-12 	 3.31906939551042E-12 	 0 
 0.526017266390686 	 3.34202520170932E-12 	 3.34202520170932E-12 	 0 
 0.527229861422802 	 3.36499231341297E-12 	 3.36499231341297E-12 	-4.03896783473158E-28 
 0.52844525177516 	 3.38792863723055E-12 	 3.38792863723055E-12 	 0 
 0.529663443891637 	 3.41079143040234E-12 	 3.41079143040234E-12 	-4.03896783473158E-28 
 0.530884444230968 	 3.43353785972801E-12 	 3.43353785972801E-12 	 0 
 0.532108259266774 	 3.45612558562305E-12 	 3.45612558562305E-12 	 0 
 0.5333348954876 	 3.47851335803415E-12 	 3.47851335803415E-12 	 4.03896783473158E-28 
 0.534564359396951 	 3.50066161008991E-12 	 3.50066161008991E-12 	 0 
 0.535796657513321 	 3.52253303510275E-12 	 3.52253303510275E-12 	 0 
 0.537031796370232 	 3.54409313290391E-12 	 3.54409313290391E-12 	 0 
 0.538269782516267 	 3.56531071247577E-12 	 3.56531071247577E-12 	 0 
 0.539510622515107 	 3.58615833939297E-12 	 3.58615833939297E-12 	 0 
 0.54075432294556 	 3.60661271860671E-12 	 3.60661271860671E-12 	-4.03896783473158E-28 
 0.542000890401603 	 3.62665500548534E-12 	 3.62665500548534E-12 	 4.03896783473158E-28 
 0.543250331492412 	 3.6462710406193E-12 	 3.6462710406193E-12 	 0 
 0.5445026528424 	 3.66545150656052E-12 	 3.66545150656052E-12 	 8.07793566946316E-28 
 0.545757861091249 	 3.68419200725096E-12 	 3.68419200725096E-12 	 0 
 0.54701596289395 	 3.70249307327063E-12 	 3.70249307327063E-12 	 0 
 0.548276964920832 	 3.72036009809396E-12 	 3.72036009809396E-12 	 0 
 0.549540873857603 	 3.73780321220504E-12 	 3.73780321220504E-12 	 0 
 0.550807696405382 	 3.75483710313901E-12 	 3.75483710313901E-12 	 0 
 0.552077439280735 	 3.77148079027168E-12 	 3.77148079027168E-12 	 0 
 0.553350109215715 	 3.78775736348358E-12 	 3.78775736348358E-12 	 0 
 0.554625712957889 	 3.80369369471276E-12 	 3.80369369471276E-12 	 0 
 0.555904257270382 	 3.81932013093582E-12 	 3.81932013093582E-12 	 0 
 0.557185748931908 	 3.83467017634111E-12 	 3.83467017634111E-12 	 0 
 0.558470194736809 	 3.84978017045209E-12 	 3.84978017045209E-12 	-1.61558713389263E-27 
 0.559757601495088 	 3.86468896778868E-12 	 3.86468896778868E-12 	-1.61558713389263E-27 
 0.561047976032448 	 3.87943762338539E-12 	 3.87943762338539E-12 	-8.07793566946316E-28 
 0.562341325190327 	 3.8940690871717E-12 	 3.8940690871717E-12 	 8.07793566946316E-28 
 0.563637655825932 	 3.90862790890992E-12 	 3.90862790890992E-12 	 0 
 0.56493697481228 	 3.92315995411501E-12 	 3.923159954115E-12 	 8.07793566946316E-28 
 0.566239289038231 	 3.93771213017782E-12 	 3.93771213017782E-12 	 0 
 0.567544605408524 	 3.95233212079617E-12 	 3.95233212079617E-12 	 0 
 0.568852930843818 	 3.96706812580208E-12 	 3.96706812580208E-12 	 0 
 0.570164272280725 	 3.98196860256727E-12 	 3.98196860256727E-12 	 0 
 0.571478636671844 	 3.99708200438081E-12 	 3.99708200438081E-12 	 0 
 0.572796030985806 	 4.01245651053298E-12 	 4.01245651053298E-12 	-8.07793566946316E-28 
 0.574116462207304 	 4.02813974232033E-12 	 4.02813974232033E-12 	 0 
 0.575439937337134 	 4.04417845882884E-12 	 4.04417845882884E-12 	-8.07793566946316E-28 
 0.576766463392227 	 4.0606182261806E-12 	 4.06061822618061E-12 	-8.07793566946316E-28 
 0.578096047405695 	 4.07750305398254E-12 	 4.07750305398254E-12 	 0 
 0.579428696426857 	 4.09487499303745E-12 	 4.09487499303745E-12 	 8.07793566946316E-28 
 0.580764417521288 	 4.11277368902637E-12 	 4.11277368902637E-12 	-8.07793566946316E-28 
 0.582103217770848 	 4.13123588790797E-12 	 4.13123588790797E-12 	 0 
 0.583445104273721 	 4.15029489027615E-12 	 4.15029489027615E-12 	-8.07793566946316E-28 
 0.584790084144457 	 4.16997995393708E-12 	 4.16997995393708E-12 	 0 
 0.586138164514005 	 4.19031564657123E-12 	 4.19031564657123E-12 	 0 
 0.587489352529753 	 4.21132115357314E-12 	 4.21132115357314E-12 	 0 
 0.588843655355565 	 4.23300955001802E-12 	 4.23300955001802E-12 	 8.07793566946316E-28 
 0.59020108017182 	 4.25538705014793E-12 	 4.25538705014793E-12 	 0 
 0.59156163417545 	 4.27845225269268E-12 	 4.27845225269268E-12 	 0 
 0.592925324579975 	 4.30219540555445E-12 	 4.30219540555446E-12 	-8.07793566946316E-28 
 0.594292158615548 	 4.32659771860738E-12 	 4.32659771860738E-12 	 0 
 0.595662143528986 	 4.35163075821284E-12 	 4.35163075821283E-12 	 8.07793566946316E-28 
 0.597035286583812 	 4.37725596105516E-12 	 4.37725596105516E-12 	 0 
 0.598411595060295 	 4.40342430751338E-12 	 4.40342430751338E-12 	 0 
 0.599791076255485 	 4.43007619542387E-12 	 4.43007619542387E-12 	 0 
 0.601173737483253 	 4.45714155320334E-12 	 4.45714155320334E-12 	 0 
 0.602559586074333 	 4.48454022643779E-12 	 4.48454022643779E-12 	 0 
 0.603948629376355 	 4.51218266393442E-12 	 4.51218266393442E-12 	 0 
 0.605340874753888 	 4.53997091788509E-12 	 4.53997091788509E-12 	 0 
 0.60673632958848 	 4.56779995854632E-12 	 4.56779995854632E-12 	 0 
 0.608135001278693 	 4.59555928742167E-12 	 4.59555928742167E-12 	 0 
 0.609536897240144 	 4.62313481542428E-12 	 4.62313481542428E-12 	 0 
 0.610942024905547 	 4.65041095527651E-12 	 4.65041095527651E-12 	-8.07793566946316E-28 
 0.612350391724748 	 4.67727286201523E-12 	 4.67727286201523E-12 	 0 
 0.613762005164768 	 4.70360874344511E-12 	 4.70360874344511E-12 	 0 
 0.615176872709842 	 4.72931215504292E-12 	 4.72931215504292E-12 	 0 
 0.616595001861456 	 4.75428419208154E-12 	 4.75428419208154E-12 	 0 
 0.61801640013839 	 4.77843549598929E-12 	 4.77843549598929E-12 	 0 
 0.619441075076755 	 4.80168800193748E-12 	 4.80168800193748E-12 	 0 
 0.620869034230037 	 4.82397636950515E-12 	 4.82397636950515E-12 	 0 
 0.622300285169133 	 4.84524905664847E-12 	 4.84524905664847E-12 	 0 
 0.623734835482393 	 4.86546901742869E-12 	 4.86546901742869E-12 	 8.07793566946316E-28 
 0.625172692775659 	 4.88461402424549E-12 	 4.88461402424549E-12 	 0 
 0.626613864672309 	 4.90267663401685E-12 	 4.90267663401685E-12 	 1.61558713389263E-27 
 0.628058358813291 	 4.91966383347899E-12 	 4.91966383347899E-12 	 0 
 0.629506182857171 	 4.93559641061377E-12 	 4.93559641061377E-12 	 0 
 0.630957344480166 	 4.95050810668889E-12 	 4.95050810668889E-12 	 0 
 0.632411851376192 	 4.96444460652271E-12 	 4.96444460652271E-12 	 1.61558713389263E-27 
 0.6338697112569 	 4.97746242375027E-12 	 4.97746242375027E-12 	 0 
 0.635330931851717 	 4.98962773373594E-12 	 4.98962773373594E-12 	-8.07793566946316E-28 
 0.636795520907889 	 5.00101520017013E-12 	 5.00101520017013E-12 	 0 
 0.638263486190521 	 5.01170683315734E-12 	 5.01170683315734E-12 	 0 
 0.639734835482621 	 5.02179090754979E-12 	 5.02179090754979E-12 	 0 
 0.641209576585134 	 5.03136096108005E-12 	 5.03136096108005E-12 	 0 
 0.642687717316992 	 5.04051488301652E-12 	 5.04051488301652E-12 	 0 
 0.64416926551515 	 5.04935409595905E-12 	 5.04935409595905E-12 	-8.07793566946316E-28 
 0.645654229034628 	 5.05798282620562E-12 	 5.05798282620562E-12 	 0 
 0.647142615748555 	 5.06650745192484E-12 	 5.06650745192484E-12 	 0 
 0.64863443354821 	 5.07503591313583E-12 	 5.07503591313583E-12 	 0 
 0.650129690343062 	 5.08367716314079E-12 	 5.08367716314079E-12 	 0 
 0.651628394060814 	 5.0925406374647E-12 	 5.0925406374647E-12 	 0 
 0.653130552647444 	 5.1017357134249E-12 	 5.1017357134249E-12 	 0 
 0.654636174067247 	 5.11137113111141E-12 	 5.11137113111141E-12 	 0 
 0.656145266302877 	 5.12155434479396E-12 	 5.12155434479396E-12 	-1.61558713389263E-27 
 0.657657837355392 	 5.13239077265648E-12 	 5.13239077265648E-12 	 0 
 0.659173895244293 	 5.14398291246355E-12 	 5.14398291246355E-12 	 0 
 0.660693448007567 	 5.15642929157325E-12 	 5.15642929157325E-12 	 8.07793566946316E-28 
 0.662216503701733 	 5.16982322203505E-12 	 5.16982322203505E-12 	 0 
 0.66374307040188 	 5.18425133588035E-12 	 5.18425133588035E-12 	 0 
 0.665273156201712 	 5.19979188275465E-12 	 5.19979188275465E-12 	 0 
 0.666806769213593 	 5.21651278244294E-12 	 5.21651278244294E-12 	 0 
 0.668343917568585 	 5.23446943926444E-12 	 5.23446943926444E-12 	 0 
 0.669884609416497 	 5.25370234428199E-12 	 5.25370234428199E-12 	 0 
 0.671428852925923 	 5.2742345149933E-12 	 5.2742345149933E-12 	 0 
 0.672976656284288 	 5.29606885033637E-12 	 5.29606885033637E-12 	-8.07793566946316E-28 
 0.674528027697892 	 5.31918551038122E-12 	 5.31918551038122E-12 	 0 
 0.676082975391952 	 5.34353946294898E-12 	 5.34353946294898E-12 	 8.07793566946316E-28 
 0.677641507610645 	 5.36905837041986E-12 	 5.36905837041986E-12 	 0 
 0.679203632617154 	 5.3956410148586E-12 	 5.3956410148586E-12 	 0 
 0.680769358693711 	 5.42315647310698E-12 	 5.42315647310698E-12 	 0 
 0.682338694141639 	 5.45144425014771E-12 	 5.45144425014771E-12 	 0 
 0.683911647281399 	 5.48031555387608E-12 	 5.48031555387608E-12 	-8.07793566946316E-28 
 0.685488226452631 	 5.50955584420089E-12 	 5.50955584420089E-12 	 0 
 0.687068440014202 	 5.53892871388896E-12 	 5.53892871388896E-12 	 0 
 0.688652296344245 	 5.56818106154456E-12 	 5.56818106154456E-12 	 0 
 0.690239803840211 	 5.59704940682316E-12 	 5.59704940682316E-12 	 8.07793566946316E-28 
 0.691830970918906 	 5.62526708669467E-12 	 5.62526708669467E-12 	 0 
 0.693425806016538 	 5.65257197407554E-12 	 5.65257197407554E-12 	 0 
 0.695024317588766 	 5.67871429128676E-12 	 5.67871429128676E-12 	 1.61558713389263E-27 
 0.696626514110737 	 5.70346406254593E-12 	 5.70346406254593E-12 	 0 
 0.69823240407714 	 5.72661776849609E-12 	 5.72661776849609E-12 	 0 
 0.699841996002242 	 5.74800383079051E-12 	 5.74800383079051E-12 	 0 
 0.70145529841994 	 5.76748665774861E-12 	 5.76748665774861E-12 	 0 
 0.703072319883802 	 5.78496910890605E-12 	 5.78496910890605E-12 	 0 
 0.704693068967115 	 5.80039336958863E-12 	 5.80039336958863E-12 	 0 
 0.70631755426293 	 5.81374034933888E-12 	 5.81374034933888E-12 	 1.61558713389263E-27 
 0.707945784384106 	 5.8250278162513E-12 	 5.8250278162513E-12 	 0 
 0.709577767963357 	 5.83430754444561E-12 	 5.83430754444561E-12 	 0 
 0.711213513653297 	 5.84166178141253E-12 	 5.84166178141253E-12 	 8.07793566946316E-28 
 0.712853030126487 	 5.84719933855404E-12 	 5.84719933855404E-12 	 0 
 0.714496326075481 	 5.85105157852438E-12 	 5.85105157852438E-12 	 0 
 0.716143410212869 	 5.85336852554095E-12 	 5.85336852554095E-12 	 0 
 0.717794291271329 	 5.85431526844577E-12 	 5.85431526844577E-12 	 0 
 0.719448978003667 	 5.85406876855564E-12 	 5.85406876855564E-12 	 0 
 0.721107479182867 	 5.85281513089531E-12 	 5.85281513089531E-12 	 0 
 0.722769803602137 	 5.85074735172877E-12 	 5.85074735172877E-12 	 0 
 0.724435960074957 	 5.84806351884988E-12 	 5.84806351884988E-12 	-8.07793566946316E-28 
 0.726105957435121 	 5.84496541374186E-12 	 5.84496541374185E-12 	 8.07793566946316E-28 
 0.727779804536791 	 5.84165744527053E-12 	 5.84165744527053E-12 	 0 
 0.729457510254535 	 5.83834583126728E-12 	 5.83834583126728E-12 	-8.07793566946316E-28 
 0.731139083483384 	 5.83523793524692E-12 	 5.83523793524692E-12 	-8.07793566946316E-28 
 0.73282453313887 	 5.83254165879876E-12 	 5.83254165879876E-12 	 0 
 0.734513868157081 	 5.83046478445046E-12 	 5.83046478445046E-12 	 0 
 0.736207097494702 	 5.82921415810944E-12 	 5.82921415810944E-12 	 0 
 0.737904230129067 	 5.82899459423045E-12 	 5.82899459423045E-12 	 0 
 0.739605275058204 	 5.83000738106823E-12 	 5.83000738106823E-12 	 0 
 0.741310241300883 	 5.8324482590144E-12 	 5.8324482590144E-12 	-8.07793566946316E-28 
 0.743019137896667 	 5.83650474431853E-12 	 5.83650474431853E-12 	 0 
 0.744731973905954 	 5.84235267675112E-12 	 5.84235267675112E-12 	 0 
 0.746448758410032 	 5.85015188738362E-12 	 5.85015188738362E-12 	 0 
 0.74816950051112 	 5.86004091701365E-12 	 5.86004091701365E-12 	 0 
 0.749894209332421 	 5.87213077277973E-12 	 5.87213077277973E-12 	 0 
 0.75162289401817 	 5.88649779577537E-12 	 5.88649779577537E-12 	 0 
 0.753355563733682 	 5.90317582973677E-12 	 5.90317582973677E-12 	 0 
 0.755092227665399 	 5.9221480298742E-12 	 5.9221480298742E-12 	 0 
 0.756832895020939 	 5.94333882463915E-12 	 5.94333882463915E-12 	-8.07793566946316E-28 
 0.758577575029148 	 5.96660672516379E-12 	 5.96660672516379E-12 	-8.07793566946316E-28 
 0.760326276940146 	 5.99173883941329E-12 	 5.99173883941329E-12 	 0 
 0.762079010025376 	 6.01844805200811E-12 	 6.01844805200811E-12 	 0 
 0.763835783577655 	 6.04637383090172E-12 	 6.04637383090172E-12 	 0 
 0.76559660691122 	 6.07508747602831E-12 	 6.0750874760283E-12 	 8.07793566946316E-28 
 0.767361489361783 	 6.10410230638932E-12 	 6.10410230638932E-12 	 0 
 0.769130440286573 	 6.1328887960969E-12 	 6.1328887960969E-12 	 2.42338070083895E-27 
 0.770903469064394 	 6.1608940648501E-12 	 6.1608940648501E-12 	 0 
 0.772680585095666 	 6.18756449641637E-12 	 6.18756449641637E-12 	-1.61558713389263E-27 
 0.774461797802482 	 6.21236972213902E-12 	 6.21236972213902E-12 	 0 
 0.776247116628655 	 6.23482588871661E-12 	 6.23482588871661E-12 	 8.07793566946316E-28 
 0.778036551039767 	 6.25451611903412E-12 	 6.25451611903412E-12 	 0 
 0.779830110523222 	 6.27110639470141E-12 	 6.27110639470141E-12 	-8.07793566946316E-28 
 0.781627804588292 	 6.28435568456773E-12 	 6.28435568456773E-12 	 0 
 0.783429642766174 	 6.29411989542169E-12 	 6.29411989542169E-12 	-8.07793566946316E-28 
 0.785235634610034 	 6.30034997905466E-12 	 6.30034997905466E-12 	-8.07793566946316E-28 
 0.787045789695061 	 6.30308515481017E-12 	 6.30308515481017E-12 	-8.07793566946316E-28 
 0.788860117618517 	 6.30244260561539E-12 	 6.30244260561539E-12 	 0 
 0.790678627999787 	 6.29860514757401E-12 	 6.29860514757401E-12 	 0 
 0.792501330480434 	 6.29180828568863E-12 	 6.29180828568863E-12 	-1.61558713389263E-27 
 0.794328234724243 	 6.28232781695391E-12 	 6.28232781695391E-12 	-1.61558713389263E-27 
 0.79615935041728 	 6.27046880666671E-12 	 6.27046880666671E-12 	 0 
 0.797994687267938 	 6.25655641692012E-12 	 6.25655641692012E-12 	 8.07793566946316E-28 
 0.79983425500699 	 6.24092876046072E-12 	 6.24092876046072E-12 	 0 
 0.80167806338764 	 6.22393171705341E-12 	 6.22393171705341E-12 	 0 
 0.803526122185578 	 6.2059154906856E-12 	 6.2059154906856E-12 	 0 
 0.805378441199028 	 6.18723259677013E-12 	 6.18723259677013E-12 	 0 
 0.807235030248799 	 6.16823693308701E-12 	 6.16823693308701E-12 	 0 
 0.809095899178343 	 6.1492835879372E-12 	 6.1492835879372E-12 	 0 
 0.810961057853801 	 6.1307290563508E-12 	 6.1307290563508E-12 	 0 
 0.81283051616406 	 6.11293155581399E-12 	 6.11293155581399E-12 	 2.42338070083895E-27 
 0.8147042840208 	 6.09625114638604E-12 	 6.09625114638604E-12 	 0 
 0.816582371358553 	 6.08104935977611E-12 	 6.08104935977611E-12 	 0 
 0.81846478813475 	 6.067688025245E-12 	 6.067688025245E-12 	 0 
 0.820351544329778 	 6.05652694819912E-12 	 6.05652694819912E-12 	 0 
 0.822242649947031 	 6.04792005535433E-12 	 6.04792005535433E-12 	 0 
 0.824138115012962 	 6.04220957879325E-12 	 6.04220957879325E-12 	 0 
 0.826037949577138 	 6.03971782705006E-12 	 6.03971782705006E-12 	-8.07793566946316E-28 
 0.827942163712294 	 6.04073610944046E-12 	 6.04073610944046E-12 	-8.07793566946316E-28 
 0.829850767514382 	 6.04551047388895E-12 	 6.04551047388895E-12 	-8.07793566946316E-28 
 0.83176377110263 	 6.05422412960475E-12 	 6.05422412960475E-12 	 0 
 0.833681184619593 	 6.06697679713401E-12 	 6.06697679713401E-12 	 0 
 0.835603018231207 	 6.08376179225296E-12 	 6.08376179225296E-12 	 0 
 0.837529282126841 	 6.10444240852727E-12 	 6.10444240852727E-12 	 0 
 0.839459986519356 	 6.12873005868995E-12 	 6.12873005868995E-12 	 0 
 0.841395141645154 	 6.15616752214479E-12 	 6.15616752214479E-12 	 0 
 0.843334757764234 	 6.18612127841148E-12 	 6.18612127841148E-12 	 0 
 0.845278845160248 	 6.21778696019699E-12 	 6.21778696019699E-12 	 0 
 0.847227414140555 	 6.25021111546121E-12 	 6.25021111546121E-12 	 8.07793566946316E-28 
 0.849180475036272 	 6.28233055088401E-12 	 6.28233055088401E-12 	 0 
 0.851138038202334 	 6.31302766963371E-12 	 6.31302766963371E-12 	 0 
 0.853100114017547 	 6.34119694334471E-12 	 6.34119694334471E-12 	-8.07793566946316E-28 
 0.855066712884641 	 6.36581483413021E-12 	 6.36581483413021E-12 	 0 
 0.857037845230327 	 6.38600403914925E-12 	 6.38600403914925E-12 	 1.61558713389263E-27 
 0.859013521505353 	 6.40108348637041E-12 	 6.40108348637041E-12 	 0 
 0.860993752184558 	 6.41059805710882E-12 	 6.41059805710882E-12 	-8.07793566946316E-28 
 0.862978547766927 	 6.41432585810992E-12 	 6.41432585810992E-12 	 0 
 0.86496791877565 	 6.41226490311742E-12 	 6.41226490311742E-12 	 0 
 0.866961875758173 	 6.40460420845119E-12 	 6.40460420845119E-12 	 0 
 0.868960429286258 	 6.39168590004028E-12 	 6.39168590004028E-12 	 0 
 0.870963589956037 	 6.37396489388593E-12 	 6.37396489388593E-12 	 0 
 0.872971368388068 	 6.35197144823479E-12 	 6.35197144823479E-12 	 0 
 0.874983775227392 	 6.32628001345831E-12 	 6.32628001345831E-12 	 0 
 0.877000821143591 	 6.29748590737034E-12 	 6.29748590737034E-12 	 0 
 0.87902251683084 	 6.2661898100975E-12 	 6.2661898100975E-12 	 0 
 0.88104887300797 	 6.2329890675692E-12 	 6.2329890675692E-12 	 0 
 0.883079900418518 	 6.19847430108429E-12 	 6.19847430108429E-12 	 0 
 0.885115609830791 	 6.16322972576124E-12 	 6.16322972576124E-12 	 0 
 0.887156012037916 	 6.12783573465069E-12 	 6.12783573465069E-12 	 0 
 0.889201117857903 	 6.09287257250212E-12 	 6.09287257250212E-12 	 0 
 0.8912509381337 	 6.05892420127033E-12 	 6.05892420127033E-12 	 0 
 0.89330548373325 	 6.02658168184402E-12 	 6.02658168184402E-12 	 0 
 0.895364765549548 	 5.99644552632387E-12 	 5.99644552632386E-12 	 8.07793566946316E-28 
 0.897428794500703 	 5.96912649690437E-12 	 5.96912649690437E-12 	 0 
 0.899497581529989 	 5.94524423988525E-12 	 5.94524423988525E-12 	 0 
 0.901571137605911 	 5.92542295671076E-12 	 5.92542295671076E-12 	 0 
 0.903649473722255 	 5.91028305138466E-12 	 5.91028305138466E-12 	 0 
 0.905732600898154 	 5.90042739864998E-12 	 5.90042739864998E-12 	 0 
 0.907820530178139 	 5.89642062674842E-12 	 5.89642062674842E-12 	 0 
 0.909913272632205 	 5.89875972938259E-12 	 5.89875972938259E-12 	 0 
 0.912010839355863 	 5.9078346059592E-12 	 5.90783460595921E-12 	-1.61558713389263E-27 
 0.914113241470203 	 5.9238780346558E-12 	 5.9238780346558E-12 	 0 
 0.916220490121953 	 5.94690639244089E-12 	 5.94690639244089E-12 	 0 
 0.918332596483534 	 5.97665534818918E-12 	 5.97665534818918E-12 	 0 
 0.920449571753124 	 6.01251867750448E-12 	 6.01251867750448E-12 	 0 
 0.922571427154716 	 6.05350262252874E-12 	 6.05350262252874E-12 	 0 
 0.924698173938175 	 6.09821140431723E-12 	 6.09821140431723E-12 	-1.61558713389263E-27 
 0.926829823379302 	 6.14487946243408E-12 	 6.14487946243408E-12 	 1.61558713389263E-27 
 0.928966386779889 	 6.19146064679915E-12 	 6.19146064679915E-12 	 0 
 0.931107875467782 	 6.23577320601015E-12 	 6.23577320601015E-12 	 8.07793566946316E-28 
 0.933254300796943 	 6.27568409168038E-12 	 6.27568409168038E-12 	 8.07793566946316E-28 
 0.935405674147503 	 6.30930199791551E-12 	 6.30930199791551E-12 	 0 
 0.937562006925832 	 6.33514207321908E-12 	 6.33514207321908E-12 	 0 
 0.939723310564589 	 6.35223047588348E-12 	 6.35223047588348E-12 	 0 
 0.941889596522792 	 6.36013276178315E-12 	 6.36013276178315E-12 	 0 
 0.944060876285874 	 6.35891024803698E-12 	 6.35891024803698E-12 	 0 
 0.946237161365744 	 6.34902504359792E-12 	 6.34902504359792E-12 	 0 
 0.948418463300848 	 6.33122202232976E-12 	 6.33122202232976E-12 	 0 
 0.950604793656232 	 6.30641403875886E-12 	 6.30641403875886E-12 	 0 
 0.952796164023602 	 6.27558840945016E-12 	 6.27558840945016E-12 	 0 
 0.954992586021386 	 6.23974261490131E-12 	 6.23974261490131E-12 	 0 
 0.957194071294794 	 6.19984880622994E-12 	 6.19984880622994E-12 	 0 
 0.959400631515883 	 6.15684159134442E-12 	 6.15684159134442E-12 	 0 
 0.961612278383614 	 6.11162165969296E-12 	 6.11162165969296E-12 	-3.23117426778526E-27 
 0.96382902362392 	 6.06506816341676E-12 	 6.06506816341676E-12 	-1.61558713389263E-27 
 0.966050878989763 	 6.01805432170948E-12 	 6.01805432170948E-12 	-1.61558713389263E-27 
 0.968277856261198 	 5.97146258714436E-12 	 5.97146258714436E-12 	 0 
 0.970509967245439 	 5.9261973666711E-12 	 5.9261973666711E-12 	 0 
 0.972747223776914 	 5.88319446762572E-12 	 5.88319446762572E-12 	 0 
 0.974989637717336 	 5.84342706950295E-12 	 5.84342706950295E-12 	 0 
 0.977237220955759 	 5.80790813123382E-12 	 5.80790813123382E-12 	 0 
 0.979489985408647 	 5.77768878989328E-12 	 5.77768878989328E-12 	 0 
 0.981747943019932 	 5.75385154872124E-12 	 5.75385154872124E-12 	 0 
 0.984011105761082 	 5.73749594709828E-12 	 5.73749594709828E-12 	 0 
 0.986279485631158 	 5.72971304048683E-12 	 5.72971304048683E-12 	 0 
 0.988553094656886 	 5.73154358600531E-12 	 5.73154358600531E-12 	 0 
 0.990831944892715 	 5.74391374472917E-12 	 5.74391374472917E-12 	 0 
 0.993116048420881 	 5.76754216896408E-12 	 5.76754216896408E-12 	 8.07793566946316E-28 
 0.995405417351474 	 5.80281483504465E-12 	 5.80281483504465E-12 	 8.07793566946316E-28 
 0.9977000638225 	 5.84963060783762E-12 	 5.84963060783762E-12 	 0 
 0.999999999999947 	 5.90723274486732E-12 	 5.90723274486732E-12 	 8.07793566946316E-28 
******************************************

