MiePlot v4.6.18

Date & Time: 5/2/2021 18:51:21 

Calculation Method:         Mie (plane wave)

Graph type: Cext/Csca/Cabs v. radius

Refractive index (sphere) 	Real part: 	1.331721	Imaginary part: 	0
Refractive index (medium)	Real part: 	1	

Wavelength: 	0.53	 um

Radius (µm)	Cext m^2	Csca m^2	Cabs m^2
 0.1 	 5.23970197598378E-15 	 5.23970197598378E-15 	-7.88860905221012E-31 
 0.10046157902784 	 5.36461404942914E-15 	 5.36461404942914E-15 	 0 
 0.100925288607668 	 5.49221337073336E-15 	 5.49221337073336E-15 	 0 
 0.101391138573668 	 5.62254865271236E-15 	 5.62254865271236E-15 	 0 
 0.101859138805412 	 5.75566932731074E-15 	 5.75566932731074E-15 	 0 
 0.102329299228075 	 5.89162556414893E-15 	 5.89162556414893E-15 	 2.36658271566304E-30 
 0.102801629812647 	 6.03046829064548E-15 	 6.03046829064548E-15 	 0 
 0.10327614057614 	 6.17224921383283E-15 	 6.17224921383283E-15 	 0 
 0.103752841581801 	 6.31702084399057E-15 	 6.31702084399057E-15 	-1.57772181044202E-30 
 0.10423174293933 	 6.46483652022608E-15 	 6.46483652022608E-15 	 7.88860905221012E-31 
 0.10471285480509 	 6.61575043813813E-15 	 6.61575043813813E-15 	 7.88860905221012E-31 
 0.105196187382322 	 6.76981767970452E-15 	 6.76981767970452E-15 	 0 
 0.105681750921366 	 6.92709424554111E-15 	 6.92709424554111E-15 	 7.88860905221012E-31 
 0.106169555719873 	 7.08763708968502E-15 	 7.08763708968502E-15 	 7.88860905221012E-31 
 0.106659612123026 	 7.25150415706032E-15 	 7.25150415706032E-15 	 0 
 0.107151930523761 	 7.41875442379072E-15 	 7.41875442379072E-15 	-1.57772181044202E-30 
 0.107646521362984 	 7.58944794052888E-15 	 7.58944794052888E-15 	-1.57772181044202E-30 
 0.108143395129794 	 7.7636458789775E-15 	 7.7636458789775E-15 	 0 
 0.108642562361707 	 7.94141058178237E-15 	 7.94141058178237E-15 	 0 
 0.109144033644876 	 8.12280561598328E-15 	 8.12280561598329E-15 	-1.57772181044202E-30 
 0.109647819614319 	 8.30789583021228E-15 	 8.30789583021228E-15 	 0 
 0.110153930954142 	 8.49674741583417E-15 	 8.49674741583417E-15 	 0 
 0.110662378397767 	 8.68942797222788E-15 	 8.68942797222788E-15 	 0 
 0.111173172728159 	 8.8860065764107E-15 	 8.8860065764107E-15 	-1.57772181044202E-30 
 0.111686324778056 	 9.08655385721083E-15 	 9.08655385721083E-15 	 0 
 0.112201845430197 	 9.29114207419623E-15 	 9.29114207419623E-15 	 0 
 0.112719745617551 	 9.49984520156961E-15 	 9.49984520156961E-15 	 0 
 0.113240036323556 	 9.71273901724042E-15 	 9.71273901724042E-15 	 0 
 0.113762728582343 	 9.92990119728575E-15 	 9.92990119728575E-15 	 1.57772181044202E-30 
 0.114287833478977 	 1.01514114160109E-14 	 1.01514114160109E-14 	 0 
 0.114815362149688 	 1.03773514518194E-14 	 1.03773514518194E-14 	 0 
 0.115345325782109 	 1.06078052990994E-14 	 1.06078052990994E-14 	-3.15544362088405E-30 
 0.115877735615513 	 1.084285928633E-14 	 1.084285928633E-14 	-1.57772181044202E-30 
 0.116412602941049 	 1.10826022006059E-14 	 1.10826022006059E-14 	 3.15544362088405E-30 
 0.116949939101987 	 1.13271254187715E-14 	 1.13271254187715E-14 	 3.15544362088405E-30 
 0.117489755493953 	 1.15765230453493E-14 	 1.15765230453493E-14 	 0 
 0.118032063565173 	 1.18308920574355E-14 	 1.18308920574355E-14 	 0 
 0.118576874816716 	 1.20903324567261E-14 	 1.20903324567262E-14 	-4.73316543132607E-30 
 0.119124200802738 	 1.23549474288203E-14 	 1.23549474288203E-14 	-1.57772181044202E-30 
 0.119674053130725 	 1.26248435099361E-14 	 1.26248435099361E-14 	 3.15544362088405E-30 
 0.120226443461742 	 1.29001307611504E-14 	 1.29001307611504E-14 	 3.15544362088405E-30 
 0.120781383510678 	 1.31809229502583E-14 	 1.31809229502583E-14 	-1.57772181044202E-30 
 0.121338885046498 	 1.34673377413207E-14 	 1.34673377413207E-14 	-4.73316543132607E-30 
 0.121898959892487 	 1.37594968919435E-14 	 1.37594968919435E-14 	 0 
 0.122461619926505 	 1.40575264583011E-14 	 1.40575264583011E-14 	 1.57772181044202E-30 
 0.123026877081238 	 1.4361557007886E-14 	 1.4361557007886E-14 	-3.15544362088405E-30 
 0.123594743344451 	 1.4671723839925E-14 	 1.4671723839925E-14 	 0 
 0.124165230759241 	 1.49881672133661E-14 	 1.49881672133661E-14 	 0 
 0.124738351424295 	 1.53110325822933E-14 	 1.53110325822933E-14 	 3.15544362088405E-30 
 0.125314117494142 	 1.56404708385762E-14 	 1.56404708385762E-14 	 3.15544362088405E-30 
 0.125892541179417 	 1.59766385615095E-14 	 1.59766385615095E-14 	 3.15544362088405E-30 
 0.126473634747116 	 1.63196982741369E-14 	 1.63196982741369E-14 	 0 
 0.127057410520855 	 1.66698187058899E-14 	 1.66698187058899E-14 	-3.15544362088405E-30 
 0.127643880881135 	 1.70271750611047E-14 	 1.70271750611047E-14 	 3.15544362088405E-30 
 0.128233058265603 	 1.73919492929011E-14 	 1.73919492929011E-14 	 3.15544362088405E-30 
 0.128824955169314 	 1.77643303818305E-14 	 1.77643303818305E-14 	 0 
 0.129419584144999 	 1.81445146186101E-14 	 1.81445146186101E-14 	 0 
 0.13001695780333 	 1.85327058901677E-14 	 1.85327058901677E-14 	 0 
 0.130617088813185 	 1.89291159681226E-14 	 1.89291159681226E-14 	 0 
 0.131219989901921 	 1.93339647987184E-14 	 1.93339647987184E-14 	 0 
 0.131825673855641 	 1.97474807931138E-14 	 1.97474807931138E-14 	 0 
 0.132434153519467 	 2.01699011168139E-14 	 2.01699011168139E-14 	-3.15544362088405E-30 
 0.13304544179781 	 2.06014719769002E-14 	 2.06014719769002E-14 	 0 
 0.133659551654645 	 2.10424489055809E-14 	 2.10424489055809E-14 	 3.15544362088405E-30 
 0.134276496113787 	 2.14930970384455E-14 	 2.14930970384455E-14 	 0 
 0.134896288259166 	 2.19536913856588E-14 	 2.19536913856588E-14 	-3.15544362088405E-30 
 0.135518941235104 	 2.2424517094178E-14 	 2.2424517094178E-14 	 0 
 0.136144468246596 	 2.29058696989176E-14 	 2.29058696989176E-14 	 0 
 0.136772882559586 	 2.33980553606253E-14 	 2.33980553606253E-14 	-9.46633086265214E-30 
 0.137404197501252 	 2.39013910880626E-14 	 2.39013910880626E-14 	-6.31088724176809E-30 
 0.138038426460289 	 2.44162049419165E-14 	 2.44162049419165E-14 	 0 
 0.138675582887189 	 2.49428362176949E-14 	 2.49428362176949E-14 	 3.15544362088405E-30 
 0.139315680294531 	 2.54816356046859E-14 	 2.54816356046859E-14 	-3.15544362088405E-30 
 0.139958732257262 	 2.60329653178912E-14 	 2.60329653178912E-14 	 9.46633086265214E-30 
 0.140604752412992 	 2.65971991996737E-14 	 2.65971991996738E-14 	-9.46633086265214E-30 
 0.141253754462276 	 2.71747227876976E-14 	 2.71747227876976E-14 	 0 
 0.14190575216891 	 2.77659333455836E-14 	 2.77659333455836E-14 	 0 
 0.14256075936022 	 2.83712398525558E-14 	 2.83712398525558E-14 	 0 
 0.143218789927355 	 2.89910629482281E-14 	 2.89910629482281E-14 	 0 
 0.143879857825585 	 2.96258348285609E-14 	 2.96258348285609E-14 	 6.31088724176809E-30 
 0.144543977074593 	 3.02759990889281E-14 	 3.02759990889281E-14 	-6.31088724176809E-30 
 0.145211161758775 	 3.09420105101648E-14 	 3.09420105101648E-14 	 0 
 0.145881426027536 	 3.16243347834298E-14 	 3.16243347834298E-14 	 0 
 0.146554784095592 	 3.2323448169712E-14 	 3.2323448169712E-14 	 1.26217744835362E-29 
 0.147231250243273 	 3.30398370898463E-14 	 3.30398370898463E-14 	 0 
 0.147910838816822 	 3.37739976409889E-14 	 3.37739976409889E-14 	 6.31088724176809E-30 
 0.148593564228701 	 3.45264350356308E-14 	 3.45264350356308E-14 	 0 
 0.1492794409579 	 3.52976629594247E-14 	 3.52976629594247E-14 	-6.31088724176809E-30 
 0.149968483550238 	 3.60882028443478E-14 	 3.60882028443478E-14 	 1.89326617253043E-29 
 0.150660706618675 	 3.68985830540506E-14 	 3.68985830540506E-14 	-6.31088724176809E-30 
 0.151356124843622 	 3.77293379786393E-14 	 3.77293379786393E-14 	 0 
 0.15205475297325 	 3.85810070366173E-14 	 3.85810070366173E-14 	 6.31088724176809E-30 
 0.152756605823808 	 3.94541335822806E-14 	 3.94541335822806E-14 	 0 
 0.15346169827993 	 4.0349263717517E-14 	 4.0349263717517E-14 	 0 
 0.154170045294957 	 4.12669450077134E-14 	 4.12669450077134E-14 	 0 
 0.154881661891249 	 4.22077251023288E-14 	 4.22077251023287E-14 	 1.26217744835362E-29 
 0.155596563160508 	 4.31721502616426E-14 	 4.31721502616426E-14 	 6.31088724176809E-30 
 0.156314764264096 	 4.41607637922424E-14 	 4.41607637922424E-14 	 0 
 0.157036280433356 	 4.51741043949716E-14 	 4.51741043949716E-14 	-1.89326617253043E-29 
 0.157761126969936 	 4.621270443031E-14 	 4.621270443031E-14 	 0 
 0.158489319246112 	 4.72770881075058E-14 	 4.72770881075058E-14 	 0 
 0.159220872705118 	 4.83677696052079E-14 	 4.83677696052079E-14 	 0 
 0.159955802861468 	 4.94852511328541E-14 	 4.94852511328541E-14 	 0 
 0.160694125301289 	 5.06300209436385E-14 	 5.06300209436385E-14 	 0 
 0.16143585568265 	 5.18025513114959E-14 	 5.18025513114959E-14 	 6.31088724176809E-30 
 0.162181009735894 	 5.30032964861854E-14 	 5.30032964861854E-14 	 0 
 0.162929603263973 	 5.42326906422002E-14 	 5.42326906422002E-14 	 0 
 0.163681652142782 	 5.54911458388646E-14 	 5.54911458388646E-14 	 6.31088724176809E-30 
 0.164437172321494 	 5.67790500105611E-14 	 5.67790500105611E-14 	 0 
 0.165196179822903 	 5.80967650075359E-14 	 5.80967650075359E-14 	-1.26217744835362E-29 
 0.165958690743757 	 5.94446247091309E-14 	 5.94446247091309E-14 	 0 
 0.166724721255107 	 6.08229332325444E-14 	 6.08229332325444E-14 	 0 
 0.167494287602645 	 6.22319632613E-14 	 6.22319632613E-14 	 0 
 0.168267406107048 	 6.36719545184632E-14 	 6.36719545184632E-14 	 0 
 0.169044093164328 	 6.51431124102602E-14 	 6.51431124102602E-14 	 0 
 0.169824365246176 	 6.66456068660842E-14 	 6.66456068660842E-14 	 0 
 0.170608238900314 	 6.81795714008865E-14 	 6.81795714008865E-14 	 1.26217744835362E-29 
 0.171395730750844 	 6.97451024256253E-14 	 6.97451024256253E-14 	 0 
 0.172186857498602 	 7.13422588307483E-14 	 7.13422588307483E-14 	 0 
 0.172981635921511 	 7.29710618666084E-14 	 7.29710618666084E-14 	 0 
 0.173780082874939 	 7.46314953432381E-14 	 7.46314953432382E-14 	-1.26217744835362E-29 
 0.174582215292052 	 7.63235061700292E-14 	 7.63235061700292E-14 	 0 
 0.175388050184177 	 7.80470052536037E-14 	 7.80470052536037E-14 	 1.26217744835362E-29 
 0.176197604641164 	 7.98018687695043E-14 	 7.98018687695043E-14 	 0 
 0.177010895831743 	 8.15879398203262E-14 	 8.15879398203262E-14 	-1.26217744835362E-29 
 0.177827941003894 	 8.34050304895768E-14 	 8.34050304895768E-14 	 0 
 0.178648757485206 	 8.52529242969302E-14 	 8.52529242969302E-14 	 0 
 0.179473362683254 	 8.71313790566871E-14 	 8.71313790566871E-14 	 0 
 0.180301774085958 	 8.90401301372222E-14 	 8.90401301372222E-14 	-1.26217744835362E-29 
 0.181134009261962 	 9.09788941150601E-14 	 9.09788941150601E-14 	-2.52435489670724E-29 
 0.181970085861 	 9.29473728130332E-14 	 9.29473728130332E-14 	 0 
 0.182810021614276 	 9.49452577078349E-14 	 9.49452577078349E-14 	 0 
 0.183653834334836 	 9.69722346882337E-14 	 9.69722346882337E-14 	 0 
 0.184501541917949 	 9.9027989141354E-14 	 9.9027989141354E-14 	 0 
 0.185353162341483 	 1.01112211340835E-13 	 1.01112211340835E-13 	 1.26217744835362E-29 
 0.186208713666288 	 1.03224602107383E-13 	 1.03224602107383E-13 	 0 
 0.187068214036582 	 1.05364878709339E-13 	 1.05364878709339E-13 	 0 
 0.187931681680328 	 1.07532780968399E-13 	 1.07532780968399E-13 	 2.52435489670724E-29 
 0.188799134909631 	 1.09728077533625E-13 	 1.09728077533625E-13 	 0 
 0.189670592121116 	 1.11950572285351E-13 	 1.11950572285351E-13 	 0 
 0.190546071796326 	 1.14200110829591E-13 	 1.14200110829591E-13 	 2.52435489670724E-29 
 0.19142559250211 	 1.16476587042996E-13 	 1.16476587042996E-13 	 0 
 0.192309172891018 	 1.18779949628411E-13 	 1.18779949628411E-13 	-2.52435489670724E-29 
 0.193196831701694 	 1.21110208641421E-13 	 1.21110208641421E-13 	 2.52435489670724E-29 
 0.19408858775928 	 1.23467441949092E-13 	 1.23467441949092E-13 	 2.52435489670724E-29 
 0.194984459975806 	 1.25851801583196E-13 	 1.25851801583196E-13 	 0 
 0.195884467350601 	 1.28263519951579E-13 	 1.28263519951579E-13 	 0 
 0.196788628970686 	 1.30702915872826E-13 	 1.30702915872826E-13 	-2.52435489670724E-29 
 0.197696964011188 	 1.33170400400971E-13 	 1.33170400400971E-13 	 0 
 0.198609491735739 	 1.35666482408541E-13 	 1.35666482408541E-13 	 0 
 0.19952623149689 	 1.38191773897633E-13 	 1.38191773897633E-13 	 0 
 0.200447202736518 	 1.4074699500989E-13 	 1.4074699500989E-13 	 0 
 0.201372424986241 	 1.43332978707047E-13 	 1.43332978707047E-13 	 5.04870979341448E-29 
 0.202301917867829 	 1.45950675094134E-13 	 1.45950675094134E-13 	 5.04870979341448E-29 
 0.203235701093624 	 1.48601155357236E-13 	 1.48601155357236E-13 	 2.52435489670724E-29 
 0.204173794466955 	 1.51285615286989E-13 	 1.51285615286989E-13 	 0 
 0.205116217882559 	 1.54005378357553E-13 	 1.54005378357553E-13 	 5.04870979341448E-29 
 0.206062991327002 	 1.56761898328673E-13 	 1.56761898328673E-13 	 2.52435489670724E-29 
 0.207014134879106 	 1.59556761335569E-13 	 1.59556761335569E-13 	-2.52435489670724E-29 
 0.207969668710372 	 1.62391687427779E-13 	 1.62391687427779E-13 	 0 
 0.208929613085406 	 1.65268531513734E-13 	 1.65268531513734E-13 	 0 
 0.209893988362355 	 1.68189283662852E-13 	 1.68189283662852E-13 	 2.52435489670724E-29 
 0.210862814993331 	 1.71156068711331E-13 	 1.71156068711331E-13 	 0 
 0.211836113524852 	 1.74171145111773E-13 	 1.74171145111773E-13 	 0 
 0.212813904598273 	 1.77236902960412E-13 	 1.77236902960412E-13 	 2.52435489670724E-29 
 0.213796208950225 	 1.80355861129202E-13 	 1.80355861129202E-13 	 0 
 0.214783047413056 	 1.83530663423734E-13 	 1.83530663423734E-13 	 0 
 0.215774440915269 	 1.86764073681963E-13 	 1.86764073681963E-13 	 0 
 0.216770410481972 	 1.9005896972362E-13 	 1.9005896972362E-13 	 0 
 0.217770977235318 	 1.93418336056148E-13 	 1.93418336056148E-13 	 0 
 0.218776162394958 	 1.96845255240593E-13 	 1.96845255240593E-13 	 1.0097419586829E-28 
 0.219785987278485 	 2.00342897820571E-13 	 2.00342897820571E-13 	 2.52435489670724E-29 
 0.220800473301892 	 2.03914510719685E-13 	 2.03914510719685E-13 	 5.04870979341448E-29 
 0.221819641980024 	 2.07563404018245E-13 	 2.07563404018245E-13 	 2.52435489670724E-29 
 0.222843514927033 	 2.11292936029351E-13 	 2.11292936029351E-13 	 0 
 0.223872113856836 	 2.15106496607949E-13 	 2.15106496607949E-13 	-2.52435489670724E-29 
 0.224905460583581 	 2.19007488644972E-13 	 2.19007488644972E-13 	-5.04870979341448E-29 
 0.2259435770221 	 2.22999307722574E-13 	 2.22999307722574E-13 	 0 
 0.226986485188385 	 2.27085319936279E-13 	 2.27085319936279E-13 	 5.04870979341448E-29 
 0.228034207200044 	 2.31268837925892E-13 	 2.31268837925892E-13 	 5.04870979341448E-29 
 0.22908676527678 	 2.35553095199368E-13 	 2.35553095199368E-13 	 0 
 0.230144181740853 	 2.39941218882558E-13 	 2.39941218882558E-13 	 0 
 0.231206479017562 	 2.44436201082412E-13 	 2.44436201082412E-13 	 0 
 0.232273679635713 	 2.49040869111233E-13 	 2.49040869111233E-13 	 0 
 0.233345806228103 	 2.53757854883975E-13 	 2.53757854883975E-13 	 5.04870979341448E-29 
 0.234422881531995 	 2.58589563867869E-13 	 2.58589563867869E-13 	 0 
 0.235504928389604 	 2.63538144032114E-13 	 2.63538144032114E-13 	 0 
 0.236591969748579 	 2.68605455312668E-13 	 2.68605455312668E-13 	 0 
 0.23768402866249 	 2.73793040170697E-13 	 2.73793040170697E-13 	 0 
 0.238781128291321 	 2.79102095879969E-13 	 2.79102095879969E-13 	 0 
 0.239883291901952 	 2.84533449225128E-13 	 2.84533449225128E-13 	 0 
 0.240990542868662 	 2.90087534326004E-13 	 2.90087534326004E-13 	 0 
 0.242102904673621 	 2.95764374319408E-13 	 2.95764374319408E-13 	-5.04870979341448E-29 
 0.243220400907384 	 3.01563567626223E-13 	 3.01563567626223E-13 	 0 
 0.2443430552694 	 3.07484279505127E-13 	 3.07484279505127E-13 	 0 
 0.245470891568506 	 3.13525239543116E-13 	 3.13525239543116E-13 	 0 
 0.246603933723437 	 3.19684745655769E-13 	 3.19684745655769E-13 	-5.04870979341448E-29 
 0.247742205763332 	 3.25960675067153E-13 	 3.25960675067153E-13 	 5.04870979341448E-29 
 0.248885731828242 	 3.32350502611335E-13 	 3.32350502611335E-13 	-5.04870979341448E-29 
 0.250034536169646 	 3.3885132654763E-13 	 3.3885132654763E-13 	-5.04870979341448E-29 
 0.251188643150961 	 3.45459901913669E-13 	 3.45459901913669E-13 	 0 
 0.252348077248061 	 3.52172681259782E-13 	 3.52172681259782E-13 	 0 
 0.253512863049794 	 3.58985862421274E-13 	 3.58985862421274E-13 	 0 
 0.254683025258507 	 3.65895442799516E-13 	 3.65895442799516E-13 	 0 
 0.255858588690568 	 3.72897279445969E-13 	 3.72897279445969E-13 	 5.04870979341448E-29 
 0.25703957827689 	 3.79987154083293E-13 	 3.79987154083293E-13 	 0 
 0.258226019063463 	 3.8716084206177E-13 	 3.8716084206177E-13 	-1.0097419586829E-28 
 0.259417936211885 	 3.94414184143893E-13 	 3.94414184143893E-13 	 0 
 0.260615354999893 	 4.01743159939939E-13 	 4.01743159939939E-13 	 0 
 0.261818300821902 	 4.09143961785975E-13 	 4.09143961785975E-13 	 0 
 0.263026799189542 	 4.16613067863893E-13 	 4.16613067863893E-13 	 1.51461293802434E-28 
 0.264240875732198 	 4.24147313409974E-13 	 4.24147313409974E-13 	-1.0097419586829E-28 
 0.265460556197557 	 4.31743958940418E-13 	 4.31743958940418E-13 	 0 
 0.266685866452151 	 4.39400754534526E-13 	 4.39400754534525E-13 	 5.04870979341448E-29 
 0.267916832481907 	 4.4711599935134E-13 	 4.4711599935134E-13 	 0 
 0.269153480392695 	 4.54888595705743E-13 	 4.54888595705743E-13 	 0 
 0.270395836410888 	 4.62718097186115E-13 	 4.62718097186115E-13 	 0 
 0.271643926883912 	 4.7060475044846E-13 	 4.7060475044846E-13 	 0 
 0.272897778280808 	 4.78549530462597E-13 	 4.78549530462597E-13 	 1.0097419586829E-28 
 0.274157417192792 	 4.86554169106256E-13 	 4.86554169106256E-13 	-1.0097419586829E-28 
 0.27542287033382 	 4.94621177095822E-13 	 4.94621177095822E-13 	 0 
 0.276694164541155 	 5.02753859302432E-13 	 5.02753859302432E-13 	-1.0097419586829E-28 
 0.277971326775933 	 5.10956323525403E-13 	 5.10956323525403E-13 	 0 
 0.279254384123738 	 5.19233482779617E-13 	 5.19233482779617E-13 	 0 
 0.280543363795175 	 5.2759105109958E-13 	 5.27591051099579E-13 	 1.0097419586829E-28 
 0.281838293126449 	 5.36035532772308E-13 	 5.36035532772308E-13 	 0 
 0.283139199579942 	 5.4457420478803E-13 	 5.4457420478803E-13 	 1.0097419586829E-28 
 0.284446110744796 	 5.53215092147508E-13 	 5.53215092147508E-13 	 0 
 0.285759054337499 	 5.61966935495495E-13 	 5.61966935495495E-13 	 3.02922587604869E-28 
 0.287078058202473 	 5.70839150370525E-13 	 5.70839150370525E-13 	 3.02922587604869E-28 
 0.288403150312665 	 5.79841777183555E-13 	 5.79841777183555E-13 	-1.0097419586829E-28 
 0.289734358770136 	 5.88985420874641E-13 	 5.88985420874641E-13 	 0 
 0.291071711806665 	 5.98281179062952E-13 	 5.98281179062951E-13 	 1.0097419586829E-28 
 0.292415237784338 	 6.07740557417614E-13 	 6.07740557417614E-13 	 0 
 0.293764965196157 	 6.1737537095338E-13 	 6.1737537095338E-13 	 0 
 0.295120922666643 	 6.2719763001552E-13 	 6.2719763001552E-13 	 1.0097419586829E-28 
 0.296483138952439 	 6.37219409883078E-13 	 6.37219409883078E-13 	 0 
 0.297851642942923 	 6.47452703208668E-13 	 6.47452703208668E-13 	 0 
 0.299226463660823 	 6.57909254945075E-13 	 6.57909254945075E-13 	 0 
 0.300607630262828 	 6.6860037999914E-13 	 6.6860037999914E-13 	 2.01948391736579E-28 
 0.301995172040206 	 6.79536764611221E-13 	 6.79536764611221E-13 	 0 
 0.303389118419432 	 6.90728253384638E-13 	 6.90728253384638E-13 	 0 
 0.304789498962803 	 7.02183624972713E-13 	 7.02183624972713E-13 	 0 
 0.306196343369072 	 7.1391036064493E-13 	 7.1391036064493E-13 	 0 
 0.307609681474075 	 7.25914411253644E-13 	 7.25914411253644E-13 	 0 
 0.309029543251364 	 7.38199969443578E-13 	 7.38199969443578E-13 	 0 
 0.31045595881284 	 7.50769255202108E-13 	 7.50769255202108E-13 	 0 
 0.311888958409398 	 7.63622323933788E-13 	 7.63622323933788E-13 	 0 
 0.313328572431563 	 7.76756907037926E-13 	 7.76756907037926E-13 	-1.0097419586829E-28 
 0.314774831410136 	 7.90168295347314E-13 	 7.90168295347314E-13 	 0 
 0.316227766016843 	 8.03849275628317E-13 	 8.03849275628317E-13 	 0 
 0.317687407064982 	 8.17790129546392E-13 	 8.17790129546392E-13 	 0 
 0.319153785510081 	 8.31978703001156E-13 	 8.31978703001156E-13 	 0 
 0.320626932450552 	 8.46400551517755E-13 	 8.46400551517755E-13 	 0 
 0.322106879128349 	 8.61039164497204E-13 	 8.61039164497204E-13 	 0 
 0.323593656929633 	 8.7587626770033E-13 	 8.7587626770033E-13 	 0 
 0.32508729738544 	 8.90892199561546E-13 	 8.90892199561546E-13 	 0 
 0.326587832172341 	 9.06066353053825E-13 	 9.06066353053825E-13 	 0 
 0.328095293113124 	 9.21377671148372E-13 	 9.21377671148372E-13 	-6.05845175209737E-28 
 0.329609712177463 	 9.3680518073557E-13 	 9.3680518073557E-13 	 2.01948391736579E-28 
 0.331131121482596 	 9.5232854747835E-13 	 9.5232854747835E-13 	 4.03896783473158E-28 
 0.33265955329401 	 9.67928632677661E-13 	 9.67928632677661E-13 	 0 
 0.33419504002612 	 9.83588032977951E-13 	 9.8358803297795E-13 	 2.01948391736579E-28 
 0.33573761424296 	 9.99291584658091E-13 	 9.99291584658091E-13 	 0 
 0.337287308658874 	 1.01502681625744E-12 	 1.01502681625744E-12 	 0 
 0.338844156139208 	 1.03078433619264E-12 	 1.03078433619264E-12 	 0 
 0.340408189701007 	 1.04655814556128E-12 	 1.04655814556128E-12 	 0 
 0.341979442513714 	 1.06234587018802E-12 	 1.06234587018802E-12 	 0 
 0.34355794789988 	 1.07814890981633E-12 	 1.07814890981633E-12 	 0 
 0.345143739335862 	 1.09397250587567E-12 	 1.09397250587567E-12 	 2.01948391736579E-28 
 0.346736850452537 	 1.10982573220035E-12 	 1.10982573220035E-12 	 2.01948391736579E-28 
 0.348337315036018 	 1.12572141525252E-12 	 1.12572141525252E-12 	 0 
 0.349945167028363 	 1.14167599169637E-12 	 1.14167599169637E-12 	 0 
 0.351560440528304 	 1.15770931155272E-12 	 1.15770931155272E-12 	 0 
 0.353183169791963 	 1.17384439466906E-12 	 1.17384439466906E-12 	 0 
 0.354813389233581 	 1.19010714696713E-12 	 1.19010714696713E-12 	 0 
 0.35645113342625 	 1.20652604101599E-12 	 1.20652604101599E-12 	 0 
 0.358096437102642 	 1.22313176309453E-12 	 1.22313176309453E-12 	 0 
 0.359749335155748 	 1.23995682624384E-12 	 1.23995682624384E-12 	 0 
 0.36140986263962 	 1.25703514607921E-12 	 1.25703514607921E-12 	 0 
 0.363078054770108 	 1.27440157356043E-12 	 1.27440157356043E-12 	 0 
 0.364753946925614 	 1.29209137676385E-12 	 1.29209137676385E-12 	 2.01948391736579E-28 
 0.36643757464784 	 1.31013966224148E-12 	 1.31013966224148E-12 	 0 
 0.368128973642538 	 1.32858072611167E-12 	 1.32858072611167E-12 	 2.01948391736579E-28 
 0.369828179780273 	 1.34744732595254E-12 	 1.34744732595254E-12 	 0 
 0.371535229097179 	 1.36676986723299E-12 	 1.36676986723299E-12 	 0 
 0.373250157795727 	 1.38657550277225E-12 	 1.38657550277225E-12 	 0 
 0.37497300224549 	 1.40688715085393E-12 	 1.40688715085393E-12 	 0 
 0.376703798983916 	 1.4277224472715E-12 	 1.4277224472715E-12 	 2.01948391736579E-28 
 0.3784425847171 	 1.4490926586328E-12 	 1.4490926586328E-12 	 0 
 0.380189396320568 	 1.47100159821199E-12 	 1.47100159821199E-12 	 0 
 0.381944270840053 	 1.4934446005419E-12 	 1.4934446005419E-12 	 0 
 0.383707245492286 	 1.51640762526759E-12 	 1.51640762526759E-12 	 0 
 0.385478357665779 	 1.53986657248121E-12 	 1.53986657248121E-12 	 2.01948391736579E-28 
 0.387257644921624 	 1.56378689837874E-12 	 1.56378689837874E-12 	 0 
 0.389045144994288 	 1.58812361907307E-12 	 1.58812361907307E-12 	 2.01948391736579E-28 
 0.390840895792409 	 1.61282177957254E-12 	 1.61282177957254E-12 	 0 
 0.392644935399607 	 1.63781744301034E-12 	 1.63781744301034E-12 	 4.03896783473158E-28 
 0.394457302075286 	 1.66303922238394E-12 	 1.66303922238394E-12 	 2.01948391736579E-28 
 0.396278034255447 	 1.6884103354075E-12 	 1.6884103354075E-12 	 0 
 0.398107170553505 	 1.71385111662607E-12 	 1.71385111662607E-12 	 0 
 0.399944749761105 	 1.73928187531495E-12 	 1.73928187531495E-12 	 0 
 0.401790810848947 	 1.76462594928625E-12 	 1.76462594928625E-12 	 0 
 0.403645392967613 	 1.78981277954522E-12 	 1.78981277954522E-12 	 2.01948391736579E-28 
 0.405508535448391 	 1.81478082313157E-12 	 1.81478082313157E-12 	 4.03896783473158E-28 
 0.40738027780412 	 1.83948013315255E-12 	 1.83948013315255E-12 	 0 
 0.409260659730019 	 1.86387446455721E-12 	 1.86387446455721E-12 	 0 
 0.41114972110453 	 1.88794280732319E-12 	 1.88794280732319E-12 	 4.03896783473158E-28 
 0.413047501990169 	 1.9116802991067E-12 	 1.9116802991067E-12 	 0 
 0.414954042634371 	 1.93509851995918E-12 	 1.93509851995918E-12 	 8.07793566946316E-28 
 0.416869383470343 	 1.95822521591215E-12 	 1.95822521591215E-12 	 0 
 0.418793565117926 	 1.98110353116769E-12 	 1.98110353116769E-12 	 8.07793566946316E-28 
 0.420726628384452 	 2.00379084759608E-12 	 2.00379084759608E-12 	 0 
 0.422668614265611 	 2.02635733478126E-12 	 2.02635733478126E-12 	 4.03896783473158E-28 
 0.424619563946321 	 2.04888430539015E-12 	 2.04888430539015E-12 	 0 
 0.426579518801601 	 2.07146245184625E-12 	 2.07146245184625E-12 	 0 
 0.428548520397448 	 2.09419001441928E-12 	 2.09419001441928E-12 	 0 
 0.430526610491719 	 2.11717090120087E-12 	 2.11717090120087E-12 	 0 
 0.432513831035017 	 2.14051275004175E-12 	 2.14051275004175E-12 	 4.03896783473158E-28 
 0.43451022417158 	 2.16432489404288E-12 	 2.16432489404288E-12 	 0 
 0.436515832240175 	 2.18871616806285E-12 	 2.18871616806285E-12 	 0 
 0.438530697774994 	 2.21379247642951E-12 	 2.21379247642951E-12 	 0 
 0.440554863506562 	 2.23965403450907E-12 	 2.23965403450907E-12 	 0 
 0.442588372362635 	 2.26639220250744E-12 	 2.26639220250744E-12 	 0 
 0.444631267469118 	 2.29408585302945E-12 	 2.29408585302945E-12 	 4.03896783473158E-28 
 0.446683592150972 	 2.32279725895374E-12 	 2.32279725895374E-12 	 0 
 0.448745389933141 	 2.35256755886523E-12 	 2.35256755886523E-12 	 0 
 0.450816704541469 	 2.38341195503771E-12 	 2.38341195503771E-12 	 0 
 0.45289757990363 	 2.41531492048996E-12 	 2.41531492048996E-12 	 0 
 0.454988060150058 	 2.44822582630792E-12 	 2.44822582630792E-12 	 0 
 0.457088189614884 	 2.48205552813759E-12 	 2.48205552813759E-12 	 0 
 0.459198012836878 	 2.51667454175182E-12 	 2.51667454175182E-12 	 4.03896783473158E-28 
 0.461317574560389 	 2.55191345573401E-12 	 2.55191345573401E-12 	 0 
 0.463446919736298 	 2.5875661398994E-12 	 2.5875661398994E-12 	 0 
 0.465586093522969 	 2.62339608976347E-12 	 2.62339608976347E-12 	 0 
 0.467735141287208 	 2.65914590537168E-12 	 2.65914590537168E-12 	 8.07793566946316E-28 
 0.469894108605225 	 2.69454947788951E-12 	 2.69454947788951E-12 	 0 
 0.4720630412636 	 2.72934602472207E-12 	 2.72934602472207E-12 	 4.03896783473158E-28 
 0.474241985260255 	 2.76329476838382E-12 	 2.76329476838382E-12 	 4.03896783473158E-28 
 0.476430986805426 	 2.7961888838541E-12 	 2.7961888838541E-12 	 0 
 0.478630092322648 	 2.82786739564791E-12 	 2.82786739564791E-12 	 0 
 0.480839348449739 	 2.85822398521861E-12 	 2.85822398521861E-12 	 4.03896783473158E-28 
 0.483058802039783 	 2.88721211035716E-12 	 2.88721211035716E-12 	 0 
 0.485288500162131 	 2.91484634157428E-12 	 2.91484634157428E-12 	-8.07793566946316E-28 
 0.487528490103397 	 2.94120027966301E-12 	 2.94120027966301E-12 	-4.03896783473158E-28 
 0.489778819368457 	 2.96640175069539E-12 	 2.96640175069539E-12 	 0 
 0.492039535681461 	 2.99062613822343E-12 	 2.99062613822343E-12 	 0 
 0.494310686986846 	 3.01408870960337E-12 	 3.01408870960337E-12 	 0 
 0.496592321450347 	 3.03703665848821E-12 	 3.03703665848821E-12 	 0 
 0.498884487460023 	 3.05974136784038E-12 	 3.05974136784038E-12 	 0 
 0.501187233627283 	 3.08249114555961E-12 	 3.08249114555961E-12 	 0 
 0.503500608787916 	 3.10558443550121E-12 	 3.10558443550121E-12 	 0 
 0.505824662003125 	 3.12932328427914E-12 	 3.12932328427914E-12 	 0 
 0.508159442560572 	 3.15400666224432E-12 	 3.15400666224432E-12 	 0 
 0.510504999975417 	 3.17992310457748E-12 	 3.17992310457748E-12 	 0 
 0.512861383991376 	 3.20734206787555E-12 	 3.20734206787555E-12 	 0 
 0.515228644581768 	 3.23650341104416E-12 	 3.23650341104416E-12 	 0 
 0.517606831950579 	 3.26760454230085E-12 	 3.26760454230085E-12 	 0 
 0.519995996533527 	 3.30078507359386E-12 	 3.30078507359386E-12 	 0 
 0.522396188999131 	 3.33610933633127E-12 	 3.33610933633127E-12 	 0 
 0.524807460249784 	 3.37354785892657E-12 	 3.37354785892657E-12 	 0 
 0.527229861422834 	 3.41295984332485E-12 	 3.41295984332485E-12 	 0 
 0.52966344389167 	 3.45407965106215E-12 	 3.45407965106215E-12 	 0 
 0.532108259266806 	 3.49651103103009E-12 	 3.49651103103009E-12 	 0 
 0.534564359396984 	 3.53973289764525E-12 	 3.53973289764525E-12 	-4.03896783473158E-28 
 0.537031796370265 	 3.58311952193903E-12 	 3.58311952193903E-12 	-8.07793566946316E-28 
 0.53951062251514 	 3.6259758723009E-12 	 3.6259758723009E-12 	 0 
 0.542000890401636 	 3.66758580909146E-12 	 3.66758580909146E-12 	 8.07793566946316E-28 
 0.544502652842433 	 3.7072676672967E-12 	 3.7072676672967E-12 	 0 
 0.547015962893984 	 3.74442951731189E-12 	 3.74442951731189E-12 	 0 
 0.549540873857637 	 3.7786159848618E-12 	 3.7786159848618E-12 	 0 
 0.55207743928077 	 3.8095402190625E-12 	 3.8095402190625E-12 	 0 
 0.554625712957923 	 3.83709788502419E-12 	 3.83709788502419E-12 	-8.07793566946316E-28 
 0.557185748931943 	 3.86136380459319E-12 	 3.86136380459319E-12 	 0 
 0.559757601495123 	 3.88257490327495E-12 	 3.88257490327495E-12 	 0 
 0.562341325190362 	 3.90110471032292E-12 	 3.90110471032292E-12 	 0 
 0.564936974812316 	 3.91743470292759E-12 	 3.91743470292759E-12 	 0 
 0.56754460540856 	 3.93212668164644E-12 	 3.93212668164644E-12 	 0 
 0.570164272280761 	 3.9457987039844E-12 	 3.9457987039844E-12 	-8.07793566946316E-28 
 0.572796030985843 	 3.95910540060252E-12 	 3.95910540060252E-12 	-8.07793566946316E-28 
 0.57543993733717 	 3.97272205809535E-12 	 3.97272205809535E-12 	 0 
 0.578096047405732 	 3.98733077018046E-12 	 3.98733077018046E-12 	 0 
 0.580764417521326 	 4.00360620462558E-12 	 4.00360620462558E-12 	 0 
 0.583445104273759 	 4.02219804883375E-12 	 4.02219804883375E-12 	 0 
 0.586138164514043 	 4.04370698917806E-12 	 4.04370698917806E-12 	 0 
 0.588843655355603 	 4.06865128790994E-12 	 4.06865128790994E-12 	 0 
 0.591561634175488 	 4.09742195716029E-12 	 4.09742195716029E-12 	 0 
 0.594292158615587 	 4.13022664173576E-12 	 4.13022664173576E-12 	 0 
 0.597035286583851 	 4.1670260309985E-12 	 4.1670260309985E-12 	 0 
 0.599791076255524 	 4.20747193545604E-12 	 4.20747193545604E-12 	 0 
 0.602559586074372 	 4.25086211977436E-12 	 4.25086211977436E-12 	 0 
 0.605340874753928 	 4.29613117728108E-12 	 4.29613117728107E-12 	 1.61558713389263E-27 
 0.608135001278733 	 4.34189560837632E-12 	 4.34189560837632E-12 	 0 
 0.610942024905587 	 4.38656181624885E-12 	 4.38656181624886E-12 	-8.07793566946316E-28 
 0.613762005164809 	 4.42848832735112E-12 	 4.42848832735112E-12 	 0 
 0.616595001861497 	 4.46617392773032E-12 	 4.46617392773032E-12 	 0 
 0.619441075076797 	 4.49843108906215E-12 	 4.49843108906215E-12 	 0 
 0.622300285169175 	 4.5245066182519E-12 	 4.5245066182519E-12 	 0 
 0.625172692775701 	 4.54412870897615E-12 	 4.54412870897615E-12 	 0 
 0.628058358813333 	 4.55748300019827E-12 	 4.55748300019827E-12 	 0 
 0.630957344480209 	 4.56513879991299E-12 	 4.56513879991299E-12 	 0 
 0.633869711256943 	 4.56795373311721E-12 	 4.56795373311721E-12 	 0 
 0.636795520907932 	 4.56698125696573E-12 	 4.56698125696573E-12 	 0 
 0.639734835482664 	 4.56339584963146E-12 	 4.56339584963146E-12 	 0 
 0.642687717317036 	 4.55844060466643E-12 	 4.55844060466643E-12 	 0 
 0.645654229034672 	 4.55339449312101E-12 	 4.55339449312101E-12 	 0 
 0.648634433548255 	 4.54955217957374E-12 	 4.54955217957374E-12 	 0 
 0.651628394060859 	 4.54820702703468E-12 	 4.54820702703468E-12 	 0 
 0.654636174067291 	 4.55062657787889E-12 	 4.55062657787889E-12 	 0 
 0.657657837355437 	 4.55800868737742E-12 	 4.55800868737742E-12 	 0 
 0.660693448007613 	 4.57140598743612E-12 	 4.57140598743612E-12 	 0 
 0.663743070401926 	 4.59160823452812E-12 	 4.59160823452812E-12 	 0 
 0.666806769213639 	 4.6189795918901E-12 	 4.6189795918901E-12 	 0 
 0.669884609416543 	 4.65326483283138E-12 	 4.65326483283138E-12 	 0 
 0.672976656284335 	 4.69340606873006E-12 	 4.69340606873006E-12 	 8.07793566946316E-28 
 0.676082975391999 	 4.73744275041892E-12 	 4.73744275041892E-12 	 0 
 0.679203632617202 	 4.78258205877704E-12 	 4.78258205877704E-12 	 0 
 0.682338694141687 	 4.8254969043932E-12 	 4.8254969043932E-12 	 0 
 0.685488226452679 	 4.86282414997625E-12 	 4.86282414997625E-12 	 0 
 0.688652296344294 	 4.89173083179349E-12 	 4.89173083179349E-12 	 0 
 0.691830970918955 	 4.91036275455461E-12 	 4.91036275455461E-12 	 0 
 0.695024317588815 	 4.91803747323617E-12 	 4.91803747323617E-12 	 0 
 0.69823240407719 	 4.91516482154173E-12 	 4.91516482154173E-12 	 8.07793566946316E-28 
 0.70145529841999 	 4.90298892062689E-12 	 4.90298892062689E-12 	 0 
 0.704693068967165 	 4.88328321288082E-12 	 4.88328321288082E-12 	 0 
 0.707945784384156 	 4.85809734657831E-12 	 4.85809734657831E-12 	 0 
 0.711213513653348 	 4.82959574751558E-12 	 4.82959574751558E-12 	 0 
 0.714496326075532 	 4.79998103704433E-12 	 4.79998103704433E-12 	 0 
 0.717794291271381 	 4.77147345085911E-12 	 4.77147345085912E-12 	-1.61558713389263E-27 
 0.721107479182919 	 4.74631330389345E-12 	 4.74631330389345E-12 	 0 
 0.724435960075009 	 4.7267555397372E-12 	 4.7267555397372E-12 	 0 
 0.727779804536843 	 4.71502509755258E-12 	 4.71502509755258E-12 	 8.07793566946316E-28 
 0.731139083483437 	 4.71319678996559E-12 	 4.71319678996559E-12 	 0 
 0.734513868157135 	 4.72295822511362E-12 	 4.72295822511362E-12 	 0 
 0.737904230129121 	 4.74522294859393E-12 	 4.74522294859393E-12 	 0 
 0.741310241300937 	 4.77960753537236E-12 	 4.77960753537236E-12 	 8.07793566946316E-28 
 0.744731973906009 	 4.82389342870124E-12 	 4.82389342870124E-12 	 0 
 0.748169500511175 	 4.87374339446546E-12 	 4.87374339446546E-12 	 0 
 0.751622894018226 	 4.92302062688874E-12 	 4.92302062688874E-12 	 0 
 0.755092227665454 	 4.96488589234062E-12 	 4.96488589234062E-12 	 0 
 0.758577575029204 	 4.99338824382633E-12 	 4.99338824382633E-12 	 0 
 0.762079010025433 	 5.00484132064294E-12 	 5.00484132064294E-12 	-8.07793566946316E-28 
 0.765596606911277 	 4.99834543977084E-12 	 4.99834543977084E-12 	 0 
 0.769130440286631 	 4.97537702429245E-12 	 4.97537702429245E-12 	 8.07793566946316E-28 
 0.772680585095723 	 4.93889550984508E-12 	 4.93889550984508E-12 	 0 
 0.776247116628713 	 4.89250236353288E-12 	 4.89250236353288E-12 	 0 
 0.77983011052328 	 4.83992822890228E-12 	 4.83992822890228E-12 	 0 
 0.783429642766233 	 4.78484661392904E-12 	 4.78484661392904E-12 	 8.07793566946316E-28 
 0.78704578969512 	 4.7308861201816E-12 	 4.7308861201816E-12 	-8.07793566946316E-28 
 0.790678627999847 	 4.68171347981356E-12 	 4.68171347981356E-12 	 8.07793566946316E-28 
 0.794328234724304 	 4.64110134662351E-12 	 4.64110134662351E-12 	 8.07793566946316E-28 
 0.797994687267999 	 4.61291920636646E-12 	 4.61291920636646E-12 	 0 
 0.801678063387701 	 4.60097278204733E-12 	 4.60097278204733E-12 	 0 
 0.805378441199089 	 4.6085753524715E-12 	 4.6085753524715E-12 	 0 
 0.809095899178405 	 4.63770705961644E-12 	 4.63770705961644E-12 	 0 
 0.812830516164122 	 4.68771063744798E-12 	 4.68771063744798E-12 	 0 
 0.816582371358615 	 4.75383743967194E-12 	 4.75383743967194E-12 	 0 
 0.820351544329841 	 4.82659119617424E-12 	 4.82659119617424E-12 	 0 
 0.824138115013026 	 4.89313624286846E-12 	 4.89313624286846E-12 	 0 
 0.827942163712358 	 4.94101894904375E-12 	 4.94101894904375E-12 	 0 
 0.831763771102695 	 4.96229454269625E-12 	 4.96229454269625E-12 	 0 
 0.835603018231272 	 4.95531482972898E-12 	 4.95531482972897E-12 	 8.07793566946316E-28 
 0.839459986519421 	 4.92343909788737E-12 	 4.92343909788737E-12 	 0 
 0.843334757764299 	 4.8724055829731E-12 	 4.8724055829731E-12 	 0 
 0.847227414140621 	 4.80833692839663E-12 	 4.80833692839663E-12 	 0 
 0.851138038202401 	 4.73699820696755E-12 	 4.73699820696755E-12 	 0 
 0.855066712884708 	 4.66388820946743E-12 	 4.66388820946743E-12 	 0 
 0.85901352150542 	 4.59458552376478E-12 	 4.59458552376478E-12 	 8.07793566946316E-28 
 0.862978547766995 	 4.53502691222843E-12 	 4.53502691222843E-12 	 8.07793566946316E-28 
 0.866961875758242 	 4.49161953928331E-12 	 4.49161953928331E-12 	 0 
 0.870963589956106 	 4.47113139331827E-12 	 4.47113139331827E-12 	-8.07793566946316E-28 
 0.874983775227461 	 4.48017568134741E-12 	 4.48017568134741E-12 	 0 
 0.87902251683091 	 4.52388037871768E-12 	 4.52388037871768E-12 	-8.07793566946316E-28 
 0.883079900418589 	 4.6032573139251E-12 	 4.6032573139251E-12 	-8.07793566946316E-28 
 0.887156012037987 	 4.71149253244473E-12 	 4.71149253244473E-12 	 0 
 0.891250938133772 	 4.83152455310772E-12 	 4.83152455310772E-12 	 8.07793566946316E-28 
 0.89536476554962 	 4.93926453580043E-12 	 4.93926453580043E-12 	 0 
 0.899497581530062 	 5.01353622572659E-12 	 5.01353622572659E-12 	 0 
 0.903649473722328 	 5.04538748919638E-12 	 5.04538748919638E-12 	 0 
 0.907820530178213 	 5.03841875856245E-12 	 5.03841875856245E-12 	-8.07793566946316E-28 
 0.912010839355937 	 5.00207802373806E-12 	 5.00207802373806E-12 	 8.07793566946316E-28 
 0.916220490122027 	 4.94579214962393E-12 	 4.94579214962393E-12 	 0 
 0.920449571753199 	 4.87734708653343E-12 	 4.87734708653343E-12 	 0 
 0.92469817393825 	 4.80386112333887E-12 	 4.80386112333887E-12 	 8.07793566946316E-28 
 0.928966386779964 	 4.73304163485947E-12 	 4.73304163485947E-12 	 0 
 0.933254300797019 	 4.67380603062876E-12 	 4.67380603062876E-12 	 0 
 0.937562006925908 	 4.63636104646614E-12 	 4.63636104646614E-12 	 8.07793566946316E-28 
 0.94188959652287 	 4.63196718509547E-12 	 4.63196718509547E-12 	 0 
 0.946237161365822 	 4.67212099341735E-12 	 4.67212099341735E-12 	 8.07793566946316E-28 
 0.95060479365631 	 4.76601742513207E-12 	 4.76601742513207E-12 	 0 
 0.954992586021465 	 4.91455804021613E-12 	 4.91455804021613E-12 	 0 
 0.959400631515962 	 5.10139465331442E-12 	 5.10139465331442E-12 	 0 
 0.963829023624 	 5.28964595566003E-12 	 5.28964595566003E-12 	 0 
 0.968277856261279 	 5.4374766806134E-12 	 5.4374766806134E-12 	 8.07793566946316E-28 
 0.972747223776995 	 5.52435019188268E-12 	 5.52435019188268E-12 	 8.07793566946316E-28 
 0.977237220955841 	 5.55723582485016E-12 	 5.55723582485016E-12 	 8.07793566946316E-28 
 0.981747943020014 	 5.55337111179243E-12 	 5.55337111179243E-12 	 8.07793566946316E-28 
 0.986279485631241 	 5.5256842460033E-12 	 5.5256842460033E-12 	 0 
 0.990831944892798 	 5.48185023512817E-12 	 5.48185023512817E-12 	 8.07793566946316E-28 
 0.995405417351558 	 5.42920162770268E-12 	 5.42920162770268E-12 	 0 
 1.00000000000003 	 5.37802248218269E-12 	 5.37802248218269E-12 	 0 
 1.00461579027843 	 5.34196731841359E-12 	 5.34196731841359E-12 	 8.07793566946316E-28 
 1.00925288607672 	 5.33729919592675E-12 	 5.33729919592675E-12 	 0 
 1.01391138573671 	 5.38217427424674E-12 	 5.38217427424674E-12 	 1.61558713389263E-27 
 1.01859138805415 	 5.49513467839797E-12 	 5.49513467839797E-12 	 0 
 1.02329299228079 	 5.6890081127721E-12 	 5.68900811277209E-12 	 1.61558713389263E-27 
 1.02801629812651 	 5.95491785288311E-12 	 5.95491785288311E-12 	 0 
 1.03276140576143 	 6.24346048369543E-12 	 6.24346048369543E-12 	 1.61558713389263E-27 
 1.03752841581805 	 6.48045957959039E-12 	 6.48045957959039E-12 	 0 
 1.04231742939334 	 6.62778194829532E-12 	 6.62778194829532E-12 	 0 
 1.04712854805093 	 6.70492732560054E-12 	 6.70492732560055E-12 	-1.61558713389263E-27 
 1.05196187382326 	 6.74419582424467E-12 	 6.74419582424467E-12 	 1.61558713389263E-27 
 1.05681750921369 	 6.75933059064478E-12 	 6.75933059064478E-12 	 0 
 1.06169555719876 	 6.75275588853496E-12 	 6.75275588853496E-12 	 0 
 1.06659612123029 	 6.73096642211534E-12 	 6.73096642211534E-12 	 0 
 1.07151930523764 	 6.70972589829153E-12 	 6.70972589829153E-12 	-1.61558713389263E-27 
 1.07646521362987 	 6.71131034319473E-12 	 6.71131034319473E-12 	 0 
 1.08143395129797 	 6.76130010556768E-12 	 6.76130010556768E-12 	 0 
 1.0864256236171 	 6.88771401905113E-12 	 6.88771401905113E-12 	 0 
 1.09144033644879 	 7.11823375195237E-12 	 7.11823375195237E-12 	 0 
 1.09647819614322 	 7.46230816655532E-12 	 7.46230816655532E-12 	 0 
 1.10153930954145 	 7.86764154526595E-12 	 7.86764154526595E-12 	 0 
 1.1066237839777 	 8.21147066557772E-12 	 8.21147066557772E-12 	 0 
 1.11173172728163 	 8.41995334606844E-12 	 8.41995334606844E-12 	 0 
 1.1168632477806 	 8.53892316239679E-12 	 8.53892316239679E-12 	 0 
 1.122018454302 	 8.62710031143499E-12 	 8.62710031143499E-12 	 0 
 1.12719745617555 	 8.69139614938791E-12 	 8.69139614938791E-12 	 0 
 1.13240036323559 	 8.71963166320063E-12 	 8.71963166320063E-12 	 0 
 1.13762728582347 	 8.71806939368695E-12 	 8.71806939368695E-12 	 0 
 1.14287833478981 	 8.71495087495748E-12 	 8.71495087495748E-12 	 0 
 1.14815362149692 	 8.74732588476104E-12 	 8.74732588476104E-12 	 0 
 1.15345325782113 	 8.85388570935043E-12 	 8.85388570935043E-12 	 0 
 1.15877735615516 	 9.07646240048757E-12 	 9.07646240048757E-12 	 0 
 1.16412602941053 	 9.45379799976494E-12 	 9.45379799976494E-12 	 0 
 1.16949939101991 	 9.96683945684646E-12 	 9.96683945684646E-12 	 0 
 1.17489755493957 	 1.04492487223351E-11 	 1.04492487223351E-11 	 0 
 1.18032063565177 	 1.07308547398236E-11 	 1.07308547398236E-11 	 0 
 1.1857687481672 	 1.08819999001548E-11 	 1.08819999001548E-11 	 0 
 1.19124200802741 	 1.10189364356077E-11 	 1.10189364356077E-11 	 0 
 1.19674053130728 	 1.11373559626931E-11 	 1.11373559626931E-11 	 0 
 1.20226443461745 	 1.11914758650781E-11 	 1.11914758650781E-11 	 0 
 1.20781383510682 	 1.11838035948725E-11 	 1.11838035948725E-11 	 0 
 1.21338885046502 	 1.11647797845458E-11 	 1.11647797845458E-11 	 0 
 1.21898959892491 	 1.11938823171412E-11 	 1.11938823171412E-11 	 0 
 1.22461619926509 	 1.13260304754674E-11 	 1.13260304754674E-11 	 3.23117426778526E-27 
 1.23026877081242 	 1.16216312900638E-11 	 1.16216312900638E-11 	 0 
 1.23594743344455 	 1.21348005733144E-11 	 1.21348005733144E-11 	 0 
 1.24165230759245 	 1.27739474355964E-11 	 1.27739474355964E-11 	 0 
 1.24738351424299 	 1.32011640725845E-11 	 1.32011640725845E-11 	 0 
 1.25314117494146 	 1.33666376892117E-11 	 1.33666376892117E-11 	 0 
 1.25892541179421 	 1.35224428214496E-11 	 1.35224428214496E-11 	 1.61558713389263E-27 
 1.26473634747119 	 1.37064281587265E-11 	 1.37064281587265E-11 	 0 
 1.27057410520858 	 1.38040820330316E-11 	 1.38040820330316E-11 	-1.61558713389263E-27 
 1.27643880881139 	 1.3774738805904E-11 	 1.3774738805904E-11 	 0 
 1.28233058265607 	 1.3695135716686E-11 	 1.3695135716686E-11 	 1.61558713389263E-27 
 1.28824955169318 	 1.3661566807263E-11 	 1.3661566807263E-11 	 0 
 1.29419584145003 	 1.3748816176938E-11 	 1.3748816176938E-11 	 3.23117426778526E-27 
 1.30016957803334 	 1.40373489902681E-11 	 1.40373489902681E-11 	 0 
 1.30617088813189 	 1.46159537032684E-11 	 1.46159537032684E-11 	 0 
 1.31219989901925 	 1.53273177037198E-11 	 1.53273177037198E-11 	 0 
 1.31825673855645 	 1.56353895154079E-11 	 1.56353895154079E-11 	 0 
 1.32434153519471 	 1.57025096703766E-11 	 1.57025096703766E-11 	 3.23117426778526E-27 
 1.33045441797814 	 1.58917993018969E-11 	 1.58917993018969E-11 	 0 
 1.33659551654649 	 1.6101585741031E-11 	 1.6101585741031E-11 	 0 
 1.34276496113791 	 1.61162456251056E-11 	 1.61162456251056E-11 	-3.23117426778526E-27 
 1.3489628825917 	 1.59589772722993E-11 	 1.59589772722993E-11 	 3.23117426778526E-27 
 1.35518941235108 	 1.57957833486938E-11 	 1.57957833486938E-11 	 0 
 1.361444682466 	 1.57438331500394E-11 	 1.57438331500394E-11 	 0 
 1.3677288255959 	 1.58916347667003E-11 	 1.58916347667003E-11 	 3.23117426778526E-27 
 1.37404197501256 	 1.63733078707841E-11 	 1.63733078707841E-11 	-3.23117426778526E-27 
 1.38038426460293 	 1.7166135007761E-11 	 1.7166135007761E-11 	 0 
 1.38675582887194 	 1.74752249112589E-11 	 1.74752249112589E-11 	 0 
 1.39315680294535 	 1.73978922272932E-11 	 1.73978922272932E-11 	 0 
 1.39958732257267 	 1.75637667647266E-11 	 1.75637667647266E-11 	 0 
 1.40604752412996 	 1.78179464604042E-11 	 1.78179464604042E-11 	 0 
 1.4125375446228 	 1.77719926047542E-11 	 1.77719926047542E-11 	 0 
 1.41905752168914 	 1.74703672842928E-11 	 1.74703672842928E-11 	 0 
 1.42560759360224 	 1.71888346160684E-11 	 1.71888346160684E-11 	 0 
 1.43218789927359 	 1.70678181425625E-11 	 1.70678181425625E-11 	 0 
 1.4387985782559 	 1.72116005408641E-11 	 1.72116005408641E-11 	 0 
 1.44543977074598 	 1.7824453545854E-11 	 1.7824453545854E-11 	 3.23117426778526E-27 
 1.45211161758779 	 1.85958408807826E-11 	 1.85958408807826E-11 	 0 
 1.4588142602754 	 1.84266261182855E-11 	 1.84266261182855E-11 	 0 
 1.46554784095596 	 1.83340967241972E-11 	 1.83340967241972E-11 	 0 
 1.47231250243277 	 1.86340557743614E-11 	 1.86340557743614E-11 	 0 
 1.47910838816826 	 1.8764413672931E-11 	 1.8764413672931E-11 	 3.23117426778526E-27 
 1.48593564228706 	 1.83784258518497E-11 	 1.83784258518497E-11 	 3.23117426778526E-27 
 1.49279440957905 	 1.79037205055489E-11 	 1.79037205055488E-11 	 3.23117426778526E-27 
 1.49968483550243 	 1.76090790042355E-11 	 1.76090790042355E-11 	 6.46234853557053E-27 
 1.5066070661868 	 1.75898306647384E-11 	 1.75898306647384E-11 	 3.23117426778526E-27 
 1.51356124843626 	 1.80843087679629E-11 	 1.80843087679629E-11 	 0 
 1.52054752973255 	 1.90080241955716E-11 	 1.90080241955716E-11 	 0 
 1.52756605823813 	 1.8669177462055E-11 	 1.8669177462055E-11 	 0 
 1.53461698279935 	 1.84724524151386E-11 	 1.84724524151386E-11 	 0 
 1.54170045294962 	 1.88461614879864E-11 	 1.88461614879864E-11 	 0 
 1.54881661891254 	 1.9008099425431E-11 	 1.9008099425431E-11 	 0 
 1.55596563160513 	 1.84263110362937E-11 	 1.84263110362937E-11 	 3.23117426778526E-27 
 1.56314764264101 	 1.78197657563117E-11 	 1.78197657563117E-11 	 0 
 1.57036280433361 	 1.74756875818966E-11 	 1.74756875818966E-11 	 0 
 1.57761126969941 	 1.7487605668759E-11 	 1.7487605668759E-11 	 0 
 1.58489319246117 	 1.82601070617029E-11 	 1.82601070617029E-11 	 0 
 1.59220872705123 	 1.88383907883019E-11 	 1.88383907883019E-11 	 0 
 1.59955802861473 	 1.81696881953618E-11 	 1.81696881953618E-11 	 0 
 1.60694125301294 	 1.82948968025695E-11 	 1.82948968025695E-11 	 0 
 1.61435855682655 	 1.89031583334068E-11 	 1.89031583334068E-11 	 3.23117426778526E-27 
 1.62181009735899 	 1.86035260987736E-11 	 1.86035260987736E-11 	 0 
 1.62929603263978 	 1.7795840013658E-11 	 1.7795840013658E-11 	 0 
 1.63681652142787 	 1.72869420461169E-11 	 1.72869420461169E-11 	 0 
 1.64437172321499 	 1.71288015117033E-11 	 1.71288015117033E-11 	 0 
 1.65196179822908 	 1.76587687792277E-11 	 1.76587687792277E-11 	 3.23117426778526E-27 
 1.65958690743762 	 1.8747872856874E-11 	 1.8747872856874E-11 	 0 
 1.66724721255113 	 1.7876355010176E-11 	 1.7876355010176E-11 	 0 
 1.6749428760265 	 1.79435477082815E-11 	 1.79435477082815E-11 	 3.23117426778526E-27 
 1.68267406107053 	 1.87937379577655E-11 	 1.87937379577655E-11 	 0 
 1.69044093164333 	 1.86662767300412E-11 	 1.86662767300412E-11 	 0 
 1.69824365246181 	 1.77710709660763E-11 	 1.77710709660763E-11 	-3.23117426778526E-27 
 1.70608238900319 	 1.72919490142059E-11 	 1.72919490142059E-11 	 0 
 1.71395730750849 	 1.72039175125004E-11 	 1.72039175125004E-11 	 0 
 1.72186857498607 	 1.79909601239697E-11 	 1.79909601239697E-11 	 0 
 1.72981635921517 	 1.88096561100065E-11 	 1.88096561100065E-11 	 0 
 1.73780082874944 	 1.80078007266242E-11 	 1.80078007266242E-11 	 0 
 1.74582215292057 	 1.84349383910667E-11 	 1.84349383910667E-11 	-3.23117426778526E-27 
 1.75388050184183 	 1.96206930101059E-11 	 1.96206930101059E-11 	 0 
 1.7619760464117 	 1.89877290808958E-11 	 1.89877290808958E-11 	 0 
 1.77010895831749 	 1.82554291260062E-11 	 1.82554291260062E-11 	 0 
 1.77827941003899 	 1.80325161366E-11 	 1.80325161366001E-11 	-3.23117426778526E-27 
 1.78648757485212 	 1.83132779538734E-11 	 1.83132779538734E-11 	 0 
 1.7947336268326 	 2.01990039216343E-11 	 2.01990039216343E-11 	 0 
 1.80301774085964 	 1.92567081936232E-11 	 1.92567081936232E-11 	 0 
 1.81134009261967 	 1.94252772627762E-11 	 1.94252772627762E-11 	 3.23117426778526E-27 
 1.81970085861005 	 2.0723551687527E-11 	 2.0723551687527E-11 	 0 
 1.82810021614281 	 2.10875002649723E-11 	 2.10875002649723E-11 	 0 
 1.83653834334842 	 2.01577641520583E-11 	 2.01577641520583E-11 	 0 
 1.84501541917955 	 1.9946345688495E-11 	 1.9946345688495E-11 	 0 
 1.85353162341488 	 2.0191708580397E-11 	 2.0191708580397E-11 	 0 
 1.86208713666294 	 2.21565566236061E-11 	 2.21565566236061E-11 	-6.46234853557053E-27 
 1.87068214036587 	 2.15088500748698E-11 	 2.15088500748698E-11 	 6.46234853557053E-27 
 1.87931681680334 	 2.17947461817703E-11 	 2.17947461817703E-11 	 0 
 1.88799134909637 	 2.32411861889223E-11 	 2.32411861889223E-11 	 0 
 1.89670592121122 	 2.39809145636029E-11 	 2.39809145636029E-11 	 0 
 1.90546071796332 	 2.30605321233683E-11 	 2.30605321233683E-11 	 0 
 1.91425592502116 	 2.29899305217434E-11 	 2.29899305217434E-11 	-3.23117426778526E-27 
 1.92309172891023 	 2.33850352384479E-11 	 2.3385035238448E-11 	-6.46234853557053E-27 
 1.931968317017 	 2.58934711755284E-11 	 2.58934711755284E-11 	 0 
 1.94088587759286 	 2.47014240838559E-11 	 2.47014240838559E-11 	 0 
 1.94984459975812 	 2.54283488008002E-11 	 2.54283488008002E-11 	 0 
 1.95884467350607 	 2.75193515245835E-11 	 2.75193515245835E-11 	 0 
 1.96788628970692 	 2.72875329678643E-11 	 2.72875329678643E-11 	 0 
 1.97696964011194 	 2.68210882228722E-11 	 2.68210882228722E-11 	-6.46234853557053E-27 
 1.98609491735745 	 2.69671810596684E-11 	 2.69671810596684E-11 	-6.46234853557053E-27 
 1.99526231496896 	 2.78712295626947E-11 	 2.78712295626947E-11 	 0 
 2.00447202736524 	 2.87563710442018E-11 	 2.87563710442018E-11 	 3.23117426778526E-27 
 2.01372424986247 	 2.89013017208708E-11 	 2.89013017208708E-11 	 6.46234853557053E-27 
 2.02301917867835 	 3.01936565667838E-11 	 3.01936565667838E-11 	 0 
 2.0323570109363 	 3.22394292771339E-11 	 3.22394292771339E-11 	 6.46234853557053E-27 
 2.04173794466961 	 3.0998671800008E-11 	 3.0998671800008E-11 	 0 
 2.05116217882565 	 3.10277291832431E-11 	 3.10277291832431E-11 	 0 
 2.06062991327008 	 3.14474130254045E-11 	 3.14474130254045E-11 	 0 
 2.07014134879113 	 3.33881840716296E-11 	 3.33881840716296E-11 	 0 
 2.07969668710378 	 3.2650988794514E-11 	 3.2650988794514E-11 	 6.46234853557053E-27 
 2.08929613085412 	 3.37136210209573E-11 	 3.37136210209573E-11 	-6.46234853557053E-27 
 2.09893988362361 	 3.65786440640376E-11 	 3.65786440640376E-11 	 0 
 2.10862814993338 	 3.48819456443767E-11 	 3.48819456443767E-11 	 0 
 2.11836113524859 	 3.47887692507816E-11 	 3.47887692507816E-11 	 0 
 2.1281390459828 	 3.50142573711506E-11 	 3.50142573711506E-11 	 0 
 2.13796208950232 	 3.68018271715831E-11 	 3.68018271715831E-11 	 6.46234853557053E-27 
 2.14783047413062 	 3.59712187368671E-11 	 3.59712187368671E-11 	 0 
 2.15774440915275 	 3.69822506091654E-11 	 3.69822506091654E-11 	 0 
 2.16770410481978 	 3.98810842098895E-11 	 3.98810842098895E-11 	 0 
 2.17770977235325 	 3.7874523284254E-11 	 3.7874523284254E-11 	 0 
 2.18776162394964 	 3.76653511272787E-11 	 3.76653511272787E-11 	 0 
 2.19785987278492 	 3.77602901583364E-11 	 3.77602901583364E-11 	 0 
 2.20800473301899 	 3.82360798417949E-11 	 3.82360798417949E-11 	 0 
 2.21819641980031 	 3.83349270107954E-11 	 3.83349270107954E-11 	 0 
 2.2284351492704 	 3.94286756419199E-11 	 3.94286756419199E-11 	 0 
 2.23872113856843 	 4.07271979335263E-11 	 4.07271979335263E-11 	 0 
 2.24905460583587 	 3.96071600376597E-11 	 3.96071600376597E-11 	 0 
 2.25943577022107 	 3.92530002297551E-11 	 3.92530002297551E-11 	 0 
 2.26986485188392 	 4.02709748327111E-11 	 4.02709748327111E-11 	 0 
 2.28034207200051 	 3.9042197356374E-11 	 3.9042197356374E-11 	 6.46234853557053E-27 
 2.29086765276787 	 3.95953168889078E-11 	 3.95953168889078E-11 	 0 
 2.3014418174086 	 4.19073128703797E-11 	 4.19073128703797E-11 	 0 
 2.31206479017569 	 4.05234760576489E-11 	 4.05234760576489E-11 	 0 
 2.3227367963572 	 3.99885691072126E-11 	 3.99885691072126E-11 	 0 
 2.3334580622811 	 3.95602244091776E-11 	 3.95602244091776E-11 	 0 
 2.34422881532002 	 3.92554292858865E-11 	 3.92554292858865E-11 	 0 
 2.35504928389611 	 3.9219435041219E-11 	 3.9219435041219E-11 	 0 
 2.36591969748586 	 4.02400131997349E-11 	 4.02400131997349E-11 	 6.46234853557053E-27 
 2.37684028662498 	 4.06296551769685E-11 	 4.06296551769685E-11 	 0 
 2.38781128291328 	 3.99550027934459E-11 	 3.99550027934459E-11 	 0 
 2.39883291901959 	 3.93626463629909E-11 	 3.93626463629909E-11 	 0 
 2.4099054286867 	 3.91235735673539E-11 	 3.91235735673539E-11 	-6.46234853557053E-27 
 2.42102904673628 	 3.86225337092051E-11 	 3.86225337092051E-11 	 6.46234853557053E-27 
 2.43220400907392 	 3.94583948688416E-11 	 3.94583948688416E-11 	-6.46234853557053E-27 
 2.44343055269408 	 4.03890349114356E-11 	 4.03890349114356E-11 	 0 
 2.45470891568514 	 3.97254345139211E-11 	 3.97254345139211E-11 	 0 
 2.46603933723445 	 3.91462096221734E-11 	 3.91462096221734E-11 	 0 
 2.47742205763339 	 3.87848697585517E-11 	 3.87848697585517E-11 	 0 
 2.4888573182825 	 3.83427612513592E-11 	 3.83427612513592E-11 	 6.46234853557053E-27 
 2.50034536169654 	 3.93052598084584E-11 	 3.93052598084584E-11 	 0 
 2.51188643150969 	 4.03747149500101E-11 	 4.03747149500101E-11 	 0 
 2.52348077248068 	 4.00775059463052E-11 	 4.00775059463052E-11 	 0 
 2.53512863049802 	 3.96315210381704E-11 	 3.96315210381704E-11 	 0 
 2.54683025258515 	 3.91507776521621E-11 	 3.91507776521621E-11 	 6.46234853557053E-27 
 2.55858588690576 	 3.90865256831013E-11 	 3.90865256831013E-11 	 0 
 2.57039578276898 	 4.05596677209688E-11 	 4.05596677209688E-11 	 0 
 2.58226019063471 	 4.1625418943939E-11 	 4.1625418943939E-11 	 0 
 2.59417936211893 	 4.17046329206717E-11 	 4.17046329206717E-11 	 0 
 2.60615354999901 	 4.16470177749733E-11 	 4.16470177749733E-11 	-6.46234853557053E-27 
 2.6181830082191 	 4.11246309276486E-11 	 4.11246309276486E-11 	 0 
 2.6302679918955 	 4.15482393344631E-11 	 4.15482393344631E-11 	 0 
 2.64240875732206 	 4.64438801141857E-11 	 4.64438801141857E-11 	 0 
 2.65460556197566 	 4.472754828699E-11 	 4.472754828699E-11 	 0 
 2.6668586645216 	 4.50071165712827E-11 	 4.50071165712827E-11 	 0 
 2.67916832481915 	 4.50176873257091E-11 	 4.50176873257091E-11 	-6.46234853557053E-27 
 2.69153480392703 	 4.49449283998412E-11 	 4.49449283998412E-11 	 0 
 2.70395836410896 	 4.61951256187443E-11 	 4.61951256187443E-11 	 0 
 2.7164392688392 	 4.85843169961365E-11 	 4.85843169961366E-11 	-1.29246970711411E-26 
 2.72897778280816 	 4.95738279610471E-11 	 4.95738279610471E-11 	 0 
 2.741574171928 	 5.03074971761242E-11 	 5.03074971761242E-11 	 0 
 2.75422870333829 	 4.99022485459662E-11 	 4.99022485459662E-11 	 0 
 2.76694164541163 	 5.04875338044915E-11 	 5.04875338044915E-11 	 6.46234853557053E-27 
 2.77971326775941 	 5.30895644998695E-11 	 5.30895644998695E-11 	 0 
 2.79254384123746 	 5.484586372956E-11 	 5.484586372956E-11 	 0 
 2.80543363795184 	 5.55275388981683E-11 	 5.55275388981683E-11 	 0 
 2.81838293126458 	 5.55795743778969E-11 	 5.55795743778969E-11 	 0 
 2.83139199579951 	 5.57933642815966E-11 	 5.57933642815966E-11 	 0 
 2.84446110744804 	 6.02477528485377E-11 	 6.02477528485377E-11 	 1.29246970711411E-26 
 2.85759054337508 	 6.02463757801804E-11 	 6.02463757801804E-11 	 0 
 2.87078058202482 	 6.11590379303989E-11 	 6.11590379303989E-11 	 0 
 2.88403150312674 	 6.12188534458853E-11 	 6.12188534458853E-11 	 0 
 2.89734358770145 	 6.10693031084854E-11 	 6.10693031084854E-11 	 0 
 2.91071711806674 	 6.37614403924975E-11 	 6.37614403924975E-11 	 0 
 2.92415237784347 	 6.50091339119746E-11 	 6.50091339119746E-11 	 0 
 2.93764965196166 	 6.59858350836973E-11 	 6.59858350836973E-11 	 0 
 2.95120922666652 	 6.59794392434572E-11 	 6.59794392434572E-11 	 1.29246970711411E-26 
 2.96483138952448 	 6.54184360976982E-11 	 6.54184360976982E-11 	 0 
 2.97851642942932 	 6.89781758798052E-11 	 6.89781758798052E-11 	 0 
 2.99226463660833 	 6.85752436096519E-11 	 6.85752436096519E-11 	 0 
 3.00607630262837 	 6.93449970096045E-11 	 6.93449970096045E-11 	 2.58493941422821E-26 
 3.01995172040215 	 6.91338879447019E-11 	 6.91338879447019E-11 	 0 
 3.03389118419441 	 6.81386003338084E-11 	 6.81386003338084E-11 	 0 
 3.04789498962812 	 6.81396508017966E-11 	 6.81396508017966E-11 	 0 
 3.06196343369082 	 7.06737478658064E-11 	 7.06737478658064E-11 	 0 
 3.07609681474085 	 7.11207264678518E-11 	 7.11207264678518E-11 	 0 
 3.09029543251373 	 7.03872360767987E-11 	 7.03872360767987E-11 	 0 
 3.1045595881285 	 6.8999661040929E-11 	 6.8999661040929E-11 	-1.29246970711411E-26 
 3.11888958409408 	 6.88291301126798E-11 	 6.88291301126798E-11 	 0 
 3.13328572431573 	 7.12084036393167E-11 	 7.12084036393167E-11 	 0 
 3.14774831410146 	 7.12341864958602E-11 	 7.12341864958602E-11 	 0 
 3.16227766016853 	 7.00046145174239E-11 	 7.00046145174239E-11 	 0 
 3.17687407064992 	 6.8483119168699E-11 	 6.8483119168699E-11 	 0 
 3.19153785510091 	 6.87785577573952E-11 	 6.87785577573952E-11 	 0 
 3.20626932450561 	 7.03826979850761E-11 	 7.03826979850761E-11 	 1.29246970711411E-26 
 3.22106879128358 	 7.07413848413859E-11 	 7.07413848413859E-11 	 0 
 3.23593656929643 	 6.88370413639634E-11 	 6.88370413639634E-11 	 2.58493941422821E-26 
 3.2508729738545 	 6.75525529000729E-11 	 6.75525529000729E-11 	 0 
 3.26587832172351 	 6.95869216261862E-11 	 6.95869216261862E-11 	 0 
 3.28095293113134 	 6.98325648014592E-11 	 6.98325648014592E-11 	 0 
 3.29609712177473 	 7.01372789038154E-11 	 7.01372789038154E-11 	 0 
 3.31131121482607 	 6.8325173102345E-11 	 6.8325173102345E-11 	 0 
 3.3265955329402 	 6.79747632166572E-11 	 6.79747632166572E-11 	 0 
 3.3419504002613 	 7.06357570395188E-11 	 7.06357570395188E-11 	 0 
 3.3573761424297 	 7.17544488464658E-11 	 7.17544488464658E-11 	 0 
 3.37287308658885 	 7.05150183877987E-11 	 7.05150183877987E-11 	 0 
 3.38844156139219 	 6.97076508861988E-11 	 6.97076508861988E-11 	 0 
 3.40408189701017 	 7.25509094360872E-11 	 7.25509094360872E-11 	 0 
 3.41979442513725 	 7.31709610464706E-11 	 7.31709610464706E-11 	 0 
 3.43557947899891 	 7.47442443792704E-11 	 7.47442443792704E-11 	 0 
 3.45143739335873 	 7.36123466326757E-11 	 7.36123466326757E-11 	 0 
 3.46736850452548 	 7.47093075615029E-11 	 7.47093075615029E-11 	 0 
 3.48337315036028 	 7.72152099982172E-11 	 7.72152099982172E-11 	-1.29246970711411E-26 
 3.49945167028374 	 8.07027107943194E-11 	 8.07027107943194E-11 	 0 
 3.51560440528315 	 7.93576482375315E-11 	 7.93576482375315E-11 	 0 
 3.53183169791974 	 7.99487317583458E-11 	 7.99487317583458E-11 	 0 
 3.54813389233592 	 8.40456605157004E-11 	 8.40456605157004E-11 	 0 
 3.56451133426261 	 8.67915954373954E-11 	 8.67915954373954E-11 	 0 
 3.58096437102653 	 8.64949992898808E-11 	 8.64949992898808E-11 	 0 
 3.5974933515576 	 8.67857383047622E-11 	 8.67857383047622E-11 	 0 
 3.61409862639631 	 9.1815088633584E-11 	 9.1815088633584E-11 	 0 
 3.63078054770119 	 9.2779976637888E-11 	 9.2779976637888E-11 	 0 
 3.64753946925625 	 9.40360165288975E-11 	 9.40360165288975E-11 	 0 
 3.66437574647851 	 9.39535770428052E-11 	 9.39535770428052E-11 	 0 
 3.68128973642549 	 9.85522996238698E-11 	 9.85522996238698E-11 	 0 
 3.69828179780284 	 9.87803450318634E-11 	 9.87803450318633E-11 	 2.58493941422821E-26 
 3.71535229097191 	 1.00770965957341E-10 	 1.00770965957341E-10 	 1.29246970711411E-26 
 3.73250157795739 	 1.00204012961191E-10 	 1.00204012961191E-10 	 0 
 3.74973002245502 	 1.04269772012474E-10 	 1.04269772012474E-10 	 0 
 3.76703798983927 	 1.03914353065E-10 	 1.03914353065E-10 	 0 
 3.78442584717112 	 1.05661092876794E-10 	 1.05661092876794E-10 	 0 
 3.8018939632058 	 1.04568202493125E-10 	 1.04568202493125E-10 	 0 
 3.81944270840065 	 1.08696522715136E-10 	 1.08696522715136E-10 	 1.29246970711411E-26 
 3.83707245492297 	 1.07425809032901E-10 	 1.07425809032901E-10 	-1.29246970711411E-26 
 3.85478357665791 	 1.08155265089311E-10 	 1.08155265089311E-10 	 0 
 3.87257644921636 	 1.06643062213871E-10 	 1.06643062213871E-10 	 0 
 3.890451449943 	 1.09279189618923E-10 	 1.09279189618923E-10 	 0 
 3.90840895792421 	 1.09414967061692E-10 	 1.09414967061692E-10 	-1.29246970711411E-26 
 3.92644935399619 	 1.08431368894648E-10 	 1.08431368894648E-10 	 2.58493941422821E-26 
 3.94457302075298 	 1.06717695240647E-10 	 1.06717695240647E-10 	-2.58493941422821E-26 
 3.96278034255459 	 1.06831111996224E-10 	 1.06831111996224E-10 	-1.29246970711411E-26 
 3.98107170553517 	 1.11389072378142E-10 	 1.11389072378142E-10 	 0 
 3.99944749761117 	 1.07364421989598E-10 	 1.07364421989598E-10 	-2.58493941422821E-26 
 4.0179081084896 	 1.05883491328028E-10 	 1.05883491328028E-10 	 0 
 4.03645392967625 	 1.05584446771888E-10 	 1.05584446771888E-10 	 0 
 4.05508535448404 	 1.09794377886587E-10 	 1.09794377886587E-10 	 2.58493941422821E-26 
 4.07380277804133 	 1.06309625196821E-10 	 1.06309625196821E-10 	 0 
 4.09260659730031 	 1.08412652014461E-10 	 1.08412652014461E-10 	 0 
 4.11149721104543 	 1.06531151934328E-10 	 1.06531151934328E-10 	-5.16987882845642E-26 
 4.13047501990182 	 1.08338467274241E-10 	 1.08338467274241E-10 	 0 
 4.14954042634384 	 1.06843521317238E-10 	 1.06843521317238E-10 	 0 
 4.16869383470356 	 1.06926455544168E-10 	 1.06926455544168E-10 	-2.58493941422821E-26 
 4.18793565117939 	 1.1384609852103E-10 	 1.1384609852103E-10 	 0 
 4.20726628384465 	 1.10813461090808E-10 	 1.10813461090808E-10 	 0 
 4.22668614265624 	 1.10851284918421E-10 	 1.10851284918421E-10 	 0 
 4.24619563946334 	 1.12009910689985E-10 	 1.12009910689985E-10 	 0 
 4.26579518801614 	 1.16773775667092E-10 	 1.16773775667092E-10 	-5.16987882845642E-26 
 4.28548520397461 	 1.16494018888468E-10 	 1.16494018888468E-10 	-2.58493941422821E-26 
 4.30526610491732 	 1.17230300188026E-10 	 1.17230300188026E-10 	 0 
 4.32513831035031 	 1.25530941495614E-10 	 1.25530941495614E-10 	 0 
 4.34510224171593 	 1.24564475563711E-10 	 1.24564475563711E-10 	 2.58493941422821E-26 
 4.36515832240188 	 1.26459279112252E-10 	 1.26459279112252E-10 	 0 
 4.38530697775008 	 1.27518293664318E-10 	 1.27518293664318E-10 	 0 
 4.40554863506576 	 1.33231786930739E-10 	 1.33231786930739E-10 	 0 
 4.42588372362649 	 1.33645847211743E-10 	 1.33645847211743E-10 	 0 
 4.44631267469131 	 1.34579727835454E-10 	 1.34579727835454E-10 	 0 
 4.46683592150986 	 1.41860805484622E-10 	 1.41860805484622E-10 	 0 
 4.48745389933155 	 1.42317638798455E-10 	 1.42317638798455E-10 	 0 
 4.50816704541483 	 1.42149548606922E-10 	 1.42149548606922E-10 	-2.58493941422821E-26 
 4.52897579903644 	 1.46786317247344E-10 	 1.46786317247344E-10 	-2.58493941422821E-26 
 4.54988060150072 	 1.49586605921971E-10 	 1.49586605921971E-10 	 0 
 4.57088189614898 	 1.53461337908542E-10 	 1.53461337908542E-10 	 0 
 4.59198012836892 	 1.49133563256882E-10 	 1.49133563256882E-10 	 5.16987882845642E-26 
 4.61317574560403 	 1.54343557543867E-10 	 1.54343557543867E-10 	 0 
 4.63446919736312 	 1.52957637598655E-10 	 1.52957637598655E-10 	 0 
 4.65586093522983 	 1.51297679403303E-10 	 1.51297679403303E-10 	 0 
 4.67735141287222 	 1.56397247711245E-10 	 1.56397247711245E-10 	 0 
 4.6989410860524 	 1.55181807923073E-10 	 1.55181807923073E-10 	 2.58493941422821E-26 
 4.72063041263615 	 1.52058343706364E-10 	 1.52058343706364E-10 	-5.16987882845642E-26 
 4.74241985260269 	 1.55973022579273E-10 	 1.55973022579273E-10 	 0 
 4.7643098680544 	 1.55614625144301E-10 	 1.55614625144301E-10 	 0 
 4.78630092322663 	 1.51629134712684E-10 	 1.51629134712684E-10 	 0 
 4.80839348449754 	 1.5401849513337E-10 	 1.5401849513337E-10 	 0 
 4.83058802039798 	 1.55228075970762E-10 	 1.55228075970762E-10 	 0 
 4.85288500162146 	 1.51055376465812E-10 	 1.51055376465812E-10 	 0 
 4.87528490103412 	 1.52418830657243E-10 	 1.52418830657243E-10 	-5.16987882845642E-26 
 4.89778819368472 	 1.55345573575323E-10 	 1.55345573575323E-10 	 0 
 4.92039535681477 	 1.51746518491736E-10 	 1.51746518491736E-10 	 0 
 4.94310686986861 	 1.52678248349339E-10 	 1.52678248349339E-10 	 0 
 4.96592321450362 	 1.57301123615718E-10 	 1.57301123615718E-10 	 0 
 4.98884487460038 	 1.54838259112845E-10 	 1.54838259112845E-10 	 0 
 5.01187233627299 	 1.55976473012657E-10 	 1.55976473012657E-10 	 0 
 5.03500608787931 	 1.62154578109543E-10 	 1.62154578109543E-10 	 0 
 5.05824662003141 	 1.60839244572549E-10 	 1.60839244572549E-10 	 0 
 5.08159442560587 	 1.62895075253618E-10 	 1.62895075253618E-10 	-2.58493941422821E-26 
 5.10504999975433 	 1.70285013555175E-10 	 1.70285013555175E-10 	 0 
 5.12861383991392 	 1.69518425962522E-10 	 1.69518425962522E-10 	 2.58493941422821E-26 
 5.15228644581784 	 1.72953649528052E-10 	 1.72953649528052E-10 	 0 
 5.17606831950595 	 1.8103864994821E-10 	 1.8103864994821E-10 	-5.16987882845642E-26 
 5.19995996533543 	 1.79873437254322E-10 	 1.79873437254322E-10 	 0 
 5.22396188999148 	 1.85179902182025E-10 	 1.85179902182025E-10 	 0 
 5.248074602498 	 1.95099244361204E-10 	 1.95099244361204E-10 	 0 
 5.27229861422851 	 1.90251495560051E-10 	 1.90251495560051E-10 	 0 
 5.29663443891686 	 1.97381672497549E-10 	 1.97381672497549E-10 	 0 
 5.32108259266823 	 2.01818678643629E-10 	 2.01818678643629E-10 	 2.58493941422821E-26 
 5.34564359397 	 1.98943157679069E-10 	 1.98943157679069E-10 	-5.16987882845642E-26 
 5.37031796370281 	 2.03546215801157E-10 	 2.03546215801157E-10 	 0 
 5.39510622515156 	 2.07225171659961E-10 	 2.07225171659961E-10 	-2.58493941422821E-26 
 5.42000890401653 	 2.04092053651422E-10 	 2.04092053651422E-10 	 0 
 5.4450265284245 	 2.07369125053237E-10 	 2.07369125053237E-10 	-7.75481824268463E-26 
 5.47015962894001 	 2.09062314034089E-10 	 2.09062314034089E-10 	-2.58493941422821E-26 
 5.49540873857654 	 2.06318160863264E-10 	 2.06318160863264E-10 	-5.16987882845642E-26 
 5.52077439280787 	 2.11831773861113E-10 	 2.11831773861113E-10 	 0 
 5.54625712957941 	 2.08017257145374E-10 	 2.08017257145374E-10 	 0 
 5.5718574893196 	 2.10424820253029E-10 	 2.10424820253029E-10 	 0 
 5.5975760149514 	 2.12402797090678E-10 	 2.12402797090678E-10 	 0 
 5.62341325190379 	 2.05536355132275E-10 	 2.05536355132275E-10 	 0 
 5.64936974812333 	 2.04894255773015E-10 	 2.04894255773015E-10 	 0 
 5.67544605408578 	 2.08499384907767E-10 	 2.08499384907767E-10 	 0 
 5.70164272280778 	 2.0448366601834E-10 	 2.0448366601834E-10 	-5.16987882845642E-26 
 5.7279603098586 	 2.09541100930792E-10 	 2.09541100930792E-10 	 0 
 5.75439937337188 	 2.08605207414772E-10 	 2.08605207414772E-10 	 0 
 5.78096047405749 	 2.10209628543544E-10 	 2.10209628543544E-10 	 0 
 5.80764417521344 	 2.15578355054144E-10 	 2.15578355054144E-10 	-5.16987882845642E-26 
 5.83445104273776 	 2.13036038372207E-10 	 2.13036038372207E-10 	 5.16987882845642E-26 
 5.86138164514061 	 2.16039958647076E-10 	 2.16039958647076E-10 	 0 
 5.88843655355621 	 2.22796751486462E-10 	 2.22796751486462E-10 	-5.16987882845642E-26 
 5.91561634175506 	 2.28543793690089E-10 	 2.28543793690089E-10 	-5.16987882845642E-26 
 5.94292158615605 	 2.3499548567949E-10 	 2.3499548567949E-10 	 0 
 5.9703528658387 	 2.33997445270921E-10 	 2.33997445270921E-10 	 5.16987882845642E-26 
 5.99791076255542 	 2.36638501001439E-10 	 2.36638501001439E-10 	 0 
 6.02559586074391 	 2.46368916430478E-10 	 2.46368916430478E-10 	 0 
 6.05340874753947 	 2.52681019085295E-10 	 2.52681019085295E-10 	 0 
 6.08135001278751 	 2.57756334891661E-10 	 2.57756334891661E-10 	 5.16987882845642E-26 
 6.10942024905606 	 2.57453421701302E-10 	 2.57453421701302E-10 	 5.16987882845642E-26 
 6.13762005164828 	 2.58700483593706E-10 	 2.58700483593706E-10 	-5.16987882845642E-26 
 6.16595001861516 	 2.66674500482946E-10 	 2.66674500482946E-10 	 0 
 6.19441075076816 	 2.64612795410417E-10 	 2.64612795410417E-10 	 0 
 6.22300285169194 	 2.72082037264819E-10 	 2.72082037264819E-10 	 0 
 6.2517269277572 	 2.69704496842584E-10 	 2.69704496842584E-10 	 0 
 6.28058358813353 	 2.70836257270316E-10 	 2.70836257270316E-10 	 0 
 6.30957344480228 	 2.7315770063719E-10 	 2.7315770063719E-10 	 0 
 6.33869711256962 	 2.67365474297633E-10 	 2.67365474297633E-10 	 0 
 6.36795520907951 	 2.73377103977282E-10 	 2.73377103977282E-10 	 0 
 6.39734835482684 	 2.69410478398132E-10 	 2.69410478398132E-10 	-5.16987882845642E-26 
 6.42687717317055 	 2.71716336200367E-10 	 2.71716336200367E-10 	-5.16987882845642E-26 
 6.45654229034692 	 2.69558614759002E-10 	 2.69558614759002E-10 	 0 
 6.48634433548275 	 2.66899904093945E-10 	 2.66899904093945E-10 	-5.16987882845642E-26 
 6.51628394060879 	 2.72012921003296E-10 	 2.72012921003296E-10 	 0 
 6.54636174067312 	 2.67059817675587E-10 	 2.67059817675587E-10 	 0 
 6.57657837355457 	 2.75136239248083E-10 	 2.75136239248083E-10 	 5.16987882845642E-26 
 6.60693448007633 	 2.73177069659103E-10 	 2.73177069659103E-10 	 0 
 6.63743070401946 	 2.80726257086447E-10 	 2.80726257086447E-10 	 0 
 6.6680676921366 	 2.90542437257442E-10 	 2.90542437257442E-10 	-5.16987882845642E-26 
 6.69884609416564 	 2.87212084089968E-10 	 2.87212084089968E-10 	 0 
 6.72976656284356 	 2.95219128597861E-10 	 2.95219128597861E-10 	-5.16987882845642E-26 
 6.7608297539202 	 2.96054246259994E-10 	 2.96054246259994E-10 	 1.03397576569128E-25 
 6.79203632617223 	 3.08768668873867E-10 	 3.08768668873867E-10 	 5.16987882845642E-26 
 6.82338694141708 	 3.08567960138014E-10 	 3.08567960138014E-10 	 0 
 6.854882264527 	 3.20049450123476E-10 	 3.20049450123476E-10 	-1.03397576569128E-25 
 6.88652296344315 	 3.21497698469139E-10 	 3.21497698469139E-10 	 0 
 6.91830970918976 	 3.2892190204928E-10 	 3.2892190204928E-10 	-1.03397576569128E-25 
 6.95024317588836 	 3.32338262903966E-10 	 3.32338262903966E-10 	 0 
 6.98232404077211 	 3.38097649597934E-10 	 3.38097649597934E-10 	 0 
 7.01455298420011 	 3.39825620231161E-10 	 3.39825620231161E-10 	 0 
 7.04693068967187 	 3.41825389139587E-10 	 3.41825389139587E-10 	 0 
 7.07945784384178 	 3.4361389923903E-10 	 3.4361389923903E-10 	 0 
 7.1121351365337 	 3.39990825281872E-10 	 3.39990825281872E-10 	-1.03397576569128E-25 
 7.14496326075554 	 3.44890843988387E-10 	 3.44890843988387E-10 	 0 
 7.17794291271403 	 3.38203253907915E-10 	 3.38203253907915E-10 	 0 
 7.21107479182941 	 3.4509367894756E-10 	 3.4509367894756E-10 	 0 
 7.24435960075032 	 3.36910922734314E-10 	 3.36910922734314E-10 	 5.16987882845642E-26 
 7.27779804536866 	 3.44820915045838E-10 	 3.44820915045838E-10 	 5.16987882845642E-26 
 7.31139083483459 	 3.37598647427198E-10 	 3.37598647427198E-10 	 0 
 7.34513868157157 	 3.4694822097733E-10 	 3.4694822097733E-10 	-5.16987882845642E-26 
 7.37904230129143 	 3.41768050807656E-10 	 3.41768050807656E-10 	 0 
 7.4131024130096 	 3.52322859907954E-10 	 3.52322859907954E-10 	 0 
 7.44731973906032 	 3.50124980644398E-10 	 3.50124980644398E-10 	 0 
 7.48169500511198 	 3.62188936008814E-10 	 3.62188936008814E-10 	-1.03397576569128E-25 
 7.51622894018249 	 3.62431289458371E-10 	 3.62431289458371E-10 	 0 
 7.55092227665478 	 3.76269652943406E-10 	 3.76269652943406E-10 	 0 
 7.58577575029228 	 3.77383267979304E-10 	 3.77383267979304E-10 	 0 
 7.62079010025456 	 3.92579224250342E-10 	 3.92579224250342E-10 	 0 
 7.65596606911301 	 3.92735241763191E-10 	 3.92735241763191E-10 	 0 
 7.69130440286654 	 4.08427459324649E-10 	 4.0842745932465E-10 	-1.03397576569128E-25 
 7.72680585095747 	 4.05869970044086E-10 	 4.05869970044086E-10 	 0 
 7.76247116628737 	 4.18551121886791E-10 	 4.18551121886791E-10 	 0 
 7.79830110523304 	 4.14736415569983E-10 	 4.14736415569983E-10 	-5.16987882845642E-26 
 7.83429642766258 	 4.22924436444367E-10 	 4.22924436444366E-10 	 1.03397576569128E-25 
 7.87045789695145 	 4.18861982620398E-10 	 4.18861982620398E-10 	 0 
 7.90678627999871 	 4.24012094307737E-10 	 4.24012094307737E-10 	-1.03397576569128E-25 
 7.94328234724328 	 4.23912496914602E-10 	 4.23912496914602E-10 	 0 
 7.97994687268023 	 4.22292834390685E-10 	 4.22292834390685E-10 	 0 
 8.01678063387726 	 4.16311141908513E-10 	 4.16311141908513E-10 	 0 
 8.05378441199114 	 4.203624471793E-10 	 4.203624471793E-10 	 0 
 8.0909589917843 	 4.14211085732735E-10 	 4.14211085732735E-10 	 0 
 8.12830516164147 	 4.20815879999768E-10 	 4.20815879999768E-10 	 1.03397576569128E-25 
 8.1658237135864 	 4.17708638086945E-10 	 4.17708638086945E-10 	 0 
 8.20351544329867 	 4.26044191919087E-10 	 4.26044191919087E-10 	 0 
 8.24138115013051 	 4.33825402699087E-10 	 4.33825402699087E-10 	 0 
 8.27942163712383 	 4.36898312169206E-10 	 4.36898312169206E-10 	-1.03397576569128E-25 
 8.3176377110272 	 4.48569484074032E-10 	 4.48569484074032E-10 	 0 
 8.35603018231298 	 4.5840807077477E-10 	 4.5840807077477E-10 	 0 
 8.39459986519447 	 4.66437579985361E-10 	 4.66437579985361E-10 	 0 
 8.43334757764325 	 4.70081049002848E-10 	 4.70081049002848E-10 	 0 
 8.47227414140647 	 4.85799509727554E-10 	 4.85799509727554E-10 	 0 
 8.51138038202427 	 4.86500064469123E-10 	 4.86500064469123E-10 	 0 
 8.55066712884734 	 4.9884705873579E-10 	 4.9884705873579E-10 	 0 
 8.59013521505447 	 5.01971804160232E-10 	 5.01971804160232E-10 	 0 
 8.62978547767022 	 5.06560630986206E-10 	 5.06560630986206E-10 	 0 
 8.66961875758268 	 5.08985326507625E-10 	 5.08985326507625E-10 	 0 
 8.70963589956133 	 5.04838333122588E-10 	 5.04838333122588E-10 	 0 
 8.74983775227488 	 5.12308118585799E-10 	 5.12308118585799E-10 	 0 
 8.79022516830937 	 5.03832906450321E-10 	 5.03832906450321E-10 	 0 
 8.83079900418616 	 5.06923342468801E-10 	 5.06923342468801E-10 	 0 
 8.87156012038014 	 5.08338824697024E-10 	 5.08338824697024E-10 	 1.03397576569128E-25 
 8.91250938133799 	 5.03389506573152E-10 	 5.03389506573152E-10 	 0 
 8.95364765549648 	 5.10122053740175E-10 	 5.10122053740175E-10 	 0 
 8.99497581530089 	 5.08155895613208E-10 	 5.08155895613208E-10 	 1.03397576569128E-25 
 9.03649473722356 	 5.21738494293592E-10 	 5.21738494293592E-10 	 0 
 9.07820530178241 	 5.29777363718876E-10 	 5.29777363718876E-10 	 0 
 9.12010839355965 	 5.34719194600081E-10 	 5.34719194600081E-10 	 0 
 9.16220490122055 	 5.4925358488078E-10 	 5.4925358488078E-10 	 0 
 9.20449571753227 	 5.53969337659889E-10 	 5.53969337659889E-10 	 0 
 9.24698173938279 	 5.72252107520518E-10 	 5.72252107520517E-10 	 1.03397576569128E-25 
 9.28966386779993 	 5.77016142749069E-10 	 5.77016142749069E-10 	-1.03397576569128E-25 
 9.33254300797048 	 5.8739992637057E-10 	 5.87399926370569E-10 	 1.03397576569128E-25 
 9.37562006925937 	 6.03443289982362E-10 	 6.03443289982362E-10 	 0 
 9.41889596522899 	 5.96804497036278E-10 	 5.96804497036278E-10 	 0 
 9.46237161365851 	 6.04132151490506E-10 	 6.04132151490506E-10 	 0 
 9.50604793656339 	 6.00398937513438E-10 	 6.00398937513439E-10 	-1.03397576569128E-25 
 9.54992586021494 	 5.99077763489783E-10 	 5.99077763489783E-10 	 0 
 9.59400631515992 	 6.04994943835959E-10 	 6.04994943835959E-10 	 0 
 9.63829023624029 	 5.93922812404937E-10 	 5.93922812404937E-10 	 0 
 9.68277856261308 	 5.98484818758363E-10 	 5.98484818758363E-10 	 2.06795153138257E-25 
 9.72747223777025 	 6.055394452846E-10 	 6.055394452846E-10 	 0 
 9.77237220955871 	 5.99120312479039E-10 	 5.99120312479039E-10 	 0 
 9.81747943020045 	 6.1179974350133E-10 	 6.1179974350133E-10 	 0 
 9.86279485631271 	 6.23464876705505E-10 	 6.23464876705505E-10 	 0 
 9.90831944892829 	 6.25839867592891E-10 	 6.25839867592891E-10 	 0 
 9.95405417351588 	 6.45641174312923E-10 	 6.45641174312923E-10 	 0 
 10.0000000000006 	 6.59098956975776E-10 	 6.59098956975776E-10 	 0 
******************************************

