MiePlot v4.6.18

Date & Time: 5/2/2021 18:51:07 

Calculation Method:         Mie (plane wave)

Graph type: Cext/Csca/Cabs v. radius

Refractive index (sphere) 	Real part: 	1.331721	Imaginary part: 	0
Refractive index (medium)	Real part: 	1	

Wavelength: 	0.46	 um

Radius (µm)	Cext m^2	Csca m^2	Cabs m^2
 0.1 	 7.94863678246304E-15 	 7.94863678246304E-15 	 0 
 0.10046157902784 	 8.12486019719911E-15 	 8.12486019719911E-15 	 1.57772181044202E-30 
 0.100925288607668 	 8.3045994557404E-15 	 8.3045994557404E-15 	-1.57772181044202E-30 
 0.101391138573668 	 8.48792291220112E-15 	 8.48792291220112E-15 	 1.57772181044202E-30 
 0.101859138805412 	 8.67490094992307E-15 	 8.67490094992307E-15 	-1.57772181044202E-30 
 0.102329299228075 	 8.86560608934812E-15 	 8.86560608934813E-15 	-3.15544362088405E-30 
 0.102801629812647 	 9.06011310123327E-15 	 9.06011310123327E-15 	 0 
 0.10327614057614 	 9.25849912532231E-15 	 9.25849912532231E-15 	 0 
 0.103752841581801 	 9.46084379457752E-15 	 9.46084379457751E-15 	 3.15544362088405E-30 
 0.10423174293933 	 9.66722936506048E-15 	 9.66722936506048E-15 	-1.57772181044202E-30 
 0.10471285480509 	 9.8777408515368E-15 	 9.8777408515368E-15 	-1.57772181044202E-30 
 0.105196187382322 	 1.00924661688615E-14 	 1.00924661688615E-14 	 3.15544362088405E-30 
 0.105681750921366 	 1.03114962791828E-14 	 1.03114962791828E-14 	 0 
 0.106169555719873 	 1.05349253449796E-14 	 1.05349253449796E-14 	 3.15544362088405E-30 
 0.106659612123026 	 1.07628508879243E-14 	 1.07628508879243E-14 	 0 
 0.107151930523761 	 1.09953739535347E-14 	 1.09953739535347E-14 	 0 
 0.107646521362984 	 1.12325992815493E-14 	 1.12325992815493E-14 	 0 
 0.108143395129794 	 1.14746354819265E-14 	 1.14746354819265E-14 	 0 
 0.108642562361707 	 1.17215952163335E-14 	 1.17215952163335E-14 	-1.57772181044202E-30 
 0.109144033644876 	 1.19735953849481E-14 	 1.19735953849481E-14 	-3.15544362088405E-30 
 0.109647819614319 	 1.22307573183555E-14 	 1.22307573183555E-14 	-1.57772181044202E-30 
 0.110153930954142 	 1.24932069742745E-14 	 1.24932069742745E-14 	 0 
 0.110662378397767 	 1.27610751387957E-14 	 1.27610751387957E-14 	 0 
 0.111173172728159 	 1.30344976317571E-14 	 1.30344976317571E-14 	 1.57772181044202E-30 
 0.111686324778056 	 1.33136155158269E-14 	 1.33136155158269E-14 	 0 
 0.112201845430197 	 1.35985753087939E-14 	 1.35985753087939E-14 	 1.57772181044202E-30 
 0.112719745617551 	 1.38895291984997E-14 	 1.38895291984997E-14 	 1.57772181044202E-30 
 0.113240036323556 	 1.41866352597715E-14 	 1.41866352597715E-14 	 0 
 0.113762728582343 	 1.44900576726348E-14 	 1.44900576726348E-14 	-6.31088724176809E-30 
 0.114287833478977 	 1.47999669410031E-14 	 1.47999669410031E-14 	 0 
 0.114815362149688 	 1.51165401109491E-14 	 1.51165401109491E-14 	-3.15544362088405E-30 
 0.115345325782109 	 1.54399609875708E-14 	 1.54399609875708E-14 	-3.15544362088405E-30 
 0.115877735615513 	 1.57704203493626E-14 	 1.57704203493626E-14 	-3.15544362088405E-30 
 0.116412602941049 	 1.61081161589019E-14 	 1.61081161589019E-14 	-3.15544362088405E-30 
 0.116949939101987 	 1.64532537685466E-14 	 1.64532537685466E-14 	-3.15544362088405E-30 
 0.117489755493953 	 1.68060461197292E-14 	 1.68060461197292E-14 	 0 
 0.118032063565173 	 1.71667139343136E-14 	 1.71667139343136E-14 	 3.15544362088405E-30 
 0.118576874816716 	 1.75354858963585E-14 	 1.75354858963585E-14 	 0 
 0.119124200802738 	 1.7912598822506E-14 	 1.7912598822506E-14 	 0 
 0.119674053130725 	 1.82982978190877E-14 	 1.82982978190877E-14 	 0 
 0.120226443461742 	 1.86928364239098E-14 	 1.86928364239098E-14 	 3.15544362088405E-30 
 0.120781383510678 	 1.9096476730549E-14 	 1.9096476730549E-14 	-3.15544362088405E-30 
 0.121338885046498 	 1.95094894928629E-14 	 1.95094894928629E-14 	 0 
 0.121898959892487 	 1.99321542072896E-14 	 1.99321542072896E-14 	 0 
 0.122461619926505 	 2.03647591703872E-14 	 2.03647591703872E-14 	 0 
 0.123026877081238 	 2.08076015089469E-14 	 2.08076015089469E-14 	-3.15544362088405E-30 
 0.123594743344451 	 2.12609871799008E-14 	 2.12609871799008E-14 	 0 
 0.124165230759241 	 2.17252309371431E-14 	 2.17252309371431E-14 	-3.15544362088405E-30 
 0.124738351424295 	 2.22006562622966E-14 	 2.22006562622966E-14 	 3.15544362088405E-30 
 0.125314117494142 	 2.268759525638E-14 	 2.268759525638E-14 	 0 
 0.125892541179417 	 2.31863884892768E-14 	 2.31863884892768E-14 	 0 
 0.126473634747116 	 2.36973848038698E-14 	 2.36973848038698E-14 	-3.15544362088405E-30 
 0.127057410520855 	 2.42209410717005E-14 	 2.42209410717005E-14 	 0 
 0.127643880881135 	 2.4757421897028E-14 	 2.4757421897028E-14 	-6.31088724176809E-30 
 0.128233058265603 	 2.53071992662166E-14 	 2.53071992662166E-14 	-3.15544362088405E-30 
 0.128824955169314 	 2.5870652139474E-14 	 2.5870652139474E-14 	 0 
 0.129419584144999 	 2.64481659820916E-14 	 2.64481659820916E-14 	 0 
 0.13001695780333 	 2.70401322325193E-14 	 2.70401322325193E-14 	 0 
 0.130617088813185 	 2.76469477048377E-14 	 2.76469477048377E-14 	 0 
 0.131219989901921 	 2.82690139234752E-14 	 2.82690139234752E-14 	-1.26217744835362E-29 
 0.131825673855641 	 2.89067363883662E-14 	 2.89067363883662E-14 	 0 
 0.132434153519467 	 2.95605237691547E-14 	 2.95605237691547E-14 	 0 
 0.13304544179781 	 3.02307870275274E-14 	 3.02307870275274E-14 	 6.31088724176809E-30 
 0.133659551654645 	 3.09179384673102E-14 	 3.09179384673102E-14 	-6.31088724176809E-30 
 0.134276496113787 	 3.16223907125857E-14 	 3.16223907125857E-14 	 6.31088724176809E-30 
 0.134896288259166 	 3.234455561479E-14 	 3.234455561479E-14 	 0 
 0.135518941235104 	 3.30848430905205E-14 	 3.30848430905205E-14 	-6.31088724176809E-30 
 0.136144468246596 	 3.38436598926423E-14 	 3.38436598926423E-14 	 0 
 0.136772882559586 	 3.46214083182034E-14 	 3.46214083182034E-14 	 6.31088724176809E-30 
 0.137404197501252 	 3.54184848576709E-14 	 3.54184848576709E-14 	 0 
 0.138038426460289 	 3.62352787910561E-14 	 3.62352787910561E-14 	 0 
 0.138675582887189 	 3.7072170737627E-14 	 3.7072170737627E-14 	 6.31088724176809E-30 
 0.139315680294531 	 3.79295311670693E-14 	 3.79295311670693E-14 	 0 
 0.139958732257262 	 3.88077188811731E-14 	 3.88077188811731E-14 	-6.31088724176809E-30 
 0.140604752412992 	 3.97070794763487E-14 	 3.97070794763487E-14 	-6.31088724176809E-30 
 0.141253754462276 	 4.06279437985271E-14 	 4.06279437985271E-14 	 0 
 0.14190575216891 	 4.15706264032236E-14 	 4.15706264032236E-14 	 0 
 0.14256075936022 	 4.25354240347528E-14 	 4.25354240347528E-14 	-6.31088724176809E-30 
 0.143218789927355 	 4.35226141397335E-14 	 4.35226141397335E-14 	 0 
 0.143879857825585 	 4.4532453431094E-14 	 4.4532453431094E-14 	 0 
 0.144543977074593 	 4.55651765197652E-14 	 4.55651765197652E-14 	 0 
 0.145211161758775 	 4.6620994632094E-14 	 4.6620994632094E-14 	 0 
 0.145881426027536 	 4.77000944316987E-14 	 4.77000944316987E-14 	 0 
 0.146554784095592 	 4.88026369649995E-14 	 4.88026369649995E-14 	-6.31088724176809E-30 
 0.147231250243273 	 4.99287567499577E-14 	 4.99287567499577E-14 	 0 
 0.147910838816822 	 5.1078561027631E-14 	 5.1078561027631E-14 	 0 
 0.148593564228701 	 5.22521291959629E-14 	 5.22521291959629E-14 	-6.31088724176809E-30 
 0.1492794409579 	 5.34495124447786E-14 	 5.34495124447786E-14 	 6.31088724176809E-30 
 0.149968483550238 	 5.46707336102083E-14 	 5.46707336102083E-14 	 0 
 0.150660706618675 	 5.59157872657288E-14 	 5.59157872657288E-14 	-6.31088724176809E-30 
 0.151356124843622 	 5.71846400656692E-14 	 5.71846400656692E-14 	 0 
 0.15205475297325 	 5.84772313553908E-14 	 5.84772313553908E-14 	 1.26217744835362E-29 
 0.152756605823808 	 5.97934740604243E-14 	 5.97934740604243E-14 	 1.26217744835362E-29 
 0.15346169827993 	 6.11332558646397E-14 	 6.11332558646397E-14 	 0 
 0.154170045294957 	 6.24964406850713E-14 	 6.24964406850713E-14 	 1.26217744835362E-29 
 0.154881661891249 	 6.38828704483417E-14 	 6.38828704483417E-14 	 0 
 0.155596563160508 	 6.5292367170762E-14 	 6.5292367170762E-14 	 0 
 0.156314764264096 	 6.67247353411795E-14 	 6.67247353411795E-14 	 0 
 0.157036280433356 	 6.81797646025369E-14 	 6.81797646025369E-14 	 0 
 0.157761126969936 	 6.96572327249615E-14 	 6.96572327249615E-14 	 0 
 0.158489319246112 	 7.11569088600662E-14 	 7.11569088600662E-14 	 0 
 0.159220872705118 	 7.26785570630708E-14 	 7.26785570630709E-14 	-2.52435489670724E-29 
 0.159955802861468 	 7.42219400664156E-14 	 7.42219400664156E-14 	-1.26217744835362E-29 
 0.160694125301289 	 7.57868232857638E-14 	 7.57868232857638E-14 	 0 
 0.16143585568265 	 7.73729790367631E-14 	 7.73729790367631E-14 	 0 
 0.162181009735894 	 7.89801909386679E-14 	 7.89801909386679E-14 	-2.52435489670724E-29 
 0.162929603263973 	 8.06082584789834E-14 	 8.06082584789834E-14 	 0 
 0.163681652142782 	 8.22570017116919E-14 	 8.22570017116919E-14 	 0 
 0.164437172321494 	 8.39262660603831E-14 	 8.39262660603831E-14 	 0 
 0.165196179822903 	 8.56159271967571E-14 	 8.56159271967571E-14 	-1.26217744835362E-29 
 0.165958690743757 	 8.73258959644805E-14 	 8.73258959644805E-14 	 2.52435489670724E-29 
 0.166724721255107 	 8.9056123318258E-14 	 8.9056123318258E-14 	 0 
 0.167494287602645 	 9.08066052482014E-14 	 9.08066052482014E-14 	-2.52435489670724E-29 
 0.168267406107048 	 9.25773876600953E-14 	 9.25773876600953E-14 	 0 
 0.169044093164328 	 9.43685711829359E-14 	 9.43685711829359E-14 	-1.26217744835362E-29 
 0.169824365246176 	 9.61803158761075E-14 	 9.61803158761075E-14 	 0 
 0.170608238900314 	 9.80128458096647E-14 	 9.80128458096647E-14 	 0 
 0.171395730750844 	 9.98664534923872E-14 	 9.98664534923872E-14 	 0 
 0.172186857498602 	 1.01741504123443E-13 	 1.01741504123443E-13 	 0 
 0.172981635921511 	 1.03638439644593E-13 	 1.03638439644593E-13 	-2.52435489670724E-29 
 0.173780082874939 	 1.05557782570793E-13 	 1.05557782570793E-13 	 0 
 0.174582215292052 	 1.07500139577755E-13 	 1.07500139577755E-13 	 0 
 0.175388050184177 	 1.09466204825371E-13 	 1.0946620482537E-13 	 5.04870979341448E-29 
 0.176197604641164 	 1.11456762995926E-13 	 1.11456762995926E-13 	 0 
 0.177010895831743 	 1.13472692025564E-13 	 1.13472692025564E-13 	-2.52435489670724E-29 
 0.177827941003894 	 1.15514965506507E-13 	 1.15514965506507E-13 	 0 
 0.178648757485206 	 1.17584654736083E-13 	 1.17584654736083E-13 	 0 
 0.179473362683254 	 1.19682930386565E-13 	 1.19682930386565E-13 	 0 
 0.180301774085958 	 1.21811063767248E-13 	 1.21811063767248E-13 	 2.52435489670724E-29 
 0.181134009261962 	 1.23970427647037E-13 	 1.23970427647037E-13 	-2.52435489670724E-29 
 0.181970085861 	 1.26162496602184E-13 	 1.26162496602184E-13 	 0 
 0.182810021614276 	 1.2838884684968E-13 	 1.2838884684968E-13 	-2.52435489670724E-29 
 0.183653834334836 	 1.30651155522333E-13 	 1.30651155522333E-13 	 0 
 0.184501541917949 	 1.32951199336804E-13 	 1.32951199336804E-13 	 5.04870979341448E-29 
 0.185353162341483 	 1.35290852600997E-13 	 1.35290852600997E-13 	-5.04870979341448E-29 
 0.186208713666288 	 1.37672084502372E-13 	 1.37672084502372E-13 	 2.52435489670724E-29 
 0.187068214036582 	 1.40096955614206E-13 	 1.40096955614206E-13 	 0 
 0.187931681680328 	 1.42567613552752E-13 	 1.42567613552752E-13 	 0 
 0.188799134909631 	 1.45086287715001E-13 	 1.45086287715001E-13 	 0 
 0.189670592121116 	 1.47655283024626E-13 	 1.47655283024626E-13 	 0 
 0.190546071796326 	 1.50276972613003E-13 	 1.50276972613003E-13 	 0 
 0.19142559250211 	 1.52953789363432E-13 	 1.52953789363432E-13 	 0 
 0.192309172891018 	 1.55688216250158E-13 	 1.55688216250158E-13 	 0 
 0.193196831701694 	 1.58482775410021E-13 	 1.58482775410021E-13 	 0 
 0.19408858775928 	 1.61340015893943E-13 	 1.61340015893943E-13 	 0 
 0.194984459975806 	 1.64262500058465E-13 	 1.64262500058465E-13 	 0 
 0.195884467350601 	 1.67252788574512E-13 	 1.67252788574512E-13 	 0 
 0.196788628970686 	 1.70313424051959E-13 	 1.70313424051959E-13 	 2.52435489670724E-29 
 0.197696964011188 	 1.7344691330453E-13 	 1.7344691330453E-13 	 0 
 0.198609491735739 	 1.7665570831034E-13 	 1.7665570831034E-13 	 0 
 0.19952623149689 	 1.79942185958922E-13 	 1.79942185958922E-13 	 0 
 0.200447202736518 	 1.83308626715742E-13 	 1.83308626715742E-13 	 0 
 0.201372424986241 	 1.86757192379479E-13 	 1.86757192379479E-13 	 0 
 0.202301917867829 	 1.90289903155152E-13 	 1.90289903155152E-13 	 0 
 0.203235701093624 	 1.93908614316467E-13 	 1.93908614316467E-13 	 0 
 0.204173794466955 	 1.97614992782222E-13 	 1.97614992782222E-13 	 0 
 0.205116217882559 	 2.01410493982734E-13 	 2.01410493982734E-13 	 0 
 0.206062991327002 	 2.05296339440933E-13 	 2.05296339440933E-13 	 0 
 0.207014134879106 	 2.09273495536997E-13 	 2.09273495536997E-13 	 5.04870979341448E-29 
 0.207969668710372 	 2.13342653962579E-13 	 2.13342653962579E-13 	 2.52435489670724E-29 
 0.208929613085406 	 2.17504214398392E-13 	 2.17504214398392E-13 	 0 
 0.209893988362355 	 2.21758269964463E-13 	 2.21758269964463E-13 	 0 
 0.210862814993331 	 2.26104595993498E-13 	 2.26104595993497E-13 	 1.0097419586829E-28 
 0.211836113524852 	 2.30542642662109E-13 	 2.30542642662109E-13 	 0 
 0.212813904598273 	 2.35071531980738E-13 	 2.35071531980738E-13 	 0 
 0.213796208950225 	 2.39690059589692E-13 	 2.39690059589692E-13 	 5.04870979341448E-29 
 0.214783047413056 	 2.44396701735717E-13 	 2.44396701735717E-13 	 0 
 0.215774440915269 	 2.49189627711557E-13 	 2.49189627711557E-13 	 0 
 0.216770410481972 	 2.54066717931792E-13 	 2.54066717931792E-13 	 0 
 0.217770977235318 	 2.59025587694657E-13 	 2.59025587694657E-13 	 0 
 0.218776162394958 	 2.64063616545342E-13 	 2.64063616545342E-13 	 5.04870979341448E-29 
 0.219785987278485 	 2.69177983016156E-13 	 2.69177983016156E-13 	 1.0097419586829E-28 
 0.220800473301892 	 2.74365704378311E-13 	 2.74365704378311E-13 	 0 
 0.221819641980024 	 2.79623680904746E-13 	 2.79623680904746E-13 	 0 
 0.222843514927033 	 2.84948744019337E-13 	 2.84948744019337E-13 	 0 
 0.223872113856836 	 2.90337707600602E-13 	 2.90337707600602E-13 	 0 
 0.224905460583581 	 2.95787421622709E-13 	 2.95787421622709E-13 	 5.04870979341448E-29 
 0.2259435770221 	 3.01294827257138E-13 	 3.01294827257138E-13 	 5.04870979341448E-29 
 0.226986485188385 	 3.06857012527571E-13 	 3.06857012527571E-13 	 0 
 0.228034207200044 	 3.12471267609574E-13 	 3.12471267609574E-13 	 0 
 0.22908676527678 	 3.18135138895055E-13 	 3.18135138895055E-13 	 0 
 0.230144181740853 	 3.23846480997213E-13 	 3.23846480997213E-13 	 0 
 0.231206479017562 	 3.29603505951127E-13 	 3.29603505951127E-13 	 1.0097419586829E-28 
 0.232273679635713 	 3.35404828963324E-13 	 3.35404828963324E-13 	 0 
 0.233345806228103 	 3.41249510174687E-13 	 3.41249510174687E-13 	 1.0097419586829E-28 
 0.234422881531995 	 3.47137092018181E-13 	 3.47137092018181E-13 	-1.0097419586829E-28 
 0.235504928389604 	 3.53067631869241E-13 	 3.53067631869241E-13 	-1.0097419586829E-28 
 0.236591969748579 	 3.59041729795414E-13 	 3.59041729795414E-13 	 5.04870979341448E-29 
 0.23768402866249 	 3.65060551306681E-13 	 3.65060551306681E-13 	 0 
 0.238781128291321 	 3.7112584508324E-13 	 3.7112584508324E-13 	 0 
 0.239883291901952 	 3.77239955708986E-13 	 3.77239955708986E-13 	 0 
 0.240990542868662 	 3.83405831463335E-13 	 3.83405831463335E-13 	 0 
 0.242102904673621 	 3.89627027219506E-13 	 3.89627027219506E-13 	 1.0097419586829E-28 
 0.243220400907384 	 3.95907702463695E-13 	 3.95907702463695E-13 	 0 
 0.2443430552694 	 4.02252614387795E-13 	 4.02252614387795E-13 	 1.51461293802434E-28 
 0.245470891568506 	 4.08667105921114E-13 	 4.08667105921114E-13 	 0 
 0.246603933723437 	 4.15157088457832E-13 	 4.15157088457832E-13 	 0 
 0.247742205763332 	 4.21729018912271E-13 	 4.21729018912271E-13 	 0 
 0.248885731828242 	 4.28389870600123E-13 	 4.28389870600123E-13 	 0 
 0.250034536169646 	 4.35147097308706E-13 	 4.35147097308706E-13 	 0 
 0.251188643150961 	 4.42008589792787E-13 	 4.42008589792786E-13 	 1.0097419586829E-28 
 0.252348077248061 	 4.48982623825142E-13 	 4.48982623825142E-13 	 0 
 0.253512863049794 	 4.56077798855369E-13 	 4.56077798855369E-13 	 2.01948391736579E-28 
 0.254683025258507 	 4.63302966299688E-13 	 4.63302966299688E-13 	 0 
 0.255858588690568 	 4.70667146513434E-13 	 4.70667146513434E-13 	 0 
 0.25703957827689 	 4.78179433601649E-13 	 4.78179433601649E-13 	 0 
 0.258226019063463 	 4.85848887416996E-13 	 4.85848887416996E-13 	 1.0097419586829E-28 
 0.259417936211885 	 4.93684412392608E-13 	 4.93684412392608E-13 	 0 
 0.260615354999893 	 5.01694623272492E-13 	 5.01694623272492E-13 	 0 
 0.261818300821902 	 5.09887698342241E-13 	 5.09887698342241E-13 	 0 
 0.263026799189542 	 5.18271221430257E-13 	 5.18271221430257E-13 	 0 
 0.264240875732198 	 5.26852014738488E-13 	 5.26852014738488E-13 	 0 
 0.265460556197557 	 5.35635965454942E-13 	 5.35635965454942E-13 	-1.0097419586829E-28 
 0.266685866452151 	 5.44627850067665E-13 	 5.44627850067665E-13 	 0 
 0.267916832481907 	 5.5383116129644E-13 	 5.5383116129644E-13 	 0 
 0.269153480392695 	 5.63247943522905E-13 	 5.63247943522905E-13 	 0 
 0.270395836410888 	 5.7287864345633E-13 	 5.7287864345633E-13 	 0 
 0.271643926883912 	 5.82721983432699E-13 	 5.82721983432699E-13 	 0 
 0.272897778280808 	 5.9277486511465E-13 	 5.9277486511465E-13 	-2.01948391736579E-28 
 0.274157417192792 	 6.03032311346119E-13 	 6.03032311346119E-13 	 0 
 0.27542287033382 	 6.13487453437428E-13 	 6.13487453437428E-13 	 0 
 0.276694164541155 	 6.2413157015698E-13 	 6.2413157015698E-13 	 0 
 0.277971326775933 	 6.34954183164138E-13 	 6.34954183164138E-13 	 0 
 0.279254384123738 	 6.4594321155996E-13 	 6.4594321155996E-13 	 1.0097419586829E-28 
 0.280543363795175 	 6.57085185737479E-13 	 6.57085185737479E-13 	 1.0097419586829E-28 
 0.281838293126449 	 6.68365517914609E-13 	 6.68365517914609E-13 	 0 
 0.283139199579942 	 6.79768823811957E-13 	 6.79768823811957E-13 	-1.0097419586829E-28 
 0.284446110744796 	 6.91279287110468E-13 	 6.91279287110468E-13 	 0 
 0.285759054337499 	 7.02881055819347E-13 	 7.02881055819347E-13 	 2.01948391736579E-28 
 0.287078058202473 	 7.1455865772095E-13 	 7.14558657720949E-13 	 3.02922587604869E-28 
 0.288403150312665 	 7.26297420816774E-13 	 7.26297420816774E-13 	 1.0097419586829E-28 
 0.289734358770136 	 7.38083884296987E-13 	 7.38083884296987E-13 	 0 
 0.291071711806665 	 7.49906186037224E-13 	 7.49906186037224E-13 	 1.0097419586829E-28 
 0.292415237784338 	 7.6175441394908E-13 	 7.6175441394908E-13 	 1.0097419586829E-28 
 0.293764965196157 	 7.73620910552364E-13 	 7.73620910552364E-13 	 0 
 0.295120922666643 	 7.85500522709888E-13 	 7.85500522709888E-13 	 0 
 0.296483138952439 	 7.97390791337783E-13 	 7.97390791337783E-13 	 0 
 0.297851642942923 	 8.09292078827091E-13 	 8.09292078827091E-13 	 1.0097419586829E-28 
 0.299226463660823 	 8.21207634646942E-13 	 8.21207634646942E-13 	 0 
 0.300607630262828 	 8.33143601939668E-13 	 8.33143601939667E-13 	 2.01948391736579E-28 
 0.301995172040206 	 8.45108969707214E-13 	 8.45108969707214E-13 	 0 
 0.303389118419432 	 8.57115476328009E-13 	 8.57115476328009E-13 	 0 
 0.304789498962803 	 8.69177470596046E-13 	 8.69177470596046E-13 	 1.0097419586829E-28 
 0.306196343369072 	 8.81311736255718E-13 	 8.81311736255718E-13 	 2.01948391736579E-28 
 0.307609681474075 	 8.93537285179872E-13 	 8.93537285179872E-13 	 0 
 0.309029543251364 	 9.05875123002109E-13 	 9.05875123002109E-13 	-2.01948391736579E-28 
 0.31045595881284 	 9.18347989290984E-13 	 9.18347989290984E-13 	 0 
 0.311888958409398 	 9.30980072384343E-13 	 9.30980072384343E-13 	 0 
 0.313328572431563 	 9.43796696941752E-13 	 9.43796696941752E-13 	 0 
 0.314774831410136 	 9.56823980290791E-13 	 9.56823980290791E-13 	 0 
 0.316227766016843 	 9.70088451925165E-13 	 9.70088451925164E-13 	 2.01948391736579E-28 
 0.317687407064982 	 9.83616629266777E-13 	 9.83616629266777E-13 	 0 
 0.319153785510081 	 9.97434542263889E-13 	 9.97434542263889E-13 	 0 
 0.320626932450552 	 1.01156719982202E-12 	 1.01156719982202E-12 	 0 
 0.322106879128349 	 1.02603799273005E-12 	 1.02603799273005E-12 	 0 
 0.323593656929633 	 1.04086803092435E-12 	 1.04086803092435E-12 	 0 
 0.32508729738544 	 1.05607541786161E-12 	 1.05607541786161E-12 	 0 
 0.326587832172341 	 1.07167447158408E-12 	 1.07167447158408E-12 	 2.01948391736579E-28 
 0.328095293113124 	 1.08767491072409E-12 	 1.08767491072409E-12 	 0 
 0.329609712177463 	 1.10408103391681E-12 	 1.10408103391681E-12 	 0 
 0.331131121482596 	 1.12089093223455E-12 	 1.12089093223455E-12 	 0 
 0.33265955329401 	 1.13809578528116E-12 	 1.13809578528116E-12 	 0 
 0.33419504002612 	 1.15567930103521E-12 	 1.15567930103521E-12 	 4.03896783473158E-28 
 0.33573761424296 	 1.17361736561752E-12 	 1.17361736561752E-12 	 0 
 0.337287308658874 	 1.19187796995286E-12 	 1.19187796995285E-12 	 2.01948391736579E-28 
 0.338844156139208 	 1.21042147404505E-12 	 1.21042147404505E-12 	 0 
 0.340408189701007 	 1.22920125511933E-12 	 1.22920125511933E-12 	 4.03896783473158E-28 
 0.341979442513714 	 1.24816476305095E-12 	 1.24816476305095E-12 	 0 
 0.34355794789988 	 1.26725497649915E-12 	 1.26725497649915E-12 	 0 
 0.345143739335862 	 1.2864122186925E-12 	 1.2864122186925E-12 	 0 
 0.346736850452537 	 1.30557625686007E-12 	 1.30557625686007E-12 	 0 
 0.348337315036018 	 1.32468857862387E-12 	 1.32468857862387E-12 	 0 
 0.349945167028363 	 1.34369471693823E-12 	 1.34369471693823E-12 	 0 
 0.351560440528304 	 1.3625464860396E-12 	 1.3625464860396E-12 	 0 
 0.353183169791963 	 1.38120399616943E-12 	 1.38120399616943E-12 	 4.03896783473158E-28 
 0.354813389233581 	 1.39963733406407E-12 	 1.39963733406407E-12 	 2.01948391736579E-28 
 0.35645113342625 	 1.4178278266161E-12 	 1.4178278266161E-12 	 0 
 0.358096437102642 	 1.43576884222798E-12 	 1.43576884222798E-12 	 0 
 0.359749335155748 	 1.45346612290949E-12 	 1.45346612290949E-12 	 0 
 0.36140986263962 	 1.47093767501271E-12 	 1.47093767501271E-12 	 2.01948391736579E-28 
 0.363078054770108 	 1.48821327360594E-12 	 1.48821327360594E-12 	 0 
 0.364753946925614 	 1.50533365240261E-12 	 1.50533365240261E-12 	 0 
 0.36643757464784 	 1.52234945714738E-12 	 1.52234945714738E-12 	 0 
 0.368128973642538 	 1.53932003618919E-12 	 1.53932003618919E-12 	 0 
 0.369828179780273 	 1.55631212947173E-12 	 1.55631212947173E-12 	-2.01948391736579E-28 
 0.371535229097179 	 1.57339849873787E-12 	 1.57339849873787E-12 	 0 
 0.373250157795727 	 1.59065651988191E-12 	 1.59065651988191E-12 	 4.03896783473158E-28 
 0.37497300224549 	 1.60816673543156E-12 	 1.60816673543156E-12 	 0 
 0.376703798983916 	 1.62601134316639E-12 	 1.62601134316639E-12 	 2.01948391736579E-28 
 0.3784425847171 	 1.64427257774604E-12 	 1.64427257774604E-12 	 0 
 0.380189396320568 	 1.66303092778014E-12 	 1.66303092778014E-12 	 0 
 0.381944270840053 	 1.68236312310607E-12 	 1.68236312310607E-12 	 0 
 0.383707245492286 	 1.70233982867315E-12 	 1.70233982867315E-12 	 0 
 0.385478357665779 	 1.72302299540036E-12 	 1.72302299540036E-12 	 4.03896783473158E-28 
 0.387257644921624 	 1.74446284802929E-12 	 1.74446284802929E-12 	 0 
 0.389045144994288 	 1.76669453839211E-12 	 1.76669453839211E-12 	 0 
 0.390840895792409 	 1.78973456129564E-12 	 1.78973456129564E-12 	-2.01948391736579E-28 
 0.392644935399607 	 1.81357711794501E-12 	 1.81357711794501E-12 	 0 
 0.394457302075286 	 1.83819071198863E-12 	 1.83819071198863E-12 	 0 
 0.396278034255447 	 1.86351536252579E-12 	 1.86351536252579E-12 	 0 
 0.398107170553505 	 1.88946089601082E-12 	 1.88946089601082E-12 	-4.03896783473158E-28 
 0.399944749761105 	 1.91590680844062E-12 	 1.91590680844062E-12 	 0 
 0.401790810848947 	 1.94270414339704E-12 	 1.94270414339704E-12 	 0 
 0.403645392967613 	 1.96967969101015E-12 	 1.96967969101015E-12 	 0 
 0.405508535448391 	 1.99664257600047E-12 	 1.99664257600047E-12 	 4.03896783473158E-28 
 0.40738027780412 	 2.02339299361935E-12 	 2.02339299361935E-12 	 0 
 0.409260659730019 	 2.04973252155594E-12 	 2.04973252155594E-12 	 4.03896783473158E-28 
 0.41114972110453 	 2.07547515313626E-12 	 2.07547515313626E-12 	 0 
 0.413047501990169 	 2.10045803199716E-12 	 2.10045803199716E-12 	 0 
 0.414954042634371 	 2.12455086832142E-12 	 2.12455086832142E-12 	 0 
 0.416869383470343 	 2.14766318944461E-12 	 2.14766318944461E-12 	 4.03896783473158E-28 
 0.418793565117926 	 2.16974888664887E-12 	 2.16974888664887E-12 	 0 
 0.420726628384452 	 2.19080789535331E-12 	 2.19080789535331E-12 	 0 
 0.422668614265611 	 2.21088520654186E-12 	 2.21088520654186E-12 	 0 
 0.424619563946321 	 2.23006768464275E-12 	 2.23006768464275E-12 	 0 
 0.426579518801601 	 2.24847932185071E-12 	 2.24847932185071E-12 	-4.03896783473158E-28 
 0.428548520397448 	 2.26627558528205E-12 	 2.26627558528205E-12 	 0 
 0.430526610491719 	 2.28363743253017E-12 	 2.28363743253017E-12 	 0 
 0.432513831035017 	 2.30076541872177E-12 	 2.30076541872177E-12 	 0 
 0.43451022417158 	 2.31787413146253E-12 	 2.31787413146253E-12 	 0 
 0.436515832240175 	 2.33518699968948E-12 	 2.33518699968948E-12 	 4.03896783473158E-28 
 0.438530697774994 	 2.35293134887832E-12 	 2.35293134887832E-12 	 0 
 0.440554863506562 	 2.37133342996062E-12 	 2.37133342996062E-12 	 0 
 0.442588372362635 	 2.39061303986841E-12 	 2.39061303986841E-12 	 0 
 0.444631267469118 	 2.41097728606028E-12 	 2.41097728606028E-12 	 0 
 0.446683592150972 	 2.43261304020409E-12 	 2.43261304020409E-12 	 0 
 0.448745389933141 	 2.45567770167833E-12 	 2.45567770167833E-12 	 0 
 0.450816704541469 	 2.48028808348683E-12 	 2.48028808348683E-12 	 0 
 0.45289757990363 	 2.5065075780357E-12 	 2.5065075780357E-12 	 0 
 0.454988060150058 	 2.53433228076751E-12 	 2.53433228076751E-12 	 0 
 0.457088189614884 	 2.56367742765973E-12 	 2.56367742765973E-12 	 0 
 0.459198012836878 	 2.59436624515291E-12 	 2.59436624515291E-12 	 0 
 0.461317574560389 	 2.62612392542516E-12 	 2.62612392542516E-12 	 8.07793566946316E-28 
 0.463446919736298 	 2.65857964334237E-12 	 2.65857964334237E-12 	 0 
 0.465586093522969 	 2.69127902433448E-12 	 2.69127902433448E-12 	 0 
 0.467735141287208 	 2.72370808074737E-12 	 2.72370808074737E-12 	 0 
 0.469894108605225 	 2.75532747476304E-12 	 2.75532747476304E-12 	 0 
 0.4720630412636 	 2.78561353350368E-12 	 2.78561353350368E-12 	 0 
 0.474241985260255 	 2.81410050976841E-12 	 2.81410050976841E-12 	 0 
 0.476430986805426 	 2.84041789859478E-12 	 2.84041789859478E-12 	 0 
 0.478630092322648 	 2.86431753639311E-12 	 2.86431753639311E-12 	 0 
 0.480839348449739 	 2.8856874653592E-12 	 2.8856874653592E-12 	-8.07793566946316E-28 
 0.483058802039783 	 2.90455237169192E-12 	 2.90455237169192E-12 	 0 
 0.485288500162131 	 2.92106288886442E-12 	 2.92106288886442E-12 	 0 
 0.487528490103397 	 2.93547754131125E-12 	 2.93547754131125E-12 	 0 
 0.489778819368457 	 2.94814140082381E-12 	 2.94814140082381E-12 	 0 
 0.492039535681461 	 2.95946486561217E-12 	 2.95946486561217E-12 	 0 
 0.494310686986846 	 2.9699047821902E-12 	 2.9699047821902E-12 	 0 
 0.496592321450347 	 2.97994882792583E-12 	 2.97994882792583E-12 	 8.07793566946316E-28 
 0.498884487460023 	 2.99010292758496E-12 	 2.99010292758496E-12 	 0 
 0.501187233627283 	 3.00088059675058E-12 	 3.00088059675058E-12 	 0 
 0.503500608787916 	 3.01279248159538E-12 	 3.01279248159538E-12 	 0 
 0.505824662003125 	 3.02633395293524E-12 	 3.02633395293524E-12 	 0 
 0.508159442560572 	 3.04196840058769E-12 	 3.04196840058769E-12 	 0 
 0.510504999975417 	 3.06010393928101E-12 	 3.06010393928101E-12 	 8.07793566946316E-28 
 0.512861383991376 	 3.08106178212041E-12 	 3.08106178212041E-12 	 4.03896783473158E-28 
 0.515228644581768 	 3.10503588193399E-12 	 3.10503588193399E-12 	 0 
 0.517606831950579 	 3.13204592590957E-12 	 3.13204592590957E-12 	 4.03896783473158E-28 
 0.519995996533527 	 3.16188951235007E-12 	 3.16188951235007E-12 	 0 
 0.522396188999131 	 3.19410383069538E-12 	 3.19410383069538E-12 	 0 
 0.524807460249784 	 3.22795086903166E-12 	 3.22795086903166E-12 	 0 
 0.527229861422834 	 3.26244054753142E-12 	 3.26244054753142E-12 	-4.03896783473158E-28 
 0.52966344389167 	 3.29640067801555E-12 	 3.29640067801555E-12 	-4.03896783473158E-28 
 0.532108259266806 	 3.32859074592507E-12 	 3.32859074592507E-12 	-4.03896783473158E-28 
 0.534564359396984 	 3.35784153413745E-12 	 3.35784153413745E-12 	 0 
 0.537031796370265 	 3.38319133944953E-12 	 3.38319133944953E-12 	 0 
 0.53951062251514 	 3.4039885047249E-12 	 3.4039885047249E-12 	 0 
 0.542000890401636 	 3.41994070731621E-12 	 3.41994070731621E-12 	 0 
 0.544502652842433 	 3.43110875725232E-12 	 3.43110875725232E-12 	 0 
 0.547015962893984 	 3.43785816731138E-12 	 3.43785816731138E-12 	 0 
 0.549540873857637 	 3.44078934187569E-12 	 3.44078934187569E-12 	 0 
 0.55207743928077 	 3.44066606227694E-12 	 3.44066606227694E-12 	 0 
 0.554625712957923 	 3.43835533372868E-12 	 3.43835533372868E-12 	 0 
 0.557185748931943 	 3.43478385841707E-12 	 3.43478385841707E-12 	 0 
 0.559757601495123 	 3.43091020336296E-12 	 3.43091020336296E-12 	 4.03896783473158E-28 
 0.562341325190362 	 3.42770791556993E-12 	 3.42770791556993E-12 	-4.03896783473158E-28 
 0.564936974812316 	 3.42615284498074E-12 	 3.42615284498074E-12 	 0 
 0.56754460540856 	 3.42720682549079E-12 	 3.42720682549079E-12 	 0 
 0.570164272280761 	 3.43178899333639E-12 	 3.43178899333639E-12 	 0 
 0.572796030985843 	 3.44072545700493E-12 	 3.44072545700493E-12 	 4.03896783473158E-28 
 0.57543993733717 	 3.45466883094365E-12 	 3.45466883094365E-12 	 0 
 0.578096047405732 	 3.47398350164556E-12 	 3.47398350164556E-12 	 0 
 0.580764417521326 	 3.49860332002014E-12 	 3.49860332002014E-12 	 4.03896783473158E-28 
 0.583445104273759 	 3.52788744826524E-12 	 3.52788744826524E-12 	-4.03896783473158E-28 
 0.586138164514043 	 3.56052391763726E-12 	 3.56052391763726E-12 	 0 
 0.588843655355603 	 3.59454621084654E-12 	 3.59454621084654E-12 	 0 
 0.591561634175488 	 3.62751531578097E-12 	 3.62751531578097E-12 	 4.03896783473158E-28 
 0.594292158615587 	 3.65686501462343E-12 	 3.65686501462343E-12 	 0 
 0.597035286583851 	 3.68032848813759E-12 	 3.68032848813759E-12 	 0 
 0.599791076255524 	 3.69630975444994E-12 	 3.69630975444994E-12 	 0 
 0.602559586074372 	 3.70408043970099E-12 	 3.70408043970099E-12 	 8.07793566946316E-28 
 0.605340874753928 	 3.70376533317671E-12 	 3.70376533317671E-12 	 8.07793566946316E-28 
 0.608135001278733 	 3.69617139646685E-12 	 3.69617139646685E-12 	 8.07793566946316E-28 
 0.610942024905587 	 3.68255821025674E-12 	 3.68255821025674E-12 	 0 
 0.613762005164809 	 3.66443346750602E-12 	 3.66443346750602E-12 	 0 
 0.616595001861497 	 3.64341417497378E-12 	 3.64341417497378E-12 	-8.07793566946316E-28 
 0.619441075076797 	 3.62115521293266E-12 	 3.62115521293266E-12 	-8.07793566946316E-28 
 0.622300285169175 	 3.59932595860303E-12 	 3.59932595860302E-12 	 4.03896783473158E-28 
 0.625172692775701 	 3.57961015323904E-12 	 3.57961015323904E-12 	 0 
 0.628058358813333 	 3.56370531633747E-12 	 3.56370531633747E-12 	 0 
 0.630957344480209 	 3.55329854626128E-12 	 3.55329854626128E-12 	 0 
 0.633869711256943 	 3.54999251293557E-12 	 3.54999251293557E-12 	 0 
 0.636795520907932 	 3.55515092473846E-12 	 3.55515092473846E-12 	 0 
 0.639734835482664 	 3.56963535255388E-12 	 3.56963535255388E-12 	 4.03896783473158E-28 
 0.642687717317036 	 3.59343157155835E-12 	 3.59343157155835E-12 	 0 
 0.645654229034672 	 3.6252326342115E-12 	 3.6252326342115E-12 	 4.03896783473158E-28 
 0.648634433548255 	 3.66215516452451E-12 	 3.66215516452451E-12 	 0 
 0.651628394060859 	 3.69984914066998E-12 	 3.69984914066998E-12 	 0 
 0.654636174067291 	 3.73318728245186E-12 	 3.73318728245186E-12 	-8.07793566946316E-28 
 0.657657837355437 	 3.75741453108623E-12 	 3.75741453108623E-12 	 0 
 0.660693448007613 	 3.76927775026506E-12 	 3.76927775026506E-12 	 0 
 0.663743070401926 	 3.76759867035792E-12 	 3.76759867035792E-12 	 0 
 0.666806769213639 	 3.75311340848538E-12 	 3.75311340848538E-12 	 0 
 0.669884609416543 	 3.72784682063273E-12 	 3.72784682063273E-12 	 0 
 0.672976656284335 	 3.69444121422078E-12 	 3.69444121422078E-12 	 0 
 0.676082975391999 	 3.65570422726173E-12 	 3.65570422726173E-12 	 0 
 0.679203632617202 	 3.61441646781009E-12 	 3.61441646781009E-12 	 0 
 0.682338694141687 	 3.57331447155701E-12 	 3.57331447155701E-12 	-1.21169035041947E-27 
 0.685488226452679 	 3.5351475164759E-12 	 3.5351475164759E-12 	 0 
 0.688652296344294 	 3.50273596087947E-12 	 3.50273596087947E-12 	-4.03896783473158E-28 
 0.691830970918955 	 3.47898264493176E-12 	 3.47898264493176E-12 	 0 
 0.695024317588815 	 3.46678607030964E-12 	 3.46678607030964E-12 	 0 
 0.69823240407719 	 3.4687759916326E-12 	 3.4687759916326E-12 	 0 
 0.70145529841999 	 3.48676366122518E-12 	 3.48676366122518E-12 	 0 
 0.704693068967165 	 3.52083661482845E-12 	 3.52083661482845E-12 	 0 
 0.707945784384156 	 3.56824473716136E-12 	 3.56824473716136E-12 	 0 
 0.711213513653348 	 3.62267162760477E-12 	 3.62267162760477E-12 	 0 
 0.714496326075532 	 3.67485265747915E-12 	 3.67485265747915E-12 	 0 
 0.717794291271381 	 3.71502712739858E-12 	 3.71502712739858E-12 	 8.07793566946316E-28 
 0.721107479182919 	 3.73617551457568E-12 	 3.73617551457568E-12 	 0 
 0.724435960075009 	 3.73592647742967E-12 	 3.73592647742967E-12 	 0 
 0.727779804536843 	 3.71607455487289E-12 	 3.71607455487289E-12 	 0 
 0.731139083483437 	 3.6806822820266E-12 	 3.6806822820266E-12 	 0 
 0.734513868157135 	 3.63437687945543E-12 	 3.63437687945543E-12 	 0 
 0.737904230129121 	 3.58157534295791E-12 	 3.58157534295791E-12 	 0 
 0.741310241300937 	 3.52644588453844E-12 	 3.52644588453844E-12 	 0 
 0.744731973906009 	 3.47315315665113E-12 	 3.47315315665113E-12 	 0 
 0.748169500511175 	 3.42609135160665E-12 	 3.42609135160665E-12 	 0 
 0.751622894018226 	 3.39000156884435E-12 	 3.39000156884435E-12 	 0 
 0.755092227665454 	 3.36993674759188E-12 	 3.36993674759188E-12 	 0 
 0.758577575029204 	 3.37096845926254E-12 	 3.37096845926254E-12 	 0 
 0.762079010025433 	 3.39736888648058E-12 	 3.39736888648058E-12 	 0 
 0.765596606911277 	 3.45088604919378E-12 	 3.45088604919378E-12 	 4.03896783473158E-28 
 0.769130440286631 	 3.52806092333988E-12 	 3.52806092333988E-12 	 0 
 0.772680585095723 	 3.6178934887883E-12 	 3.6178934887883E-12 	 8.07793566946316E-28 
 0.776247116628713 	 3.70297585324961E-12 	 3.70297585324961E-12 	 0 
 0.77983011052328 	 3.76602927592438E-12 	 3.76602927592438E-12 	 0 
 0.783429642766233 	 3.79776755268949E-12 	 3.79776755268949E-12 	-8.07793566946316E-28 
 0.78704578969512 	 3.79898506671968E-12 	 3.79898506671968E-12 	 0 
 0.790678627999847 	 3.77624834971934E-12 	 3.77624834971934E-12 	 0 
 0.794328234724304 	 3.73689098955092E-12 	 3.73689098955092E-12 	 0 
 0.797994687267999 	 3.68704796214492E-12 	 3.68704796214492E-12 	 0 
 0.801678063387701 	 3.63210416937403E-12 	 3.63210416937403E-12 	 0 
 0.805378441199089 	 3.57769562119166E-12 	 3.57769562119166E-12 	-4.03896783473158E-28 
 0.809095899178405 	 3.53030327007764E-12 	 3.53030327007764E-12 	 0 
 0.812830516164122 	 3.49738963537167E-12 	 3.49738963537167E-12 	 4.03896783473158E-28 
 0.816582371358615 	 3.48727690278651E-12 	 3.48727690278651E-12 	 0 
 0.820351544329841 	 3.50868727604696E-12 	 3.50868727604696E-12 	 0 
 0.824138115013026 	 3.56925984890377E-12 	 3.56925984890376E-12 	 8.07793566946316E-28 
 0.827942163712358 	 3.67175871731465E-12 	 3.67175871731465E-12 	 8.07793566946316E-28 
 0.831763771102695 	 3.80757149613772E-12 	 3.80757149613772E-12 	 0 
 0.835603018231272 	 3.95220746967229E-12 	 3.95220746967229E-12 	 8.07793566946316E-28 
 0.839459986519421 	 4.07318703264163E-12 	 4.07318703264163E-12 	 0 
 0.843334757764299 	 4.14985270387771E-12 	 4.14985270387771E-12 	 8.07793566946316E-28 
 0.847227414140621 	 4.18326958448276E-12 	 4.18326958448276E-12 	 0 
 0.851138038202401 	 4.18593797194944E-12 	 4.18593797194944E-12 	 8.07793566946316E-28 
 0.855066712884708 	 4.16878354204189E-12 	 4.16878354204189E-12 	 0 
 0.85901352150542 	 4.13823996787656E-12 	 4.13823996787655E-12 	 8.07793566946316E-28 
 0.862978547766995 	 4.09957395196487E-12 	 4.09957395196487E-12 	 0 
 0.866961875758242 	 4.05990174820826E-12 	 4.05990174820826E-12 	 0 
 0.870963589956106 	 4.02894007763362E-12 	 4.02894007763362E-12 	 0 
 0.874983775227461 	 4.01852044569557E-12 	 4.01852044569557E-12 	 0 
 0.87902251683091 	 4.04202844794062E-12 	 4.04202844794062E-12 	 0 
 0.883079900418589 	 4.11358034847991E-12 	 4.11358034847991E-12 	 0 
 0.887156012037987 	 4.24465079903724E-12 	 4.24465079903724E-12 	 0 
 0.891250938133772 	 4.43400235939183E-12 	 4.43400235939183E-12 	 0 
 0.89536476554962 	 4.6522871989366E-12 	 4.6522871989366E-12 	 8.07793566946316E-28 
 0.899497581530062 	 4.844595345978E-12 	 4.844595345978E-12 	 0 
 0.903649473722328 	 4.97178468646259E-12 	 4.97178468646258E-12 	 8.07793566946316E-28 
 0.907820530178213 	 5.04011753834581E-12 	 5.04011753834581E-12 	 0 
 0.912010839355937 	 5.07503845716556E-12 	 5.07503845716556E-12 	 0 
 0.916220490122027 	 5.09055778346548E-12 	 5.09055778346548E-12 	 0 
 0.920449571753199 	 5.08934769777602E-12 	 5.08934769777603E-12 	-8.07793566946316E-28 
 0.92469817393825 	 5.07486250060718E-12 	 5.07486250060718E-12 	 0 
 0.928966386779964 	 5.05736053498154E-12 	 5.05736053498154E-12 	 0 
 0.933254300797019 	 5.05272066336788E-12 	 5.05272066336788E-12 	 8.07793566946316E-28 
 0.937562006925908 	 5.07972755077822E-12 	 5.07972755077822E-12 	 0 
 0.94188959652287 	 5.15907344940908E-12 	 5.15907344940908E-12 	 8.07793566946316E-28 
 0.946237161365822 	 5.31224034418678E-12 	 5.31224034418678E-12 	 0 
 0.95060479365631 	 5.55201649729121E-12 	 5.55201649729121E-12 	 0 
 0.954992586021465 	 5.85344137195404E-12 	 5.85344137195404E-12 	 0 
 0.959400631515962 	 6.13215439548244E-12 	 6.13215439548244E-12 	 0 
 0.963829023624 	 6.31325864245263E-12 	 6.31325864245263E-12 	 0 
 0.968277856261279 	 6.41386297268583E-12 	 6.41386297268583E-12 	 0 
 0.972747223776995 	 6.48403564551428E-12 	 6.48403564551428E-12 	 0 
 0.977237220955841 	 6.53773947889895E-12 	 6.53773947889895E-12 	 0 
 0.981747943020014 	 6.5658785976939E-12 	 6.5658785976939E-12 	 0 
 0.986279485631241 	 6.56864191167503E-12 	 6.56864191167503E-12 	 0 
 0.990831944892798 	 6.56411836607232E-12 	 6.56411836607232E-12 	 0 
 0.995405417351558 	 6.57943459064064E-12 	 6.57943459064064E-12 	 0 
 1.00000000000003 	 6.64348234691735E-12 	 6.64348234691735E-12 	 8.07793566946316E-28 
 1.00461579027843 	 6.78705903334397E-12 	 6.78705903334397E-12 	 0 
 1.00925288607672 	 7.04162918148398E-12 	 7.04162918148398E-12 	 0 
 1.01391138573671 	 7.41022525221785E-12 	 7.41022525221785E-12 	 0 
 1.01859138805415 	 7.79537137015001E-12 	 7.79537137015001E-12 	 0 
 1.02329299228079 	 8.04587967467002E-12 	 8.04587967467002E-12 	 0 
 1.02801629812651 	 8.17269962365008E-12 	 8.17269962365008E-12 	 0 
 1.03276140576143 	 8.27554470456252E-12 	 8.27554470456252E-12 	 0 
 1.03752841581805 	 8.37164341238925E-12 	 8.37164341238925E-12 	 1.61558713389263E-27 
 1.04231742939334 	 8.42578078466963E-12 	 8.42578078466963E-12 	 1.61558713389263E-27 
 1.04712854805093 	 8.42859604022654E-12 	 8.42859604022654E-12 	 1.61558713389263E-27 
 1.05196187382326 	 8.41210995498496E-12 	 8.41210995498496E-12 	 0 
 1.05681750921369 	 8.4214470977065E-12 	 8.4214470977065E-12 	-1.61558713389263E-27 
 1.06169555719876 	 8.4984400767843E-12 	 8.4984400767843E-12 	 0 
 1.06659612123029 	 8.68686476865757E-12 	 8.68686476865757E-12 	 0 
 1.07151930523764 	 9.03297487408829E-12 	 9.03297487408829E-12 	 0 
 1.07646521362987 	 9.5105979739627E-12 	 9.5105979739627E-12 	 0 
 1.08143395129797 	 9.8910328675897E-12 	 9.8910328675897E-12 	 0 
 1.0864256236171 	 1.00454565407096E-11 	 1.00454565407096E-11 	 0 
 1.09144033644879 	 1.01538786241768E-11 	 1.01538786241768E-11 	 3.23117426778526E-27 
 1.09647819614322 	 1.02941483831033E-11 	 1.02941483831033E-11 	 0 
 1.10153930954145 	 1.03902582423804E-11 	 1.03902582423804E-11 	 0 
 1.1066237839777 	 1.03881903927512E-11 	 1.03881903927512E-11 	 0 
 1.11173172728163 	 1.033017017981E-11 	 1.033017017981E-11 	-1.61558713389263E-27 
 1.1168632477806 	 1.02909095589949E-11 	 1.02909095589949E-11 	 1.61558713389263E-27 
 1.122018454302 	 1.03298114061905E-11 	 1.03298114061905E-11 	 0 
 1.12719745617555 	 1.05039323961921E-11 	 1.05039323961921E-11 	 1.61558713389263E-27 
 1.13240036323559 	 1.08845437820095E-11 	 1.08845437820095E-11 	 0 
 1.13762728582347 	 1.14311653132857E-11 	 1.14311653132857E-11 	 0 
 1.14287833478981 	 1.1754988514986E-11 	 1.1754988514986E-11 	-3.23117426778526E-27 
 1.14815362149692 	 1.18117664624788E-11 	 1.18117664624788E-11 	 0 
 1.15345325782113 	 1.19283857004571E-11 	 1.19283857004571E-11 	 1.61558713389263E-27 
 1.15877735615516 	 1.21003493300381E-11 	 1.21003493300381E-11 	 3.23117426778526E-27 
 1.16412602941053 	 1.21535540507549E-11 	 1.21535540507549E-11 	 0 
 1.16949939101991 	 1.20552950992158E-11 	 1.20552950992158E-11 	 3.23117426778526E-27 
 1.17489755493957 	 1.19233195925144E-11 	 1.19233195925144E-11 	 0 
 1.18032063565177 	 1.18581608562939E-11 	 1.18581608562939E-11 	 0 
 1.1857687481672 	 1.19258446507735E-11 	 1.19258446507735E-11 	 0 
 1.19124200802741 	 1.22173885101143E-11 	 1.22173885101143E-11 	 0 
 1.19674053130728 	 1.27908592221853E-11 	 1.27908592221853E-11 	 4.8467614016779E-27 
 1.20226443461745 	 1.31619873798375E-11 	 1.31619873798375E-11 	 0 
 1.20781383510682 	 1.31094743213796E-11 	 1.31094743213796E-11 	 0 
 1.21338885046502 	 1.31830833081725E-11 	 1.31830833081725E-11 	 0 
 1.21898959892491 	 1.33883151143762E-11 	 1.33883151143762E-11 	 0 
 1.22461619926509 	 1.34214550634282E-11 	 1.34214550634282E-11 	 1.61558713389263E-27 
 1.23026877081242 	 1.32201587100729E-11 	 1.32201587100729E-11 	 0 
 1.23594743344455 	 1.29907803038752E-11 	 1.29907803038752E-11 	 0 
 1.24165230759245 	 1.28645622640657E-11 	 1.28645622640657E-11 	 0 
 1.24738351424299 	 1.29141576147926E-11 	 1.29141576147926E-11 	 0 
 1.25314117494146 	 1.3275991604219E-11 	 1.3275991604219E-11 	 0 
 1.25892541179421 	 1.39238990124282E-11 	 1.39238990124282E-11 	 0 
 1.26473634747119 	 1.39408964405677E-11 	 1.39408964405677E-11 	 0 
 1.27057410520858 	 1.37939876242478E-11 	 1.37939876242478E-11 	 0 
 1.27643880881139 	 1.39721224211212E-11 	 1.39721224211212E-11 	 0 
 1.28233058265607 	 1.41507595161831E-11 	 1.41507595161831E-11 	 3.23117426778526E-27 
 1.28824955169318 	 1.39345251057958E-11 	 1.39345251057958E-11 	 3.23117426778526E-27 
 1.29419584145003 	 1.3563880125755E-11 	 1.3563880125755E-11 	 3.23117426778526E-27 
 1.30016957803334 	 1.3302325500255E-11 	 1.3302325500255E-11 	 0 
 1.30617088813189 	 1.32287135698075E-11 	 1.32287135698075E-11 	 0 
 1.31219989901925 	 1.34808251602148E-11 	 1.34808251602148E-11 	 0 
 1.31825673855645 	 1.4205082591741E-11 	 1.4205082591741E-11 	 0 
 1.32434153519471 	 1.41664712669221E-11 	 1.41664712669221E-11 	 0 
 1.33045441797814 	 1.39034536057036E-11 	 1.39034536057036E-11 	 0 
 1.33659551654649 	 1.41092583793214E-11 	 1.41092583793214E-11 	 0 
 1.34276496113791 	 1.43498614634076E-11 	 1.43498614634076E-11 	 0 
 1.3489628825917 	 1.40070977372861E-11 	 1.40070977372861E-11 	 0 
 1.35518941235108 	 1.35173544616964E-11 	 1.35173544616964E-11 	 0 
 1.361444682466 	 1.32066601793279E-11 	 1.32066601793279E-11 	 0 
 1.3677288255959 	 1.31365308023802E-11 	 1.31365308023802E-11 	 0 
 1.37404197501256 	 1.3539203677204E-11 	 1.3539203677204E-11 	 0 
 1.38038426460293 	 1.4264806029223E-11 	 1.4264806029223E-11 	 3.23117426778526E-27 
 1.38675582887194 	 1.37610792003832E-11 	 1.37610792003832E-11 	 0 
 1.39315680294535 	 1.37052903414006E-11 	 1.37052903414006E-11 	 0 
 1.39958732257267 	 1.41464371842703E-11 	 1.41464371842703E-11 	 0 
 1.40604752412996 	 1.41494623435562E-11 	 1.41494623435562E-11 	 0 
 1.4125375446228 	 1.35365861297986E-11 	 1.35365861297986E-11 	 0 
 1.41905752168914 	 1.30915859437486E-11 	 1.30915859437486E-11 	 0 
 1.42560759360224 	 1.29024577473526E-11 	 1.29024577473526E-11 	 3.23117426778526E-27 
 1.43218789927359 	 1.31206782948643E-11 	 1.31206782948643E-11 	 0 
 1.4387985782559 	 1.41062441575069E-11 	 1.41062441575069E-11 	 0 
 1.44543977074598 	 1.35745043836265E-11 	 1.35745043836265E-11 	 0 
 1.45211161758779 	 1.34401755354813E-11 	 1.34401755354813E-11 	-3.23117426778526E-27 
 1.4588142602754 	 1.39873301828208E-11 	 1.39873301828208E-11 	 0 
 1.46554784095596 	 1.42120911233046E-11 	 1.42120911233046E-11 	 0 
 1.47231250243277 	 1.35230857050442E-11 	 1.35230857050442E-11 	 0 
 1.47910838816826 	 1.30863369525267E-11 	 1.30863369525267E-11 	 3.23117426778526E-27 
 1.48593564228706 	 1.29429369130944E-11 	 1.29429369130944E-11 	 0 
 1.49279440957905 	 1.32882004471443E-11 	 1.32882004471443E-11 	 0 
 1.49968483550243 	 1.43606431877756E-11 	 1.43606431877756E-11 	 3.23117426778526E-27 
 1.5066070661868 	 1.36044970149313E-11 	 1.36044970149313E-11 	 0 
 1.51356124843626 	 1.37403737250523E-11 	 1.37403737250523E-11 	-1.61558713389263E-27 
 1.52054752973255 	 1.46033178288261E-11 	 1.46033178288261E-11 	 0 
 1.52756605823813 	 1.45052168281249E-11 	 1.45052168281249E-11 	 0 
 1.53461698279935 	 1.38406725738969E-11 	 1.38406725738969E-11 	 0 
 1.54170045294962 	 1.3597634257756E-11 	 1.3597634257756E-11 	 0 
 1.54881661891254 	 1.3684906594669E-11 	 1.3684906594669E-11 	 3.23117426778526E-27 
 1.55596563160513 	 1.4802779013838E-11 	 1.4802779013838E-11 	 0 
 1.56314764264101 	 1.46471924445685E-11 	 1.46471924445685E-11 	 0 
 1.57036280433361 	 1.45309472857733E-11 	 1.45309472857733E-11 	 0 
 1.57761126969941 	 1.52821289972944E-11 	 1.52821289972944E-11 	 0 
 1.58489319246117 	 1.608611956193E-11 	 1.608611956193E-11 	 0 
 1.59220872705123 	 1.52879730162133E-11 	 1.52879730162133E-11 	-3.23117426778526E-27 
 1.59955802861473 	 1.50340114466944E-11 	 1.50340114466944E-11 	 0 
 1.60694125301294 	 1.5120956772544E-11 	 1.5120956772544E-11 	 0 
 1.61435855682655 	 1.60836533162084E-11 	 1.60836533162084E-11 	 0 
 1.62181009735899 	 1.63630897556285E-11 	 1.63630897556285E-11 	 0 
 1.62929603263978 	 1.6293052470749E-11 	 1.6293052470749E-11 	 0 
 1.63681652142787 	 1.71230943042354E-11 	 1.71230943042354E-11 	 0 
 1.64437172321499 	 1.83024580369911E-11 	 1.83024580369911E-11 	-3.23117426778526E-27 
 1.65196179822908 	 1.74497237468995E-11 	 1.74497237468995E-11 	 0 
 1.65958690743762 	 1.73028434928579E-11 	 1.73028434928579E-11 	 0 
 1.66724721255113 	 1.74911218688058E-11 	 1.74911218688058E-11 	 0 
 1.6749428760265 	 1.89259914524569E-11 	 1.89259914524569E-11 	 0 
 1.68267406107053 	 1.86167305522161E-11 	 1.86167305522161E-11 	 0 
 1.69044093164333 	 1.8967021725696E-11 	 1.8967021725696E-11 	 0 
 1.69824365246181 	 2.01795894878067E-11 	 2.01795894878067E-11 	 0 
 1.70608238900319 	 2.08390241815934E-11 	 2.08390241815934E-11 	 0 
 1.71395730750849 	 2.02198813570885E-11 	 2.02198813570885E-11 	 0 
 1.72186857498607 	 2.02647664930208E-11 	 2.02647664930208E-11 	 0 
 1.72981635921517 	 2.06789803997155E-11 	 2.06789803997155E-11 	 0 
 1.73780082874944 	 2.21415493553588E-11 	 2.21415493553588E-11 	 0 
 1.74582215292057 	 2.16286403632177E-11 	 2.16286403632177E-11 	-3.23117426778526E-27 
 1.75388050184183 	 2.24235965963468E-11 	 2.24235965963468E-11 	 0 
 1.7619760464117 	 2.44468110235139E-11 	 2.44468110235139E-11 	-3.23117426778526E-27 
 1.77010895831749 	 2.3414483001838E-11 	 2.3414483001838E-11 	 3.23117426778526E-27 
 1.77827941003899 	 2.33455261915643E-11 	 2.33455261915643E-11 	 0 
 1.78648757485212 	 2.35577272271122E-11 	 2.35577272271122E-11 	 0 
 1.7947336268326 	 2.56238703008051E-11 	 2.56238703008051E-11 	-3.23117426778526E-27 
 1.80301774085964 	 2.44837451578542E-11 	 2.44837451578542E-11 	-6.46234853557053E-27 
 1.81134009261967 	 2.5155523366919E-11 	 2.5155523366919E-11 	 3.23117426778526E-27 
 1.81970085861005 	 2.70331058705492E-11 	 2.70331058705492E-11 	 0 
 1.82810021614281 	 2.63863669268149E-11 	 2.63863669268149E-11 	 0 
 1.83653834334842 	 2.62003910977589E-11 	 2.62003910977589E-11 	-6.46234853557053E-27 
 1.84501541917955 	 2.62948160160808E-11 	 2.62948160160808E-11 	 0 
 1.85353162341488 	 2.82906078553797E-11 	 2.82906078553797E-11 	 0 
 1.86208713666294 	 2.69880785492276E-11 	 2.69880785492276E-11 	 0 
 1.87068214036587 	 2.76332814942462E-11 	 2.76332814942462E-11 	 0 
 1.87931681680334 	 2.95903054094211E-11 	 2.95903054094211E-11 	 1.29246970711411E-26 
 1.88799134909637 	 2.86295632876423E-11 	 2.86295632876422E-11 	 3.23117426778526E-27 
 1.89670592121122 	 2.83981416147588E-11 	 2.83981416147588E-11 	 0 
 1.90546071796332 	 2.83651147768619E-11 	 2.83651147768619E-11 	 0 
 1.91425592502116 	 2.956481322534E-11 	 2.956481322534E-11 	 0 
 1.92309172891023 	 2.87516020436513E-11 	 2.87516020436513E-11 	 0 
 1.931968317017 	 2.94378146556174E-11 	 2.94378146556174E-11 	 0 
 1.94088587759286 	 3.15725123536405E-11 	 3.15725123536405E-11 	 6.46234853557053E-27 
 1.94984459975812 	 2.99117694800331E-11 	 2.99117694800331E-11 	 0 
 1.95884467350607 	 2.96286591997887E-11 	 2.96286591997887E-11 	 0 
 1.96788628970692 	 2.96134750167837E-11 	 2.96134750167837E-11 	 0 
 1.97696964011194 	 2.94453259484551E-11 	 2.94453259484551E-11 	 0 
 1.98609491735745 	 2.96745302861584E-11 	 2.96745302861584E-11 	 0 
 1.99526231496896 	 3.06445037802894E-11 	 3.06445037802894E-11 	 6.46234853557053E-27 
 2.00447202736524 	 3.0701780588033E-11 	 3.0701780588033E-11 	 6.46234853557053E-27 
 2.01372424986247 	 3.02168227455492E-11 	 3.02168227455492E-11 	 0 
 2.02301917867835 	 2.98392205808503E-11 	 2.98392205808503E-11 	-6.46234853557053E-27 
 2.0323570109363 	 3.00406443416015E-11 	 3.00406443416015E-11 	 0 
 2.04173794466961 	 2.94626108890524E-11 	 2.94626108890524E-11 	 0 
 2.05116217882565 	 3.00364821223454E-11 	 3.00364821223454E-11 	 6.46234853557053E-27 
 2.06062991327008 	 3.11198291877048E-11 	 3.11198291877048E-11 	 0 
 2.07014134879113 	 3.01983870616707E-11 	 3.01983870616707E-11 	-6.46234853557053E-27 
 2.07969668710378 	 2.97534738085592E-11 	 2.97534738085592E-11 	-6.46234853557053E-27 
 2.08929613085412 	 3.11594889838001E-11 	 3.11594889838001E-11 	-6.46234853557053E-27 
 2.09893988362361 	 2.9064138110105E-11 	 2.9064138110105E-11 	 0 
 2.10862814993338 	 2.94987593056559E-11 	 2.94987593056559E-11 	 6.46234853557053E-27 
 2.11836113524859 	 3.13730188926359E-11 	 3.13730188926359E-11 	 0 
 2.1281390459828 	 3.0013900747984E-11 	 3.0013900747984E-11 	 0 
 2.13796208950232 	 2.95952417977509E-11 	 2.95952417977509E-11 	 0 
 2.14783047413062 	 3.09080297993858E-11 	 3.09080297993858E-11 	 0 
 2.15774440915275 	 2.88562015425664E-11 	 2.88562015425664E-11 	 0 
 2.16770410481978 	 2.93394042344026E-11 	 2.93394042344026E-11 	 0 
 2.17770977235325 	 3.09246989179759E-11 	 3.09246989179759E-11 	 6.46234853557053E-27 
 2.18776162394964 	 3.02485410121391E-11 	 3.02485410121391E-11 	 0 
 2.19785987278492 	 2.99348537665951E-11 	 2.99348537665951E-11 	 0 
 2.20800473301899 	 2.97733080075361E-11 	 2.97733080075361E-11 	 0 
 2.21819641980031 	 2.93702303688836E-11 	 2.93702303688836E-11 	 0 
 2.2284351492704 	 3.01294019998221E-11 	 3.01294019998221E-11 	 0 
 2.23872113856843 	 3.13264465347453E-11 	 3.13264465347453E-11 	 0 
 2.24905460583587 	 3.14336669084758E-11 	 3.14336669084758E-11 	 0 
 2.25943577022107 	 3.12937313326185E-11 	 3.12937313326185E-11 	 0 
 2.26986485188392 	 3.10280062342965E-11 	 3.10280062342965E-11 	 6.46234853557053E-27 
 2.28034207200051 	 3.11217126531264E-11 	 3.11217126531264E-11 	 0 
 2.29086765276787 	 3.26341515693415E-11 	 3.26341515693415E-11 	 0 
 2.3014418174086 	 3.35711154362167E-11 	 3.35711154362167E-11 	 0 
 2.31206479017569 	 3.38851618195179E-11 	 3.38851618195179E-11 	 0 
 2.3227367963572 	 3.57441353303064E-11 	 3.57441353303064E-11 	 0 
 2.3334580622811 	 3.3808577087379E-11 	 3.3808577087379E-11 	 0 
 2.34422881532002 	 3.44171773191628E-11 	 3.44171773191628E-11 	 6.46234853557053E-27 
 2.35504928389611 	 3.63158959799916E-11 	 3.63158959799916E-11 	 0 
 2.36591969748586 	 3.72278921382368E-11 	 3.72278921382367E-11 	 6.46234853557053E-27 
 2.37684028662498 	 3.75711305998567E-11 	 3.75711305998567E-11 	 0 
 2.38781128291328 	 3.75804846956197E-11 	 3.75804846956197E-11 	-1.29246970711411E-26 
 2.39883291901959 	 3.78346866650536E-11 	 3.78346866650536E-11 	 0 
 2.4099054286867 	 4.15862600277967E-11 	 4.15862600277967E-11 	 1.93870456067116E-26 
 2.42102904673628 	 4.11069556383187E-11 	 4.11069556383187E-11 	 0 
 2.43220400907392 	 4.17426032661907E-11 	 4.17426032661907E-11 	 0 
 2.44343055269408 	 4.18827252079181E-11 	 4.18827252079181E-11 	 0 
 2.45470891568514 	 4.19374315249408E-11 	 4.19374315249408E-11 	 0 
 2.46603933723445 	 4.29294266382062E-11 	 4.29294266382062E-11 	 0 
 2.47742205763339 	 4.50523296168295E-11 	 4.50523296168295E-11 	-1.29246970711411E-26 
 2.4888573182825 	 4.59511171432482E-11 	 4.59511171432482E-11 	 0 
 2.50034536169654 	 4.6170155120935E-11 	 4.6170155120935E-11 	 0 
 2.51188643150969 	 4.59972260397608E-11 	 4.59972260397608E-11 	 0 
 2.52348077248068 	 4.6433820557013E-11 	 4.6433820557013E-11 	 0 
 2.53512863049802 	 4.85151624937082E-11 	 4.85151624937082E-11 	 0 
 2.54683025258515 	 4.957369956972E-11 	 4.957369956972E-11 	 0 
 2.55858588690576 	 4.97977522358272E-11 	 4.97977522358272E-11 	 6.46234853557053E-27 
 2.57039578276898 	 4.93585573517709E-11 	 4.93585573517709E-11 	 0 
 2.58226019063471 	 4.93813879794314E-11 	 4.93813879794313E-11 	 6.46234853557053E-27 
 2.59417936211893 	 5.11548409179721E-11 	 5.11548409179721E-11 	 0 
 2.60615354999901 	 5.21215358170804E-11 	 5.21215358170804E-11 	 6.46234853557053E-27 
 2.6181830082191 	 5.22361806510077E-11 	 5.22361806510077E-11 	 0 
 2.6302679918955 	 5.1484785162343E-11 	 5.1484785162343E-11 	 0 
 2.64240875732206 	 5.1626834674357E-11 	 5.1626834674357E-11 	 0 
 2.65460556197566 	 5.28036533616349E-11 	 5.28036533616349E-11 	 0 
 2.6668586645216 	 5.33860252208944E-11 	 5.33860252208944E-11 	 0 
 2.67916832481915 	 5.32784304565904E-11 	 5.32784304565904E-11 	 0 
 2.69153480392703 	 5.21862758228751E-11 	 5.21862758228751E-11 	 0 
 2.70395836410896 	 5.17154334497921E-11 	 5.17154334497921E-11 	 1.29246970711411E-26 
 2.7164392688392 	 5.34867795005784E-11 	 5.34867795005784E-11 	 0 
 2.72897778280816 	 5.40165756544913E-11 	 5.40165756544913E-11 	 1.29246970711411E-26 
 2.741574171928 	 5.30920800648892E-11 	 5.30920800648892E-11 	 0 
 2.75422870333829 	 5.17719056779695E-11 	 5.17719056779695E-11 	 0 
 2.76694164541163 	 5.14476647944464E-11 	 5.14476647944464E-11 	 0 
 2.77971326775941 	 5.32307506411172E-11 	 5.32307506411172E-11 	 1.93870456067116E-26 
 2.79254384123746 	 5.32823090310649E-11 	 5.32823090310649E-11 	 0 
 2.80543363795184 	 5.22268750467639E-11 	 5.22268750467639E-11 	 0 
 2.81838293126458 	 5.10847765781288E-11 	 5.10847765781289E-11 	-1.29246970711411E-26 
 2.83139199579951 	 5.15999426407413E-11 	 5.15999426407413E-11 	-6.46234853557053E-27 
 2.84446110744804 	 5.28704039752113E-11 	 5.28704039752113E-11 	 0 
 2.85759054337508 	 5.31581519854808E-11 	 5.31581519854808E-11 	 0 
 2.87078058202482 	 5.16657423163102E-11 	 5.16657423163102E-11 	 0 
 2.88403150312674 	 5.10534242216898E-11 	 5.10534242216899E-11 	-6.46234853557053E-27 
 2.89734358770145 	 5.34041920996722E-11 	 5.34041920996722E-11 	 0 
 2.91071711806674 	 5.35665292471778E-11 	 5.35665292471778E-11 	 0 
 2.92415237784347 	 5.34610667223893E-11 	 5.34610667223893E-11 	 0 
 2.93764965196166 	 5.25526016498315E-11 	 5.25526016498315E-11 	 0 
 2.95120922666652 	 5.35071682185464E-11 	 5.35071682185464E-11 	-1.29246970711411E-26 
 2.96483138952448 	 5.47485338026716E-11 	 5.47485338026716E-11 	 0 
 2.97851642942932 	 5.66356669997019E-11 	 5.66356669997019E-11 	 0 
 2.99226463660833 	 5.55226475061237E-11 	 5.55226475061237E-11 	 0 
 3.00607630262837 	 5.57838861612206E-11 	 5.57838861612206E-11 	 0 
 3.01995172040215 	 5.85462523723765E-11 	 5.85462523723765E-11 	 0 
 3.03389118419441 	 6.03098939884865E-11 	 6.03098939884865E-11 	 0 
 3.04789498962812 	 5.99739092737498E-11 	 5.99739092737498E-11 	 0 
 3.06196343369082 	 5.99761169497584E-11 	 5.99761169497584E-11 	 0 
 3.07609681474085 	 6.3519295463806E-11 	 6.3519295463806E-11 	 1.29246970711411E-26 
 3.09029543251373 	 6.41385120136778E-11 	 6.41385120136778E-11 	 0 
 3.1045595881285 	 6.53921102575571E-11 	 6.53921102575571E-11 	-1.29246970711411E-26 
 3.11888958409408 	 6.52069060981521E-11 	 6.52069060981521E-11 	 0 
 3.13328572431573 	 6.77359315548413E-11 	 6.77359315548413E-11 	 0 
 3.14774831410146 	 6.87448943693033E-11 	 6.87448943693033E-11 	 0 
 3.16227766016853 	 7.12548492326503E-11 	 7.12548492326503E-11 	 0 
 3.17687407064992 	 7.0667837437083E-11 	 7.0667837437083E-11 	 0 
 3.19153785510091 	 7.22856959931823E-11 	 7.22856959931823E-11 	 0 
 3.20626932450561 	 7.3498660284851E-11 	 7.3498660284851E-11 	 0 
 3.22106879128358 	 7.66325174641695E-11 	 7.66325174641695E-11 	 0 
 3.23593656929643 	 7.54509530124532E-11 	 7.54509530124532E-11 	 2.58493941422821E-26 
 3.2508729738545 	 7.65487696646022E-11 	 7.65487696646022E-11 	 0 
 3.26587832172351 	 7.7478342730744E-11 	 7.7478342730744E-11 	-1.29246970711411E-26 
 3.28095293113134 	 8.03984169656167E-11 	 8.03984169656167E-11 	 0 
 3.29609712177473 	 7.88368441660806E-11 	 7.88368441660806E-11 	 1.29246970711411E-26 
 3.31131121482607 	 7.97020931407277E-11 	 7.97020931407277E-11 	 0 
 3.3265955329402 	 8.00617430770339E-11 	 8.00617430770339E-11 	 0 
 3.3419504002613 	 8.22679826679825E-11 	 8.22679826679825E-11 	 1.29246970711411E-26 
 3.3573761424297 	 8.05019808202788E-11 	 8.05019808202788E-11 	 0 
 3.37287308658885 	 8.19822201521298E-11 	 8.19822201521298E-11 	 0 
 3.38844156139219 	 8.12103471230571E-11 	 8.12103471230571E-11 	 0 
 3.40408189701017 	 8.22765059765802E-11 	 8.22765059765802E-11 	-2.58493941422821E-26 
 3.41979442513725 	 8.06201601483543E-11 	 8.06201601483543E-11 	 1.29246970711411E-26 
 3.43557947899891 	 8.25145905823798E-11 	 8.25145905823798E-11 	 0 
 3.45143739335873 	 8.19892215026556E-11 	 8.19892215026556E-11 	 0 
 3.46736850452548 	 8.13078431235009E-11 	 8.13078431235009E-11 	 0 
 3.48337315036028 	 7.98660832515203E-11 	 7.98660832515203E-11 	-1.29246970711411E-26 
 3.49945167028374 	 7.96265737795534E-11 	 7.96265737795534E-11 	 1.29246970711411E-26 
 3.51560440528315 	 8.37478189505179E-11 	 8.37478189505179E-11 	 0 
 3.53183169791974 	 8.04157593638479E-11 	 8.04157593638479E-11 	-1.29246970711411E-26 
 3.54813389233592 	 7.95689075047025E-11 	 7.95689075047025E-11 	 0 
 3.56451133426261 	 7.95673288762105E-11 	 7.95673288762105E-11 	 0 
 3.58096437102653 	 8.22971605686524E-11 	 8.22971605686524E-11 	 0 
 3.5974933515576 	 8.06888581482459E-11 	 8.06888581482459E-11 	 0 
 3.61409862639631 	 8.20990069603763E-11 	 8.20990069603763E-11 	 1.29246970711411E-26 
 3.63078054770119 	 8.25965025015239E-11 	 8.25965025015239E-11 	 0 
 3.64753946925625 	 8.36498871705989E-11 	 8.36498871705989E-11 	 0 
 3.66437574647851 	 8.31074041543917E-11 	 8.31074041543917E-11 	 0 
 3.68128973642549 	 8.37070505380641E-11 	 8.37070505380641E-11 	 3.87740912134232E-26 
 3.69828179780284 	 8.87305792436643E-11 	 8.87305792436643E-11 	-1.29246970711411E-26 
 3.71535229097191 	 8.78044297737879E-11 	 8.78044297737879E-11 	 0 
 3.73250157795739 	 8.95315268455084E-11 	 8.95315268455084E-11 	 1.29246970711411E-26 
 3.74973002245502 	 9.09335942254799E-11 	 9.09335942254799E-11 	 0 
 3.76703798983927 	 9.37571072571695E-11 	 9.37571072571695E-11 	 0 
 3.78442584717112 	 9.39831995095305E-11 	 9.39831995095305E-11 	 0 
 3.8018939632058 	 9.51149990337907E-11 	 9.51149990337907E-11 	 1.29246970711411E-26 
 3.81944270840065 	 1.00195259650795E-10 	 1.00195259650795E-10 	-1.29246970711411E-26 
 3.83707245492297 	 1.00664302434294E-10 	 1.00664302434294E-10 	 0 
 3.85478357665791 	 1.01089409850354E-10 	 1.01089409850354E-10 	 0 
 3.87257644921636 	 1.06762463718918E-10 	 1.06762463718918E-10 	 0 
 3.890451449943 	 1.0722528011039E-10 	 1.0722528011039E-10 	 0 
 3.90840895792421 	 1.10855079719847E-10 	 1.10855079719847E-10 	 0 
 3.92644935399619 	 1.08529823268255E-10 	 1.08529823268255E-10 	 0 
 3.94457302075298 	 1.12615866155066E-10 	 1.12615866155066E-10 	 2.58493941422821E-26 
 3.96278034255459 	 1.12078395187489E-10 	 1.12078395187489E-10 	 0 
 3.98107170553517 	 1.11725129196795E-10 	 1.11725129196795E-10 	 2.58493941422821E-26 
 3.99944749761117 	 1.16112450820984E-10 	 1.16112450820984E-10 	-5.16987882845642E-26 
 4.0179081084896 	 1.156593681168E-10 	 1.156593681168E-10 	 0 
 4.03645392967625 	 1.13978627566427E-10 	 1.13978627566427E-10 	 0 
 4.05508535448404 	 1.17326327148607E-10 	 1.17326327148607E-10 	 0 
 4.07380277804133 	 1.17459662197988E-10 	 1.17459662197988E-10 	 0 
 4.09260659730031 	 1.14922082653783E-10 	 1.14922082653783E-10 	 0 
 4.11149721104543 	 1.1901609490147E-10 	 1.1901609490147E-10 	 2.58493941422821E-26 
 4.13047501990182 	 1.17642109069297E-10 	 1.17642109069297E-10 	 2.58493941422821E-26 
 4.14954042634384 	 1.14821793923117E-10 	 1.14821793923117E-10 	 2.58493941422821E-26 
 4.16869383470356 	 1.15301330513113E-10 	 1.15301330513113E-10 	-2.58493941422821E-26 
 4.18793565117939 	 1.1703457576705E-10 	 1.1703457576705E-10 	 0 
 4.20726628384465 	 1.14509297364559E-10 	 1.14509297364559E-10 	 0 
 4.22668614265624 	 1.13593707260427E-10 	 1.13593707260427E-10 	 0 
 4.24619563946334 	 1.1674130370806E-10 	 1.1674130370806E-10 	 0 
 4.26579518801614 	 1.15036552650605E-10 	 1.15036552650605E-10 	-1.29246970711411E-26 
 4.28548520397461 	 1.13909892995266E-10 	 1.13909892995266E-10 	 0 
 4.30526610491732 	 1.17826315499766E-10 	 1.17826315499766E-10 	 0 
 4.32513831035031 	 1.17258064876213E-10 	 1.17258064876213E-10 	-2.58493941422821E-26 
 4.34510224171593 	 1.16581750780356E-10 	 1.16581750780356E-10 	 0 
 4.36515832240188 	 1.21071935511964E-10 	 1.21071935511964E-10 	 2.58493941422821E-26 
 4.38530697775008 	 1.21606909439457E-10 	 1.21606909439457E-10 	 0 
 4.40554863506576 	 1.24055011912881E-10 	 1.24055011912881E-10 	 0 
 4.42588372362649 	 1.26729635190237E-10 	 1.26729635190237E-10 	 0 
 4.44631267469131 	 1.27983225899805E-10 	 1.27983225899805E-10 	 0 
 4.46683592150986 	 1.28635119708124E-10 	 1.28635119708124E-10 	 0 
 4.48745389933155 	 1.3442749793512E-10 	 1.3442749793512E-10 	 2.58493941422821E-26 
 4.50816704541483 	 1.35682161887989E-10 	 1.35682161887989E-10 	 0 
 4.52897579903644 	 1.36859053170072E-10 	 1.36859053170072E-10 	 0 
 4.54988060150072 	 1.43278395235983E-10 	 1.43278395235983E-10 	 0 
 4.57088189614898 	 1.4348233345276E-10 	 1.4348233345276E-10 	 0 
 4.59198012836892 	 1.45479558458051E-10 	 1.45479558458051E-10 	 0 
 4.61317574560403 	 1.5583129678202E-10 	 1.5583129678202E-10 	 2.58493941422821E-26 
 4.63446919736312 	 1.49966113414831E-10 	 1.49966113414831E-10 	 0 
 4.65586093522983 	 1.54001577539569E-10 	 1.54001577539569E-10 	 0 
 4.67735141287222 	 1.57371454547587E-10 	 1.57371454547587E-10 	 0 
 4.6989410860524 	 1.54470515434968E-10 	 1.54470515434969E-10 	-5.16987882845642E-26 
 4.72063041263615 	 1.5638783667177E-10 	 1.5638783667177E-10 	 0 
 4.74241985260269 	 1.58618396117812E-10 	 1.58618396117812E-10 	 0 
 4.7643098680544 	 1.55329815903092E-10 	 1.55329815903092E-10 	 0 
 4.78630092322663 	 1.56858337163925E-10 	 1.56858337163925E-10 	 2.58493941422821E-26 
 4.80839348449754 	 1.57662119377131E-10 	 1.57662119377131E-10 	 0 
 4.83058802039798 	 1.55179816966702E-10 	 1.55179816966702E-10 	 0 
 4.85288500162146 	 1.59669923836035E-10 	 1.59669923836035E-10 	 0 
 4.87528490103412 	 1.57303795566784E-10 	 1.57303795566784E-10 	 0 
 4.89778819368472 	 1.56642433180446E-10 	 1.56642433180446E-10 	 0 
 4.92039535681477 	 1.58481081089175E-10 	 1.58481081089175E-10 	 0 
 4.94310686986861 	 1.54408144373668E-10 	 1.54408144373668E-10 	 0 
 4.96592321450362 	 1.54773990692223E-10 	 1.54773990692223E-10 	 0 
 4.98884487460038 	 1.57763503184985E-10 	 1.57763503184985E-10 	 0 
 5.01187233627299 	 1.56802857133776E-10 	 1.56802857133776E-10 	 0 
 5.03500608787931 	 1.64080203619353E-10 	 1.64080203619353E-10 	-5.16987882845642E-26 
 5.05824662003141 	 1.60831383525452E-10 	 1.60831383525452E-10 	 0 
 5.08159442560587 	 1.61325514579236E-10 	 1.61325514579236E-10 	 0 
 5.10504999975433 	 1.67902185699092E-10 	 1.67902185699092E-10 	 2.58493941422821E-26 
 5.12861383991392 	 1.67566663517975E-10 	 1.67566663517975E-10 	 0 
 5.15228644581784 	 1.74356798090683E-10 	 1.74356798090683E-10 	 0 
 5.17606831950595 	 1.7637139683132E-10 	 1.7637139683132E-10 	 0 
 5.19995996533543 	 1.77120019925641E-10 	 1.77120019925641E-10 	 0 
 5.22396188999148 	 1.85279153105254E-10 	 1.85279153105254E-10 	 0 
 5.248074602498 	 1.85641655868347E-10 	 1.85641655868347E-10 	 0 
 5.27229861422851 	 1.91888584275664E-10 	 1.91888584275664E-10 	 2.58493941422821E-26 
 5.29663443891686 	 1.94194692990806E-10 	 1.94194692990806E-10 	-2.58493941422821E-26 
 5.32108259266823 	 1.93660812317562E-10 	 1.93660812317562E-10 	 5.16987882845642E-26 
 5.34564359397 	 2.00813095730055E-10 	 2.00813095730055E-10 	 0 
 5.37031796370281 	 2.00455720183327E-10 	 2.00455720183327E-10 	-5.16987882845642E-26 
 5.39510622515156 	 2.07412899411688E-10 	 2.07412899411688E-10 	-2.58493941422821E-26 
 5.42000890401653 	 2.04025543550811E-10 	 2.04025543550811E-10 	 0 
 5.4450265284245 	 2.01407306519942E-10 	 2.01407306519942E-10 	 0 
 5.47015962894001 	 2.06364422364201E-10 	 2.06364422364201E-10 	-2.58493941422821E-26 
 5.49540873857654 	 2.02406439323047E-10 	 2.02406439323047E-10 	 0 
 5.52077439280787 	 2.05996952005383E-10 	 2.05996952005383E-10 	-5.16987882845642E-26 
 5.54625712957941 	 2.03401819495811E-10 	 2.03401819495811E-10 	 7.75481824268463E-26 
 5.5718574893196 	 2.04255606708518E-10 	 2.04255606708518E-10 	 0 
 5.5975760149514 	 2.04192786572699E-10 	 2.04192786572699E-10 	 0 
 5.62341325190379 	 1.99841716547874E-10 	 1.99841716547874E-10 	 0 
 5.64936974812333 	 2.04990828725884E-10 	 2.04990828725884E-10 	 0 
 5.67544605408578 	 2.01835799001544E-10 	 2.01835799001544E-10 	-2.58493941422821E-26 
 5.70164272280778 	 2.0664529806418E-10 	 2.0664529806418E-10 	 0 
 5.7279603098586 	 2.11279648991845E-10 	 2.11279648991845E-10 	 0 
 5.75439937337188 	 2.09301850940553E-10 	 2.09301850940553E-10 	 5.16987882845642E-26 
 5.78096047405749 	 2.13587350050932E-10 	 2.13587350050932E-10 	 0 
 5.80764417521344 	 2.13239222325982E-10 	 2.13239222325982E-10 	 0 
 5.83445104273776 	 2.22324884349517E-10 	 2.22324884349517E-10 	 0 
 5.86138164514061 	 2.21947226739219E-10 	 2.21947226739219E-10 	 0 
 5.88843655355621 	 2.30476792779726E-10 	 2.30476792779726E-10 	 0 
 5.91561634175506 	 2.32325673411209E-10 	 2.32325673411209E-10 	-5.16987882845642E-26 
 5.94292158615605 	 2.38993280085262E-10 	 2.38993280085262E-10 	 0 
 5.9703528658387 	 2.42355152890845E-10 	 2.42355152890845E-10 	 5.16987882845642E-26 
 5.99791076255542 	 2.47983695361635E-10 	 2.47983695361635E-10 	-5.16987882845642E-26 
 6.02559586074391 	 2.50990597428318E-10 	 2.50990597428318E-10 	 0 
 6.05340874753947 	 2.5153720390561E-10 	 2.5153720390561E-10 	 0 
 6.08135001278751 	 2.57282189790827E-10 	 2.57282189790827E-10 	 0 
 6.10942024905606 	 2.54398429542251E-10 	 2.54398429542251E-10 	 5.16987882845642E-26 
 6.13762005164828 	 2.60483555805646E-10 	 2.60483555805646E-10 	-5.16987882845642E-26 
 6.16595001861516 	 2.57387812641394E-10 	 2.57387812641394E-10 	 0 
 6.19441075076816 	 2.6106728426843E-10 	 2.6106728426843E-10 	 0 
 6.22300285169194 	 2.55475620659822E-10 	 2.55475620659822E-10 	 1.03397576569128E-25 
 6.2517269277572 	 2.58752662841812E-10 	 2.58752662841812E-10 	 0 
 6.28058358813353 	 2.54729056029856E-10 	 2.54729056029856E-10 	 0 
 6.30957344480228 	 2.56011912168382E-10 	 2.56011912168382E-10 	 0 
 6.33869711256962 	 2.55110916153148E-10 	 2.55110916153148E-10 	 0 
 6.36795520907951 	 2.55639872756429E-10 	 2.55639872756429E-10 	 0 
 6.39734835482684 	 2.57894039286724E-10 	 2.57894039286724E-10 	-5.16987882845642E-26 
 6.42687717317055 	 2.58884578571536E-10 	 2.58884578571536E-10 	 0 
 6.45654229034692 	 2.63769089767196E-10 	 2.63769089767196E-10 	 0 
 6.48634433548275 	 2.65895025422381E-10 	 2.65895025422381E-10 	 5.16987882845642E-26 
 6.51628394060879 	 2.72721478919312E-10 	 2.72721478919312E-10 	 0 
 6.54636174067312 	 2.75894192853875E-10 	 2.75894192853875E-10 	-5.16987882845642E-26 
 6.57657837355457 	 2.83878093222208E-10 	 2.83878093222208E-10 	 0 
 6.60693448007633 	 2.87422812801831E-10 	 2.87422812801831E-10 	 5.16987882845642E-26 
 6.63743070401946 	 2.95698561925735E-10 	 2.95698561925735E-10 	 0 
 6.6680676921366 	 2.98755366362231E-10 	 2.98755366362231E-10 	 0 
 6.69884609416564 	 3.05722609224397E-10 	 3.05722609224397E-10 	 5.16987882845642E-26 
 6.72976656284356 	 3.08418328277588E-10 	 3.08418328277588E-10 	 0 
 6.7608297539202 	 3.12748152168428E-10 	 3.12748152168428E-10 	 0 
 6.79203632617223 	 3.15945402391535E-10 	 3.15945402391535E-10 	 5.16987882845642E-26 
 6.82338694141708 	 3.15975795570064E-10 	 3.15975795570064E-10 	 0 
 6.854882264527 	 3.22875366626859E-10 	 3.22875366626859E-10 	 0 
 6.88652296344315 	 3.15931469025022E-10 	 3.15931469025022E-10 	 0 
 6.91830970918976 	 3.19464501565091E-10 	 3.19464501565091E-10 	 0 
 6.95024317588836 	 3.14436307021848E-10 	 3.14436307021849E-10 	-1.03397576569128E-25 
 6.98232404077211 	 3.17327982178787E-10 	 3.17327982178787E-10 	 0 
 7.01455298420011 	 3.18691890391135E-10 	 3.18691890391135E-10 	 0 
 7.04693068967187 	 3.17349183414095E-10 	 3.17349183414095E-10 	 0 
 7.07945784384178 	 3.14481030404477E-10 	 3.14481030404477E-10 	 0 
 7.1121351365337 	 3.21355258351591E-10 	 3.21355258351591E-10 	 0 
 7.14496326075554 	 3.20335608609332E-10 	 3.20335608609332E-10 	-5.16987882845642E-26 
 7.17794291271403 	 3.29488127835241E-10 	 3.29488127835241E-10 	 0 
 7.21107479182941 	 3.32754829677962E-10 	 3.32754829677962E-10 	 1.03397576569128E-25 
 7.24435960075032 	 3.40753992589482E-10 	 3.40753992589482E-10 	 0 
 7.27779804536866 	 3.4943044798985E-10 	 3.4943044798985E-10 	 0 
 7.31139083483459 	 3.60237610495914E-10 	 3.60237610495914E-10 	 0 
 7.34513868157157 	 3.63524813519735E-10 	 3.63524813519735E-10 	 0 
 7.37904230129143 	 3.65587129169659E-10 	 3.65587129169659E-10 	 0 
 7.4131024130096 	 3.76195748053151E-10 	 3.76195748053151E-10 	 0 
 7.44731973906032 	 3.74525524474639E-10 	 3.74525524474639E-10 	 1.03397576569128E-25 
 7.48169500511198 	 3.81950823532102E-10 	 3.81950823532102E-10 	 5.16987882845642E-26 
 7.51622894018249 	 3.8206327465797E-10 	 3.8206327465797E-10 	 1.03397576569128E-25 
 7.55092227665478 	 3.82007691319543E-10 	 3.82007691319543E-10 	 0 
 7.58577575029228 	 3.82841054840572E-10 	 3.82841054840572E-10 	 1.03397576569128E-25 
 7.62079010025456 	 3.79096151097576E-10 	 3.79096151097576E-10 	 0 
 7.65596606911301 	 3.84781786135359E-10 	 3.84781786135359E-10 	 0 
 7.69130440286654 	 3.77913906814589E-10 	 3.77913906814589E-10 	 0 
 7.72680585095747 	 3.81712267534429E-10 	 3.81712267534429E-10 	 0 
 7.76247116628737 	 3.82680227783428E-10 	 3.82680227783428E-10 	 0 
 7.79830110523304 	 3.82774745452618E-10 	 3.82774745452618E-10 	 0 
 7.83429642766258 	 3.93542999995452E-10 	 3.93542999995452E-10 	 0 
 7.87045789695145 	 3.91562224894877E-10 	 3.91562224894877E-10 	 0 
 7.90678627999871 	 4.03255541334733E-10 	 4.03255541334733E-10 	 0 
 7.94328234724328 	 4.08537476771563E-10 	 4.08537476771563E-10 	-1.03397576569128E-25 
 7.97994687268023 	 4.1664545647738E-10 	 4.1664545647738E-10 	 0 
 8.01678063387726 	 4.32833249723472E-10 	 4.32833249723472E-10 	 0 
 8.05378441199114 	 4.31838601958593E-10 	 4.31838601958593E-10 	 0 
 8.0909589917843 	 4.42862450404762E-10 	 4.42862450404762E-10 	 0 
 8.12830516164147 	 4.44471969031956E-10 	 4.44471969031956E-10 	 0 
 8.1658237135864 	 4.49007464053335E-10 	 4.49007464053335E-10 	 0 
 8.20351544329867 	 4.5683142558763E-10 	 4.5683142558763E-10 	-5.16987882845642E-26 
 8.24138115013051 	 4.52071799048486E-10 	 4.52071799048486E-10 	 0 
 8.27942163712383 	 4.5382597102455E-10 	 4.5382597102455E-10 	 0 
 8.3176377110272 	 4.58970845445108E-10 	 4.58970845445108E-10 	 1.03397576569128E-25 
 8.35603018231298 	 4.51697197723746E-10 	 4.51697197723746E-10 	-1.03397576569128E-25 
 8.39459986519447 	 4.53331983728256E-10 	 4.53331983728256E-10 	 0 
 8.43334757764325 	 4.53872413983966E-10 	 4.53872413983966E-10 	 0 
 8.47227414140647 	 4.52127003138959E-10 	 4.52127003138959E-10 	 0 
 8.51138038202427 	 4.61452595496526E-10 	 4.61452595496526E-10 	 0 
 8.55066712884734 	 4.61352160484404E-10 	 4.61352160484404E-10 	 0 
 8.59013521505447 	 4.71090955297062E-10 	 4.71090955297062E-10 	 0 
 8.62978547767022 	 4.85059591475346E-10 	 4.85059591475346E-10 	 0 
 8.66961875758268 	 4.8747472381907E-10 	 4.8747472381907E-10 	 0 
 8.70963589956133 	 5.01201424504092E-10 	 5.01201424504092E-10 	 0 
 8.74983775227488 	 5.14228155851039E-10 	 5.14228155851039E-10 	-1.03397576569128E-25 
 8.79022516830937 	 5.14890549134607E-10 	 5.14890549134607E-10 	 0 
 8.83079900418616 	 5.25108632290794E-10 	 5.25108632290794E-10 	 0 
 8.87156012038014 	 5.32626531539909E-10 	 5.32626531539909E-10 	 0 
 8.91250938133799 	 5.28988991959461E-10 	 5.28988991959461E-10 	 1.03397576569128E-25 
 8.95364765549648 	 5.36506735812668E-10 	 5.36506735812668E-10 	 0 
 8.99497581530089 	 5.35140400659793E-10 	 5.35140400659793E-10 	 0 
 9.03649473722356 	 5.27318980216162E-10 	 5.27318980216162E-10 	 0 
 9.07820530178241 	 5.27233309681319E-10 	 5.27233309681319E-10 	-1.03397576569128E-25 
 9.12010839355965 	 5.334409346371E-10 	 5.334409346371E-10 	-1.03397576569128E-25 
 9.16220490122055 	 5.33864490155833E-10 	 5.33864490155833E-10 	-1.03397576569128E-25 
 9.20449571753227 	 5.33572327302984E-10 	 5.33572327302984E-10 	 1.03397576569128E-25 
 9.24698173938279 	 5.46462335071399E-10 	 5.46462335071399E-10 	 0 
 9.28966386779993 	 5.51940830697178E-10 	 5.51940830697178E-10 	 0 
 9.33254300797048 	 5.61251423207101E-10 	 5.61251423207101E-10 	 0 
 9.37562006925937 	 5.76665198911874E-10 	 5.76665198911874E-10 	 0 
 9.41889596522899 	 5.92578005389876E-10 	 5.92578005389876E-10 	 1.03397576569128E-25 
 9.46237161365851 	 5.99312632094875E-10 	 5.99312632094875E-10 	 0 
 9.50604793656339 	 6.04315676835445E-10 	 6.04315676835445E-10 	 0 
 9.54992586021494 	 6.14312693695963E-10 	 6.14312693695963E-10 	 0 
 9.59400631515992 	 6.15991099222123E-10 	 6.15991099222123E-10 	 0 
 9.63829023624029 	 6.14787832765608E-10 	 6.14787832765608E-10 	 2.06795153138257E-25 
 9.68277856261308 	 6.14998556165296E-10 	 6.14998556165296E-10 	 0 
 9.72747223777025 	 6.16212017271495E-10 	 6.16212017271495E-10 	 0 
 9.77237220955871 	 6.0938017969854E-10 	 6.0938017969854E-10 	 0 
 9.81747943020045 	 6.119359357001E-10 	 6.119359357001E-10 	 0 
 9.86279485631271 	 6.17089529931711E-10 	 6.17089529931711E-10 	 0 
 9.90831944892829 	 6.24997437404236E-10 	 6.24997437404236E-10 	 0 
 9.95405417351588 	 6.29742639346425E-10 	 6.29742639346425E-10 	 0 
 10.0000000000006 	 6.47351560089519E-10 	 6.47351560089519E-10 	 0 
******************************************

