MiePlot v4.6.18

Date & Time: 5/2/2021 18:51:44 

Calculation Method:         Mie (plane wave)

Graph type: Cext/Csca/Cabs v. radius

Refractive index (sphere) 	Real part: 	1.331721	Imaginary part: 	0
Refractive index (medium)	Real part: 	1	

Wavelength: 	0.70	 um

Radius (µm)	Cext m^2	Csca m^2	Cabs m^2
 0.1 	 2.02904551135712E-15 	 2.02904551135712E-15 	 0 
 0.10046157902784 	 2.08238029533991E-15 	 2.08238029533991E-15 	 0 
 0.100925288607668 	 2.13706141652794E-15 	 2.13706141652794E-15 	 0 
 0.101391138573668 	 2.19312047513941E-15 	 2.19312047513941E-15 	 0 
 0.101859138805412 	 2.25058971296461E-15 	 2.25058971296461E-15 	 3.94430452610506E-31 
 0.102329299228075 	 2.30950202233212E-15 	 2.30950202233212E-15 	-3.94430452610506E-31 
 0.102801629812647 	 2.36989095504266E-15 	 2.36989095504266E-15 	 0 
 0.10327614057614 	 2.43179073126442E-15 	 2.43179073126442E-15 	 0 
 0.103752841581801 	 2.4952362483832E-15 	 2.4952362483832E-15 	 0 
 0.10423174293933 	 2.56026308980127E-15 	 2.56026308980127E-15 	 0 
 0.10471285480509 	 2.62690753367849E-15 	 2.62690753367849E-15 	-3.94430452610506E-31 
 0.105196187382322 	 2.6952065616094E-15 	 2.6952065616094E-15 	 0 
 0.105681750921366 	 2.76519786723026E-15 	 2.76519786723026E-15 	-3.94430452610506E-31 
 0.106169555719873 	 2.83691986474989E-15 	 2.83691986474989E-15 	 0 
 0.106659612123026 	 2.91041169739866E-15 	 2.91041169739866E-15 	 1.18329135783152E-30 
 0.107151930523761 	 2.98571324578979E-15 	 2.98571324578979E-15 	 0 
 0.107646521362984 	 3.06286513618794E-15 	 3.06286513618794E-15 	 0 
 0.108143395129794 	 3.14190874867982E-15 	 3.14190874867982E-15 	 0 
 0.108642562361707 	 3.2228862252425E-15 	 3.2228862252425E-15 	-3.94430452610506E-31 
 0.109144033644876 	 3.30584047770497E-15 	 3.30584047770497E-15 	-3.94430452610506E-31 
 0.109647819614319 	 3.3908151955996E-15 	 3.3908151955996E-15 	 0 
 0.110153930954142 	 3.47785485390018E-15 	 3.47785485390018E-15 	-7.88860905221012E-31 
 0.110662378397767 	 3.56700472064443E-15 	 3.56700472064443E-15 	 0 
 0.111173172728159 	 3.65831086443893E-15 	 3.65831086443893E-15 	 7.88860905221012E-31 
 0.111686324778056 	 3.75182016184603E-15 	 3.75182016184603E-15 	 0 
 0.112201845430197 	 3.84758030465259E-15 	 3.84758030465258E-15 	 1.57772181044202E-30 
 0.112719745617551 	 3.94563980702149E-15 	 3.94563980702149E-15 	 0 
 0.113240036323556 	 4.04604801252855E-15 	 4.04604801252855E-15 	 0 
 0.113762728582343 	 4.14885510108764E-15 	 4.14885510108764E-15 	-7.88860905221012E-31 
 0.114287833478977 	 4.25411209576934E-15 	 4.25411209576934E-15 	 1.57772181044202E-30 
 0.114815362149688 	 4.36187086951877E-15 	 4.36187086951878E-15 	-7.88860905221012E-31 
 0.115345325782109 	 4.4721841517809E-15 	 4.4721841517809E-15 	 1.57772181044202E-30 
 0.115877735615513 	 4.58510553504218E-15 	 4.58510553504218E-15 	 0 
 0.116412602941049 	 4.70068948130057E-15 	 4.70068948130057E-15 	 1.57772181044202E-30 
 0.116949939101987 	 4.81899132847661E-15 	 4.81899132847661E-15 	-7.88860905221012E-31 
 0.117489755493953 	 4.94006729678141E-15 	 4.94006729678141E-15 	 0 
 0.118032063565173 	 5.06397449505939E-15 	 5.06397449505939E-15 	-1.57772181044202E-30 
 0.118576874816716 	 5.19077092712582E-15 	 5.19077092712582E-15 	 1.57772181044202E-30 
 0.119124200802738 	 5.32051549812235E-15 	 5.32051549812235E-15 	 0 
 0.119674053130725 	 5.45326802091627E-15 	 5.45326802091627E-15 	 0 
 0.120226443461742 	 5.58908922257237E-15 	 5.58908922257237E-15 	 1.57772181044202E-30 
 0.120781383510678 	 5.7280407509295E-15 	 5.7280407509295E-15 	 0 
 0.121338885046498 	 5.87018518131737E-15 	 5.87018518131737E-15 	-7.88860905221012E-31 
 0.121898959892487 	 6.01558602345304E-15 	 6.01558602345304E-15 	-1.57772181044202E-30 
 0.122461619926505 	 6.16430772855964E-15 	 6.16430772855964E-15 	 1.57772181044202E-30 
 0.123026877081238 	 6.31641569675539E-15 	 6.31641569675539E-15 	-1.57772181044202E-30 
 0.123594743344451 	 6.47197628476363E-15 	 6.47197628476363E-15 	 0 
 0.124165230759241 	 6.63105681400067E-15 	 6.63105681400067E-15 	 0 
 0.124738351424295 	 6.79372557910221E-15 	 6.79372557910221E-15 	 0 
 0.125314117494142 	 6.9600518569543E-15 	 6.9600518569543E-15 	-1.57772181044202E-30 
 0.125892541179417 	 7.13010591630058E-15 	 7.13010591630058E-15 	 1.57772181044202E-30 
 0.126473634747116 	 7.30395902800269E-15 	 7.30395902800269E-15 	 0 
 0.127057410520855 	 7.48168347603678E-15 	 7.48168347603678E-15 	 1.57772181044202E-30 
 0.127643880881135 	 7.66335256931521E-15 	 7.66335256931521E-15 	 1.57772181044202E-30 
 0.128233058265603 	 7.84904065442911E-15 	 7.84904065442911E-15 	 1.57772181044202E-30 
 0.128824955169314 	 8.03882312941382E-15 	 8.03882312941382E-15 	 0 
 0.129419584144999 	 8.23277645864635E-15 	 8.23277645864635E-15 	 3.15544362088405E-30 
 0.13001695780333 	 8.43097818899157E-15 	 8.43097818899157E-15 	 1.57772181044202E-30 
 0.130617088813185 	 8.63350696732069E-15 	 8.63350696732069E-15 	 1.57772181044202E-30 
 0.131219989901921 	 8.84044255953415E-15 	 8.84044255953415E-15 	 0 
 0.131825673855641 	 9.05186587122822E-15 	 9.05186587122822E-15 	 0 
 0.132434153519467 	 9.2678589701537E-15 	 9.2678589701537E-15 	-1.57772181044202E-30 
 0.13304544179781 	 9.48850511062343E-15 	 9.48850511062342E-15 	 1.57772181044202E-30 
 0.133659551654645 	 9.71388876003359E-15 	 9.71388876003359E-15 	 1.57772181044202E-30 
 0.134276496113787 	 9.94409562767369E-15 	 9.94409562767369E-15 	 0 
 0.134896288259166 	 1.01792126960086E-14 	 1.01792126960086E-14 	 0 
 0.135518941235104 	 1.04193282546258E-14 	 1.04193282546258E-14 	-1.57772181044202E-30 
 0.136144468246596 	 1.06645319370505E-14 	 1.06645319370505E-14 	 0 
 0.136772882559586 	 1.09149147606416E-14 	 1.09149147606416E-14 	 1.57772181044202E-30 
 0.137404197501252 	 1.11705691697891E-14 	 1.11705691697891E-14 	 0 
 0.138038426460289 	 1.14315890826482E-14 	 1.14315890826482E-14 	 0 
 0.138675582887189 	 1.16980699416491E-14 	 1.16980699416491E-14 	 1.57772181044202E-30 
 0.139315680294531 	 1.19701087680377E-14 	 1.19701087680377E-14 	 1.57772181044202E-30 
 0.139958732257262 	 1.22478042207079E-14 	 1.22478042207079E-14 	-1.57772181044202E-30 
 0.140604752412992 	 1.25312566595989E-14 	 1.25312566595989E-14 	-1.57772181044202E-30 
 0.141253754462276 	 1.28205682139393E-14 	 1.28205682139393E-14 	 0 
 0.14190575216891 	 1.31158428556312E-14 	 1.31158428556312E-14 	 1.57772181044202E-30 
 0.14256075936022 	 1.34171864780745E-14 	 1.34171864780745E-14 	 1.57772181044202E-30 
 0.143218789927355 	 1.37247069807434E-14 	 1.37247069807434E-14 	 0 
 0.143879857825585 	 1.4038514359835E-14 	 1.4038514359835E-14 	 0 
 0.144543977074593 	 1.43587208053174E-14 	 1.43587208053174E-14 	 0 
 0.145211161758775 	 1.46854408047146E-14 	 1.46854408047146E-14 	 0 
 0.145881426027536 	 1.50187912539706E-14 	 1.50187912539706E-14 	 0 
 0.146554784095592 	 1.53588915757448E-14 	 1.53588915757448E-14 	 3.15544362088405E-30 
 0.147231250243273 	 1.5705863845492E-14 	 1.5705863845492E-14 	-3.15544362088405E-30 
 0.147910838816822 	 1.60598329256915E-14 	 1.60598329256915E-14 	 0 
 0.148593564228701 	 1.64209266085862E-14 	 1.64209266085862E-14 	-3.15544362088405E-30 
 0.1492794409579 	 1.67892757678028E-14 	 1.67892757678028E-14 	 6.31088724176809E-30 
 0.149968483550238 	 1.71650145192197E-14 	 1.71650145192197E-14 	-3.15544362088405E-30 
 0.150660706618675 	 1.75482803914516E-14 	 1.75482803914516E-14 	 0 
 0.151356124843622 	 1.79392145063189E-14 	 1.79392145063189E-14 	-6.31088724176809E-30 
 0.15205475297325 	 1.83379617696636E-14 	 1.83379617696636E-14 	-3.15544362088405E-30 
 0.152756605823808 	 1.87446710728707E-14 	 1.87446710728707E-14 	 0 
 0.15346169827993 	 1.91594955054441E-14 	 1.91594955054441E-14 	 6.31088724176809E-30 
 0.154170045294957 	 1.95825925789768E-14 	 1.95825925789768E-14 	 0 
 0.154881661891249 	 2.00141244628429E-14 	 2.00141244628429E-14 	-9.46633086265214E-30 
 0.155596563160508 	 2.04542582319198E-14 	 2.04542582319198E-14 	-6.31088724176809E-30 
 0.156314764264096 	 2.09031661266363E-14 	 2.09031661266363E-14 	-3.15544362088405E-30 
 0.157036280433356 	 2.13610258256114E-14 	 2.13610258256114E-14 	 3.15544362088405E-30 
 0.157761126969936 	 2.18280207311313E-14 	 2.18280207311313E-14 	 0 
 0.158489319246112 	 2.23043402676746E-14 	 2.23043402676746E-14 	 0 
 0.159220872705118 	 2.27901801936655E-14 	 2.27901801936655E-14 	-3.15544362088405E-30 
 0.159955802861468 	 2.32857429265941E-14 	 2.32857429265941E-14 	-3.15544362088405E-30 
 0.160694125301289 	 2.37912378815986E-14 	 2.37912378815986E-14 	 0 
 0.16143585568265 	 2.4306881823555E-14 	 2.4306881823555E-14 	 0 
 0.162181009735894 	 2.48328992326629E-14 	 2.48328992326629E-14 	 0 
 0.162929603263973 	 2.5369522683457E-14 	 2.5369522683457E-14 	 1.26217744835362E-29 
 0.163681652142782 	 2.59169932371032E-14 	 2.59169932371032E-14 	 0 
 0.164437172321494 	 2.64755608467623E-14 	 2.64755608467623E-14 	 9.46633086265214E-30 
 0.165196179822903 	 2.70454847757257E-14 	 2.70454847757257E-14 	 0 
 0.165958690743757 	 2.76270340279298E-14 	 2.76270340279298E-14 	-9.46633086265214E-30 
 0.166724721255107 	 2.82204877903645E-14 	 2.82204877903645E-14 	-9.46633086265214E-30 
 0.167494287602645 	 2.88261358867751E-14 	 2.88261358867751E-14 	-6.31088724176809E-30 
 0.168267406107048 	 2.94442792419467E-14 	 2.94442792419467E-14 	 6.31088724176809E-30 
 0.169044093164328 	 3.00752303557296E-14 	 3.00752303557296E-14 	 6.31088724176809E-30 
 0.169824365246176 	 3.07193137858255E-14 	 3.07193137858255E-14 	-6.31088724176809E-30 
 0.170608238900314 	 3.13768666382112E-14 	 3.13768666382112E-14 	 0 
 0.171395730750844 	 3.20482390639145E-14 	 3.20482390639145E-14 	 0 
 0.172186857498602 	 3.27337947606867E-14 	 3.27337947606867E-14 	 0 
 0.172981635921511 	 3.34339114779391E-14 	 3.34339114779391E-14 	 0 
 0.173780082874939 	 3.41489815231114E-14 	 3.41489815231114E-14 	 0 
 0.174582215292052 	 3.48794122674416E-14 	 3.48794122674416E-14 	 6.31088724176809E-30 
 0.175388050184177 	 3.56256266488833E-14 	 3.56256266488833E-14 	 6.31088724176809E-30 
 0.176197604641164 	 3.63880636696966E-14 	 3.63880636696966E-14 	 6.31088724176809E-30 
 0.177010895831743 	 3.71671788859875E-14 	 3.71671788859875E-14 	-1.26217744835362E-29 
 0.177827941003894 	 3.79634448862298E-14 	 3.79634448862298E-14 	 0 
 0.178648757485206 	 3.87773517555341E-14 	 3.87773517555341E-14 	 0 
 0.179473362683254 	 3.96094075221596E-14 	 3.96094075221596E-14 	 6.31088724176809E-30 
 0.180301774085958 	 4.0460138582484E-14 	 4.0460138582484E-14 	 6.31088724176809E-30 
 0.181134009261962 	 4.13300901003551E-14 	 4.13300901003551E-14 	 0 
 0.181970085861 	 4.22198263764569E-14 	 4.22198263764569E-14 	 6.31088724176809E-30 
 0.182810021614276 	 4.31299311830205E-14 	 4.31299311830205E-14 	 0 
 0.183653834334836 	 4.40610080589119E-14 	 4.40610080589119E-14 	 6.31088724176809E-30 
 0.184501541917949 	 4.50136805598276E-14 	 4.50136805598276E-14 	 0 
 0.185353162341483 	 4.59885924580322E-14 	 4.59885924580322E-14 	 0 
 0.186208713666288 	 4.69864078857843E-14 	 4.69864078857843E-14 	-6.31088724176809E-30 
 0.187068214036582 	 4.80078114163206E-14 	 4.80078114163207E-14 	-6.31088724176809E-30 
 0.187931681680328 	 4.90535080760036E-14 	 4.90535080760036E-14 	 1.89326617253043E-29 
 0.188799134909631 	 5.01242232810041E-14 	 5.01242232810041E-14 	 0 
 0.189670592121116 	 5.12207026916733E-14 	 5.12207026916733E-14 	 6.31088724176809E-30 
 0.190546071796326 	 5.23437119775829E-14 	 5.23437119775829E-14 	 0 
 0.19142559250211 	 5.34940364860742E-14 	 5.34940364860742E-14 	 0 
 0.192309172891018 	 5.46724808070672E-14 	 5.46724808070672E-14 	-6.31088724176809E-30 
 0.193196831701694 	 5.58798682268504E-14 	 5.58798682268504E-14 	 6.31088724176809E-30 
 0.19408858775928 	 5.71170400636042E-14 	 5.71170400636042E-14 	-1.26217744835362E-29 
 0.194984459975806 	 5.83848548775224E-14 	 5.83848548775224E-14 	 0 
 0.195884467350601 	 5.96841875485875E-14 	 5.96841875485875E-14 	-1.26217744835362E-29 
 0.196788628970686 	 6.10159282153474E-14 	 6.10159282153474E-14 	-1.26217744835362E-29 
 0.197696964011188 	 6.23809810684389E-14 	 6.23809810684388E-14 	 1.26217744835362E-29 
 0.198609491735739 	 6.37802629931102E-14 	 6.37802629931102E-14 	-1.26217744835362E-29 
 0.19952623149689 	 6.52147020556417E-14 	 6.52147020556417E-14 	 1.26217744835362E-29 
 0.200447202736518 	 6.66852358293353E-14 	 6.66852358293353E-14 	 2.52435489670724E-29 
 0.201372424986241 	 6.81928095566717E-14 	 6.81928095566717E-14 	 0 
 0.202301917867829 	 6.97383741453131E-14 	 6.97383741453131E-14 	 0 
 0.203235701093624 	 7.1322883996876E-14 	 7.13228839968759E-14 	 1.26217744835362E-29 
 0.204173794466955 	 7.29472946688126E-14 	 7.29472946688126E-14 	 0 
 0.205116217882559 	 7.46125603713278E-14 	 7.46125603713278E-14 	 0 
 0.206062991327002 	 7.63196313030312E-14 	 7.63196313030312E-14 	 0 
 0.207014134879106 	 7.80694508309615E-14 	 7.80694508309615E-14 	-1.26217744835362E-29 
 0.207969668710372 	 7.98629525227389E-14 	 7.98629525227389E-14 	 0 
 0.208929613085406 	 8.17010570408873E-14 	 8.17010570408873E-14 	 1.26217744835362E-29 
 0.209893988362355 	 8.35846689117959E-14 	 8.35846689117959E-14 	 1.26217744835362E-29 
 0.210862814993331 	 8.55146731843748E-14 	 8.55146731843748E-14 	 0 
 0.211836113524852 	 8.74919319961475E-14 	 8.74919319961475E-14 	 0 
 0.212813904598273 	 8.95172810673103E-14 	 8.95172810673103E-14 	 0 
 0.213796208950225 	 9.15915261461407E-14 	 9.15915261461407E-14 	 0 
 0.214783047413056 	 9.37154394320128E-14 	 9.37154394320128E-14 	 0 
 0.215774440915269 	 9.5889756005138E-14 	 9.58897560051379E-14 	 2.52435489670724E-29 
 0.216770410481972 	 9.8115170294952E-14 	 9.8115170294952E-14 	 1.26217744835362E-29 
 0.217770977235318 	 1.00392332621762E-13 	 1.00392332621762E-13 	 0 
 0.218776162394958 	 1.02721845848783E-13 	 1.02721845848783E-13 	 0 
 0.219785987278485 	 1.05104262184007E-13 	 1.05104262184007E-13 	 0 
 0.220800473301892 	 1.07540080173339E-13 	 1.07540080173339E-13 	 0 
 0.221819641980024 	 1.10029741928125E-13 	 1.10029741928125E-13 	 1.26217744835362E-29 
 0.222843514927033 	 1.12573630631427E-13 	 1.12573630631427E-13 	 0 
 0.223872113856836 	 1.15172068368212E-13 	 1.15172068368212E-13 	 0 
 0.224905460583581 	 1.17825314324852E-13 	 1.17825314324852E-13 	 0 
 0.2259435770221 	 1.20533563403041E-13 	 1.20533563403041E-13 	 0 
 0.226986485188385 	 1.23296945292261E-13 	 1.23296945292261E-13 	 0 
 0.228034207200044 	 1.26115524043358E-13 	 1.26115524043358E-13 	-2.52435489670724E-29 
 0.22908676527678 	 1.2898929818347E-13 	 1.2898929818347E-13 	 0 
 0.230144181740853 	 1.31918201409604E-13 	 1.31918201409604E-13 	 2.52435489670724E-29 
 0.231206479017562 	 1.34902103894429E-13 	 1.34902103894429E-13 	-2.52435489670724E-29 
 0.232273679635713 	 1.37940814233576E-13 	 1.37940814233576E-13 	 0 
 0.233345806228103 	 1.4103408205864E-13 	 1.4103408205864E-13 	 0 
 0.234422881531995 	 1.44181601334586E-13 	 1.44181601334586E-13 	 0 
 0.235504928389604 	 1.47383014354064E-13 	 1.47383014354064E-13 	 0 
 0.236591969748579 	 1.50637916434614E-13 	 1.50637916434614E-13 	 0 
 0.23768402866249 	 1.53945861317804E-13 	 1.53945861317804E-13 	 0 
 0.238781128291321 	 1.57306367262199E-13 	 1.57306367262199E-13 	 0 
 0.239883291901952 	 1.6071892381477E-13 	 1.6071892381477E-13 	 0 
 0.240990542868662 	 1.64182999238062E-13 	 1.64182999238062E-13 	 5.04870979341448E-29 
 0.242102904673621 	 1.67698048563331E-13 	 1.67698048563331E-13 	 0 
 0.243220400907384 	 1.71263522232948E-13 	 1.71263522232948E-13 	-5.04870979341448E-29 
 0.2443430552694 	 1.74878875288901E-13 	 1.74878875288901E-13 	 0 
 0.245470891568506 	 1.78543577058258E-13 	 1.78543577058258E-13 	 0 
 0.246603933723437 	 1.8225712128109E-13 	 1.8225712128109E-13 	 0 
 0.247742205763332 	 1.86019036621745E-13 	 1.86019036621745E-13 	 2.52435489670724E-29 
 0.248885731828242 	 1.89828897500478E-13 	 1.89828897500479E-13 	-5.04870979341448E-29 
 0.250034536169646 	 1.93686335179476E-13 	 1.93686335179476E-13 	 0 
 0.251188643150961 	 1.97591049035151E-13 	 1.97591049035151E-13 	 0 
 0.252348077248061 	 2.01542817947332E-13 	 2.01542817947332E-13 	 0 
 0.253512863049794 	 2.05541511735544E-13 	 2.05541511735544E-13 	-5.04870979341448E-29 
 0.254683025258507 	 2.09587102572951E-13 	 2.09587102572951E-13 	-5.04870979341448E-29 
 0.255858588690568 	 2.13679676309657E-13 	 2.13679676309657E-13 	-5.04870979341448E-29 
 0.25703957827689 	 2.178194436387E-13 	 2.178194436387E-13 	-5.04870979341448E-29 
 0.258226019063463 	 2.22006751040356E-13 	 2.22006751040356E-13 	 5.04870979341448E-29 
 0.259417936211885 	 2.26242091442864E-13 	 2.26242091442864E-13 	 0 
 0.260615354999893 	 2.30526114540405E-13 	 2.30526114540405E-13 	 5.04870979341448E-29 
 0.261818300821902 	 2.34859636711959E-13 	 2.34859636711959E-13 	 0 
 0.263026799189542 	 2.39243650487196E-13 	 2.39243650487196E-13 	 5.04870979341448E-29 
 0.264240875732198 	 2.43679333507793E-13 	 2.43679333507793E-13 	 0 
 0.265460556197557 	 2.4816805693431E-13 	 2.4816805693431E-13 	-5.04870979341448E-29 
 0.266685866452151 	 2.52711393249683E-13 	 2.52711393249683E-13 	 0 
 0.267916832481907 	 2.57311123410625E-13 	 2.57311123410625E-13 	 0 
 0.269153480392695 	 2.61969243297263E-13 	 2.61969243297263E-13 	-5.04870979341448E-29 
 0.270395836410888 	 2.66687969409446E-13 	 2.66687969409446E-13 	 5.04870979341448E-29 
 0.271643926883912 	 2.7146974375488E-13 	 2.7146974375488E-13 	 0 
 0.272897778280808 	 2.76317237869818E-13 	 2.76317237869818E-13 	 0 
 0.274157417192792 	 2.81233355907221E-13 	 2.81233355907221E-13 	 5.04870979341448E-29 
 0.27542287033382 	 2.86221236720277E-13 	 2.86221236720277E-13 	 0 
 0.276694164541155 	 2.91284254860879E-13 	 2.91284254860879E-13 	-5.04870979341448E-29 
 0.277971326775933 	 2.96426020403302E-13 	 2.96426020403302E-13 	 1.0097419586829E-28 
 0.279254384123738 	 3.016503774931E-13 	 3.016503774931E-13 	-5.04870979341448E-29 
 0.280543363795175 	 3.0696140151025E-13 	 3.0696140151025E-13 	 0 
 0.281838293126449 	 3.12363394724366E-13 	 3.12363394724366E-13 	 5.04870979341448E-29 
 0.283139199579942 	 3.17860880308552E-13 	 3.17860880308552E-13 	 0 
 0.284446110744796 	 3.23458594567747E-13 	 3.23458594567747E-13 	 0 
 0.285759054337499 	 3.29161477227836E-13 	 3.29161477227836E-13 	 0 
 0.287078058202473 	 3.34974659623835E-13 	 3.34974659623835E-13 	 0 
 0.288403150312665 	 3.40903450620082E-13 	 3.40903450620082E-13 	 0 
 0.289734358770136 	 3.46953320093116E-13 	 3.46953320093116E-13 	 0 
 0.291071711806665 	 3.5312987980999E-13 	 3.5312987980999E-13 	 0 
 0.292415237784338 	 3.59438861541813E-13 	 3.59438861541813E-13 	 0 
 0.293764965196157 	 3.65886092265642E-13 	 3.65886092265642E-13 	 0 
 0.295120922666643 	 3.72477466328197E-13 	 3.72477466328197E-13 	 0 
 0.296483138952439 	 3.79218914473494E-13 	 3.79218914473494E-13 	-1.0097419586829E-28 
 0.297851642942923 	 3.86116369674221E-13 	 3.86116369674221E-13 	 0 
 0.299226463660823 	 3.93175729754337E-13 	 3.93175729754337E-13 	-1.0097419586829E-28 
 0.300607630262828 	 4.00402816848721E-13 	 4.00402816848721E-13 	 0 
 0.301995172040206 	 4.07803333815039E-13 	 4.07803333815039E-13 	 0 
 0.303389118419432 	 4.15382817793436E-13 	 4.15382817793436E-13 	-5.04870979341448E-29 
 0.304789498962803 	 4.23146591200857E-13 	 4.23146591200857E-13 	 0 
 0.306196343369072 	 4.31099710547841E-13 	 4.31099710547841E-13 	-5.04870979341448E-29 
 0.307609681474075 	 4.39246913575069E-13 	 4.39246913575069E-13 	-5.04870979341448E-29 
 0.309029543251364 	 4.4759256532259E-13 	 4.4759256532259E-13 	 0 
 0.31045595881284 	 4.56140603863663E-13 	 4.56140603863663E-13 	 1.0097419586829E-28 
 0.311888958409398 	 4.64894486553916E-13 	 4.64894486553916E-13 	-1.0097419586829E-28 
 0.313328572431563 	 4.73857137760618E-13 	 4.73857137760618E-13 	 2.01948391736579E-28 
 0.314774831410136 	 4.83030899141346E-13 	 4.83030899141346E-13 	 0 
 0.316227766016843 	 4.92417483630709E-13 	 4.92417483630709E-13 	 0 
 0.317687407064982 	 5.02017934361991E-13 	 5.02017934361991E-13 	 0 
 0.319153785510081 	 5.11832589791939E-13 	 5.11832589791939E-13 	 0 
 0.320626932450552 	 5.21861056305416E-13 	 5.21861056305416E-13 	-1.0097419586829E-28 
 0.322106879128349 	 5.32102189547382E-13 	 5.32102189547382E-13 	 0 
 0.323593656929633 	 5.42554085658455E-13 	 5.42554085658455E-13 	 0 
 0.32508729738544 	 5.53214083474383E-13 	 5.53214083474383E-13 	 0 
 0.326587832172341 	 5.64078778588407E-13 	 5.64078778588407E-13 	 0 
 0.328095293113124 	 5.75144049969759E-13 	 5.75144049969759E-13 	 0 
 0.329609712177463 	 5.86405099585156E-13 	 5.86405099585156E-13 	 0 
 0.331131121482596 	 5.97856505189067E-13 	 5.97856505189067E-13 	 0 
 0.33265955329401 	 6.09492286141235E-13 	 6.09492286141235E-13 	 1.0097419586829E-28 
 0.33419504002612 	 6.21305981786959E-13 	 6.2130598178696E-13 	-1.0097419586829E-28 
 0.33573761424296 	 6.33290741609214E-13 	 6.33290741609214E-13 	-1.0097419586829E-28 
 0.337287308658874 	 6.45439426045313E-13 	 6.45439426045313E-13 	 0 
 0.338844156139208 	 6.57744716568038E-13 	 6.57744716568038E-13 	 0 
 0.340408189701007 	 6.70199233375387E-13 	 6.70199233375387E-13 	 1.0097419586829E-28 
 0.341979442513714 	 6.82795658826131E-13 	 6.82795658826131E-13 	 0 
 0.34355794789988 	 6.95526864610049E-13 	 6.95526864610049E-13 	 0 
 0.345143739335862 	 7.08386040558765E-13 	 7.08386040558765E-13 	 0 
 0.346736850452537 	 7.21366822989073E-13 	 7.21366822989073E-13 	 0 
 0.348337315036018 	 7.34463420525058E-13 	 7.34463420525058E-13 	 1.0097419586829E-28 
 0.349945167028363 	 7.47670735464123E-13 	 7.47670735464123E-13 	 0 
 0.351560440528304 	 7.60984478927361E-13 	 7.60984478927361E-13 	 0 
 0.353183169791963 	 7.74401278255663E-13 	 7.74401278255663E-13 	 0 
 0.354813389233581 	 7.87918775365985E-13 	 7.87918775365985E-13 	 0 
 0.35645113342625 	 8.01535715052169E-13 	 8.01535715052169E-13 	 0 
 0.358096437102642 	 8.1525202248558E-13 	 8.1525202248558E-13 	 2.01948391736579E-28 
 0.359749335155748 	 8.29068869426798E-13 	 8.29068869426797E-13 	 2.01948391736579E-28 
 0.36140986263962 	 8.42988728885519E-13 	 8.42988728885519E-13 	 0 
 0.363078054770108 	 8.57015418148932E-13 	 8.57015418148932E-13 	 0 
 0.364753946925614 	 8.71154130227945E-13 	 8.71154130227945E-13 	 0 
 0.36643757464784 	 8.85411453838181E-13 	 8.85411453838181E-13 	 0 
 0.368128973642538 	 8.99795382033753E-13 	 8.99795382033753E-13 	 0 
 0.369828179780273 	 9.14315309545224E-13 	 9.14315309545224E-13 	 0 
 0.371535229097179 	 9.28982018740821E-13 	 9.28982018740821E-13 	 0 
 0.373250157795727 	 9.43807653937444E-13 	 9.43807653937444E-13 	 0 
 0.37497300224549 	 9.58805683544043E-13 	 9.58805683544043E-13 	 2.01948391736579E-28 
 0.376703798983916 	 9.73990849236412E-13 	 9.73990849236412E-13 	 0 
 0.3784425847171 	 9.89379101054746E-13 	 9.89379101054746E-13 	-2.01948391736579E-28 
 0.380189396320568 	 1.00498751700155E-12 	 1.00498751700155E-12 	 0 
 0.381944270840053 	 1.0208342054193E-12 	 1.0208342054193E-12 	 2.01948391736579E-28 
 0.383707245492286 	 1.03693818816939E-12 	 1.03693818816939E-12 	-2.01948391736579E-28 
 0.385478357665779 	 1.0533192624437E-12 	 1.0533192624437E-12 	 0 
 0.387257644921624 	 1.06999783894933E-12 	 1.06999783894933E-12 	 0 
 0.389045144994288 	 1.08699475424769E-12 	 1.08699475424769E-12 	 0 
 0.390840895792409 	 1.10433105523762E-12 	 1.10433105523762E-12 	 0 
 0.392644935399607 	 1.12202775418297E-12 	 1.12202775418297E-12 	 2.01948391736579E-28 
 0.394457302075286 	 1.14010555333265E-12 	 1.14010555333265E-12 	 0 
 0.396278034255447 	 1.15858453909469E-12 	 1.15858453909469E-12 	 0 
 0.398107170553505 	 1.17748384692642E-12 	 1.17748384692642E-12 	 0 
 0.399944749761105 	 1.1968212995987E-12 	 1.1968212995987E-12 	 2.01948391736579E-28 
 0.401790810848947 	 1.21661302327318E-12 	 1.21661302327318E-12 	 0 
 0.403645392967613 	 1.23687304786246E-12 	 1.23687304786246E-12 	 0 
 0.405508535448391 	 1.25761290036112E-12 	 1.25761290036111E-12 	 2.01948391736579E-28 
 0.40738027780412 	 1.27884120214016E-12 	 1.27884120214016E-12 	 0 
 0.409260659730019 	 1.30056328345547E-12 	 1.30056328345547E-12 	 0 
 0.41114972110453 	 1.32278083046024E-12 	 1.32278083046024E-12 	 0 
 0.413047501990169 	 1.34549158163342E-12 	 1.34549158163342E-12 	 0 
 0.414954042634371 	 1.36868909152258E-12 	 1.36868909152258E-12 	 4.03896783473158E-28 
 0.416869383470343 	 1.39236257983345E-12 	 1.39236257983345E-12 	 4.03896783473158E-28 
 0.418793565117926 	 1.41649688298529E-12 	 1.41649688298529E-12 	 0 
 0.420726628384452 	 1.4410725231481E-12 	 1.4410725231481E-12 	 2.01948391736579E-28 
 0.422668614265611 	 1.46606590642009E-12 	 1.46606590642009E-12 	 0 
 0.424619563946321 	 1.49144965723265E-12 	 1.49144965723265E-12 	 0 
 0.426579518801601 	 1.51719309044593E-12 	 1.51719309044593E-12 	 0 
 0.428548520397448 	 1.54326281621017E-12 	 1.54326281621017E-12 	 0 
 0.430526610491719 	 1.56962346591893E-12 	 1.56962346591893E-12 	 0 
 0.432513831035017 	 1.59623852095885E-12 	 1.59623852095885E-12 	 0 
 0.43451022417158 	 1.62307121999656E-12 	 1.62307121999656E-12 	 4.03896783473158E-28 
 0.436515832240175 	 1.65008551575068E-12 	 1.65008551575068E-12 	 4.03896783473158E-28 
 0.438530697774994 	 1.67724704901088E-12 	 1.67724704901088E-12 	 4.03896783473158E-28 
 0.440554863506562 	 1.70452410639271E-12 	 1.70452410639271E-12 	 0 
 0.442588372362635 	 1.73188852908497E-12 	 1.73188852908497E-12 	 2.01948391736579E-28 
 0.444631267469118 	 1.75931654259304E-12 	 1.75931654259304E-12 	 0 
 0.446683592150972 	 1.78678948195324E-12 	 1.78678948195324E-12 	 0 
 0.448745389933141 	 1.81429439267776E-12 	 1.81429439267776E-12 	 0 
 0.450816704541469 	 1.84182449426289E-12 	 1.84182449426289E-12 	 0 
 0.45289757990363 	 1.86937949988223E-12 	 1.86937949988223E-12 	 0 
 0.454988060150058 	 1.89696579232959E-12 	 1.89696579232959E-12 	 0 
 0.457088189614884 	 1.9245964618792E-12 	 1.9245964618792E-12 	 0 
 0.459198012836878 	 1.95229121611099E-12 	 1.95229121611099E-12 	 0 
 0.461317574560389 	 1.98007617465363E-12 	 1.98007617465363E-12 	 0 
 0.463446919736298 	 2.00798356311747E-12 	 2.00798356311747E-12 	 0 
 0.465586093522969 	 2.0360513202406E-12 	 2.0360513202406E-12 	 0 
 0.467735141287208 	 2.06432263058396E-12 	 2.06432263058396E-12 	 4.03896783473158E-28 
 0.469894108605225 	 2.09284539219877E-12 	 2.09284539219877E-12 	 0 
 0.4720630412636 	 2.12167162482912E-12 	 2.12167162482912E-12 	 4.03896783473158E-28 
 0.474241985260255 	 2.15085681972441E-12 	 2.15085681972441E-12 	 0 
 0.476430986805426 	 2.18045922737452E-12 	 2.18045922737452E-12 	 0 
 0.478630092322648 	 2.21053907483038E-12 	 2.21053907483038E-12 	 0 
 0.480839348449739 	 2.2411577001583E-12 	 2.2411577001583E-12 	 0 
 0.483058802039783 	 2.27237658846875E-12 	 2.27237658846875E-12 	 0 
 0.485288500162131 	 2.30425629239151E-12 	 2.30425629239151E-12 	-4.03896783473158E-28 
 0.487528490103397 	 2.33685522042696E-12 	 2.33685522042696E-12 	 0 
 0.489778819368457 	 2.37022827992701E-12 	 2.37022827992701E-12 	 0 
 0.492039535681461 	 2.40442536818428E-12 	 2.40442536818428E-12 	 0 
 0.494310686986846 	 2.43948971580162E-12 	 2.43948971580162E-12 	 4.03896783473158E-28 
 0.496592321450347 	 2.4754561015398E-12 	 2.4754561015398E-12 	 4.03896783473158E-28 
 0.498884487460023 	 2.51234897720265E-12 	 2.51234897720265E-12 	 0 
 0.501187233627283 	 2.55018056425582E-12 	 2.55018056425582E-12 	 0 
 0.503500608787916 	 2.58894900946213E-12 	 2.58894900946213E-12 	 8.07793566946316E-28 
 0.505824662003125 	 2.62863671260691E-12 	 2.62863671260691E-12 	 0 
 0.508159442560572 	 2.66920896216617E-12 	 2.66920896216617E-12 	 4.03896783473158E-28 
 0.510504999975417 	 2.71061303050453E-12 	 2.71061303050453E-12 	 0 
 0.512861383991376 	 2.75277788442262E-12 	 2.75277788442262E-12 	 0 
 0.515228644581768 	 2.79561465541559E-12 	 2.79561465541559E-12 	 8.07793566946316E-28 
 0.517606831950579 	 2.83901798384442E-12 	 2.83901798384442E-12 	 0 
 0.519995996533527 	 2.88286830153783E-12 	 2.88286830153783E-12 	 0 
 0.522396188999131 	 2.92703505034749E-12 	 2.92703505034749E-12 	 0 
 0.524807460249784 	 2.97138075553146E-12 	 2.97138075553146E-12 	 0 
 0.527229861422834 	 3.01576579134289E-12 	 3.01576579134289E-12 	 8.07793566946316E-28 
 0.52966344389167 	 3.06005360267714E-12 	 3.06005360267714E-12 	 0 
 0.532108259266806 	 3.10411609209742E-12 	 3.10411609209742E-12 	 0 
 0.534564359396984 	 3.14783885503413E-12 	 3.14783885503413E-12 	 0 
 0.537031796370265 	 3.19112595247186E-12 	 3.19112595247186E-12 	 4.03896783473158E-28 
 0.53951062251514 	 3.23390394979917E-12 	 3.23390394979917E-12 	 4.03896783473158E-28 
 0.542000890401636 	 3.27612501715843E-12 	 3.27612501715843E-12 	 0 
 0.544502652842433 	 3.31776897078422E-12 	 3.31776897078422E-12 	 0 
 0.547015962893984 	 3.35884422436112E-12 	 3.35884422436112E-12 	 0 
 0.549540873857637 	 3.39938770231773E-12 	 3.39938770231773E-12 	 0 
 0.55207743928077 	 3.4394638333055E-12 	 3.43946383330551E-12 	-8.07793566946316E-28 
 0.554625712957923 	 3.47916278552227E-12 	 3.47916278552227E-12 	 0 
 0.557185748931943 	 3.51859812366739E-12 	 3.51859812366739E-12 	 0 
 0.559757601495123 	 3.55790406140704E-12 	 3.55790406140704E-12 	 0 
 0.562341325190362 	 3.59723245719528E-12 	 3.59723245719528E-12 	 4.03896783473158E-28 
 0.564936974812316 	 3.63674966053317E-12 	 3.63674966053317E-12 	 0 
 0.56754460540856 	 3.67663326607395E-12 	 3.67663326607395E-12 	 0 
 0.570164272280761 	 3.71706877990599E-12 	 3.71706877990599E-12 	 0 
 0.572796030985843 	 3.75824615076011E-12 	 3.75824615076011E-12 	 0 
 0.57543993733717 	 3.80035607316456E-12 	 3.80035607316456E-12 	 8.07793566946316E-28 
 0.578096047405732 	 3.84358593396271E-12 	 3.84358593396271E-12 	 8.07793566946316E-28 
 0.580764417521326 	 3.88811525280759E-12 	 3.88811525280759E-12 	 0 
 0.583445104273759 	 3.93411046690047E-12 	 3.93411046690047E-12 	 0 
 0.586138164514043 	 3.98171893718842E-12 	 3.98171893718842E-12 	 0 
 0.588843655355603 	 4.03106211518343E-12 	 4.03106211518343E-12 	 0 
 0.591561634175488 	 4.08222791385701E-12 	 4.08222791385701E-12 	 0 
 0.594292158615587 	 4.13526247729469E-12 	 4.13526247729469E-12 	 0 
 0.597035286583851 	 4.19016174015317E-12 	 4.19016174015317E-12 	 0 
 0.599791076255524 	 4.24686339670449E-12 	 4.24686339670449E-12 	 8.07793566946316E-28 
 0.602559586074372 	 4.30524013239521E-12 	 4.30524013239521E-12 	 0 
 0.605340874753928 	 4.36509516312751E-12 	 4.36509516312751E-12 	 0 
 0.608135001278733 	 4.426161219236E-12 	 4.426161219236E-12 	 1.61558713389263E-27 
 0.610942024905587 	 4.48810403864065E-12 	 4.48810403864065E-12 	 8.07793566946316E-28 
 0.613762005164809 	 4.55053114728424E-12 	 4.55053114728424E-12 	 0 
 0.616595001861497 	 4.61300619220021E-12 	 4.61300619220021E-12 	 0 
 0.619441075076797 	 4.675068398025E-12 	 4.675068398025E-12 	 0 
 0.622300285169175 	 4.73625594968469E-12 	 4.73625594968469E-12 	 0 
 0.625172692775701 	 4.79613141831837E-12 	 4.79613141831837E-12 	 0 
 0.628058358813333 	 4.85430690896135E-12 	 4.85430690896135E-12 	 0 
 0.630957344480209 	 4.91046653914169E-12 	 4.91046653914169E-12 	 0 
 0.633869711256943 	 4.96438419272041E-12 	 4.96438419272041E-12 	-8.07793566946316E-28 
 0.636795520907932 	 5.01593516503267E-12 	 5.01593516503267E-12 	 0 
 0.639734835482664 	 5.06510117181537E-12 	 5.06510117181537E-12 	 0 
 0.642687717317036 	 5.11196904795511E-12 	 5.11196904795511E-12 	 0 
 0.645654229034672 	 5.15672414577409E-12 	 5.15672414577409E-12 	 0 
 0.648634433548255 	 5.19963985228707E-12 	 5.19963985228707E-12 	 0 
 0.651628394060859 	 5.24106475449453E-12 	 5.24106475449453E-12 	 0 
 0.654636174067291 	 5.28140883156005E-12 	 5.28140883156005E-12 	 1.61558713389263E-27 
 0.657657837355437 	 5.32112972155959E-12 	 5.32112972155959E-12 	 0 
 0.660693448007613 	 5.36071968601658E-12 	 5.36071968601658E-12 	-1.61558713389263E-27 
 0.663743070401926 	 5.40069345203516E-12 	 5.40069345203516E-12 	 0 
 0.666806769213639 	 5.44157670092455E-12 	 5.44157670092455E-12 	 0 
 0.669884609416543 	 5.48389462369437E-12 	 5.48389462369437E-12 	 1.61558713389263E-27 
 0.672976656284335 	 5.52815969522041E-12 	 5.52815969522041E-12 	 0 
 0.676082975391999 	 5.57485764793681E-12 	 5.57485764793681E-12 	 0 
 0.679203632617202 	 5.62443058299635E-12 	 5.62443058299635E-12 	 0 
 0.682338694141687 	 5.67725629406888E-12 	 5.67725629406888E-12 	 0 
 0.685488226452679 	 5.73362327140595E-12 	 5.73362327140595E-12 	 0 
 0.688652296344294 	 5.79370158687878E-12 	 5.79370158687878E-12 	 0 
 0.691830970918955 	 5.85751099632229E-12 	 5.85751099632229E-12 	 0 
 0.695024317588815 	 5.92488911300981E-12 	 5.92488911300981E-12 	 0 
 0.69823240407719 	 5.9954642249921E-12 	 5.9954642249921E-12 	 0 
 0.70145529841999 	 6.06863884385511E-12 	 6.06863884385511E-12 	 0 
 0.704693068967165 	 6.14359075663101E-12 	 6.14359075663101E-12 	 0 
 0.707945784384156 	 6.21929749970202E-12 	 6.21929749970202E-12 	 8.07793566946316E-28 
 0.711213513653348 	 6.29458730296628E-12 	 6.29458730296628E-12 	 8.07793566946316E-28 
 0.714496326075532 	 6.36821479749363E-12 	 6.36821479749363E-12 	-1.61558713389263E-27 
 0.717794291271381 	 6.43895413930109E-12 	 6.43895413930109E-12 	 0 
 0.721107479182919 	 6.50569739528084E-12 	 6.50569739528084E-12 	 1.61558713389263E-27 
 0.724435960075009 	 6.56754387081061E-12 	 6.56754387081061E-12 	 0 
 0.727779804536843 	 6.62386755309854E-12 	 6.62386755309854E-12 	 0 
 0.731139083483437 	 6.67435464253443E-12 	 6.67435464253443E-12 	 0 
 0.734513868157135 	 6.71900961652656E-12 	 6.71900961652656E-12 	 0 
 0.737904230129121 	 6.75813428770703E-12 	 6.75813428770703E-12 	 8.07793566946316E-28 
 0.741310241300937 	 6.79228821066693E-12 	 6.79228821066693E-12 	 0 
 0.744731973906009 	 6.82223993083011E-12 	 6.82223993083011E-12 	-1.61558713389263E-27 
 0.748169500511175 	 6.84891734841727E-12 	 6.84891734841727E-12 	 0 
 0.751622894018226 	 6.87336284890799E-12 	 6.87336284890799E-12 	 0 
 0.755092227665454 	 6.8966958247754E-12 	 6.8966958247754E-12 	 0 
 0.758577575029204 	 6.92008247383915E-12 	 6.92008247383915E-12 	 0 
 0.762079010025433 	 6.94471061275871E-12 	 6.94471061275871E-12 	 0 
 0.765596606911277 	 6.9717657065056E-12 	 6.9717657065056E-12 	 0 
 0.769130440286631 	 7.00240328413953E-12 	 7.00240328413953E-12 	 0 
 0.772680585095723 	 7.03771233628843E-12 	 7.03771233628843E-12 	 0 
 0.776247116628713 	 7.0786643070125E-12 	 7.0786643070125E-12 	 0 
 0.77983011052328 	 7.12604331920288E-12 	 7.12604331920288E-12 	-8.07793566946316E-28 
 0.783429642766233 	 7.18035601137084E-12 	 7.18035601137084E-12 	-1.61558713389263E-27 
 0.78704578969512 	 7.24172462547648E-12 	 7.24172462547648E-12 	 0 
 0.790678627999847 	 7.30977518814117E-12 	 7.30977518814117E-12 	 0 
 0.794328234724304 	 7.38354291318468E-12 	 7.38354291318468E-12 	 0 
 0.797994687267999 	 7.46142620483429E-12 	 7.46142620483429E-12 	 0 
 0.801678063387701 	 7.54122328323719E-12 	 7.54122328323719E-12 	 1.61558713389263E-27 
 0.805378441199089 	 7.62027531804889E-12 	 7.62027531804889E-12 	 0 
 0.809095899178405 	 7.69571464435547E-12 	 7.69571464435547E-12 	 0 
 0.812830516164122 	 7.76478220586958E-12 	 7.76478220586958E-12 	-1.61558713389263E-27 
 0.816582371358615 	 7.82514958118927E-12 	 7.82514958118927E-12 	 0 
 0.820351544329841 	 7.87517385718864E-12 	 7.87517385718864E-12 	 0 
 0.824138115013026 	 7.91403426399479E-12 	 7.91403426399479E-12 	 0 
 0.827942163712358 	 7.94173830974306E-12 	 7.94173830974306E-12 	 1.61558713389263E-27 
 0.831763771102695 	 7.95902306471412E-12 	 7.95902306471412E-12 	 1.61558713389263E-27 
 0.835603018231272 	 7.96719841644586E-12 	 7.96719841644586E-12 	 1.61558713389263E-27 
 0.839459986519421 	 7.96797949403897E-12 	 7.96797949403897E-12 	-1.61558713389263E-27 
 0.843334757764299 	 7.96334156333046E-12 	 7.96334156333046E-12 	 0 
 0.847227414140621 	 7.95541251034821E-12 	 7.95541251034821E-12 	-1.61558713389263E-27 
 0.851138038202401 	 7.94640280599719E-12 	 7.94640280599718E-12 	 1.61558713389263E-27 
 0.855066712884708 	 7.93856310559444E-12 	 7.93856310559444E-12 	-1.61558713389263E-27 
 0.85901352150542 	 7.93415445928347E-12 	 7.93415445928347E-12 	 0 
 0.862978547766995 	 7.93541332964259E-12 	 7.93541332964259E-12 	 0 
 0.866961875758242 	 7.94449154512133E-12 	 7.94449154512133E-12 	 0 
 0.870963589956106 	 7.96334978621096E-12 	 7.96334978621096E-12 	-1.61558713389263E-27 
 0.874983775227461 	 7.99358422544624E-12 	 7.99358422544624E-12 	 0 
 0.87902251683091 	 8.03617416830169E-12 	 8.03617416830169E-12 	 0 
 0.883079900418589 	 8.09116061294385E-12 	 8.09116061294385E-12 	 0 
 0.887156012037987 	 8.15730657451582E-12 	 8.15730657451582E-12 	-1.61558713389263E-27 
 0.891250938133772 	 8.23184473188874E-12 	 8.23184473188874E-12 	 0 
 0.89536476554962 	 8.31046073894813E-12 	 8.31046073894813E-12 	 1.61558713389263E-27 
 0.899497581530062 	 8.38764532192406E-12 	 8.38764532192406E-12 	 0 
 0.903649473722328 	 8.4574378418341E-12 	 8.45743784183409E-12 	 1.61558713389263E-27 
 0.907820530178213 	 8.51440268565936E-12 	 8.51440268565936E-12 	 0 
 0.912010839355937 	 8.55453414808483E-12 	 8.55453414808483E-12 	 0 
 0.916220490122027 	 8.57579329974536E-12 	 8.57579329974536E-12 	-1.61558713389263E-27 
 0.920449571753199 	 8.57815371162724E-12 	 8.57815371162724E-12 	 0 
 0.92469817393825 	 8.56325202603044E-12 	 8.56325202603044E-12 	 0 
 0.928966386779964 	 8.5338635496791E-12 	 8.5338635496791E-12 	 0 
 0.933254300797019 	 8.49340921892481E-12 	 8.49340921892481E-12 	 0 
 0.937562006925908 	 8.44560602055483E-12 	 8.44560602055483E-12 	 0 
 0.94188959652287 	 8.39427739239665E-12 	 8.39427739239665E-12 	 0 
 0.946237161365822 	 8.34328417117401E-12 	 8.34328417117401E-12 	 0 
 0.95060479365631 	 8.29651912547042E-12 	 8.29651912547042E-12 	 0 
 0.954992586021465 	 8.25790950298426E-12 	 8.25790950298426E-12 	 0 
 0.959400631515962 	 8.23137427885266E-12 	 8.23137427885266E-12 	-1.61558713389263E-27 
 0.963829023624 	 8.22067718250344E-12 	 8.22067718250344E-12 	 0 
 0.968277856261279 	 8.22910576291949E-12 	 8.22910576291949E-12 	 1.61558713389263E-27 
 0.972747223776995 	 8.25890776282219E-12 	 8.25890776282219E-12 	 0 
 0.977237220955841 	 8.31046424234029E-12 	 8.31046424234029E-12 	 0 
 0.981747943020014 	 8.38131986374327E-12 	 8.38131986374327E-12 	 1.61558713389263E-27 
 0.986279485631241 	 8.46543351031135E-12 	 8.46543351031136E-12 	-1.61558713389263E-27 
 0.990831944892798 	 8.55323547365569E-12 	 8.55323547365569E-12 	 0 
 0.995405417351558 	 8.63298989291914E-12 	 8.63298989291914E-12 	 1.61558713389263E-27 
 1.00000000000003 	 8.69333522325042E-12 	 8.69333522325042E-12 	 0 
 1.00461579027843 	 8.72600589268858E-12 	 8.72600589268858E-12 	 0 
 1.00925288607672 	 8.72743885222637E-12 	 8.72743885222637E-12 	 0 
 1.01391138573671 	 8.69866988859244E-12 	 8.69866988859244E-12 	 0 
 1.01859138805415 	 8.64399790632771E-12 	 8.64399790632771E-12 	 0 
 1.02329299228079 	 8.56938997309171E-12 	 8.56938997309171E-12 	 0 
 1.02801629812651 	 8.48132892250992E-12 	 8.48132892250992E-12 	 0 
 1.03276140576143 	 8.3862751894918E-12 	 8.3862751894918E-12 	 0 
 1.03752841581805 	 8.29057598005283E-12 	 8.29057598005283E-12 	 1.61558713389263E-27 
 1.04231742939334 	 8.20058173265738E-12 	 8.20058173265738E-12 	 0 
 1.04712854805093 	 8.12278938713514E-12 	 8.12278938713514E-12 	 0 
 1.05196187382326 	 8.06389460890615E-12 	 8.06389460890615E-12 	 0 
 1.05681750921369 	 8.03064010729177E-12 	 8.03064010729177E-12 	 0 
 1.06169555719876 	 8.02928986320476E-12 	 8.02928986320476E-12 	 0 
 1.06659612123029 	 8.06448594547405E-12 	 8.06448594547405E-12 	 0 
 1.07151930523764 	 8.13728938676377E-12 	 8.13728938676377E-12 	 0 
 1.07646521362987 	 8.24261924508023E-12 	 8.24261924508023E-12 	 0 
 1.08143395129797 	 8.36726622034989E-12 	 8.36726622034989E-12 	 0 
 1.0864256236171 	 8.49064629664438E-12 	 8.49064629664438E-12 	 0 
 1.09144033644879 	 8.58981407130409E-12 	 8.58981407130409E-12 	 0 
 1.09647819614322 	 8.64698074316288E-12 	 8.64698074316288E-12 	 0 
 1.10153930954145 	 8.65475686051909E-12 	 8.65475686051909E-12 	 0 
 1.1066237839777 	 8.6159284493388E-12 	 8.6159284493388E-12 	 0 
 1.11173172728163 	 8.53933719004983E-12 	 8.53933719004983E-12 	 1.61558713389263E-27 
 1.1168632477806 	 8.43566401828079E-12 	 8.43566401828079E-12 	 0 
 1.122018454302 	 8.31525971568433E-12 	 8.31525971568433E-12 	 0 
 1.12719745617555 	 8.18784098477516E-12 	 8.18784098477516E-12 	 0 
 1.13240036323559 	 8.06300953760233E-12 	 8.06300953760233E-12 	 0 
 1.13762728582347 	 7.95082294472164E-12 	 7.95082294472164E-12 	 1.61558713389263E-27 
 1.14287833478981 	 7.86211799505767E-12 	 7.86211799505767E-12 	 0 
 1.14815362149692 	 7.8084989370338E-12 	 7.8084989370338E-12 	 0 
 1.15345325782113 	 7.8017920838616E-12 	 7.8017920838616E-12 	 0 
 1.15877735615516 	 7.85241909254922E-12 	 7.85241909254923E-12 	-1.61558713389263E-27 
 1.16412602941053 	 7.96581302512776E-12 	 7.96581302512776E-12 	 0 
 1.16949939101991 	 8.13649146238176E-12 	 8.13649146238176E-12 	 0 
 1.17489755493957 	 8.34209306982869E-12 	 8.34209306982869E-12 	 1.61558713389263E-27 
 1.18032063565177 	 8.5440807679153E-12 	 8.5440807679153E-12 	 1.61558713389263E-27 
 1.1857687481672 	 8.7009625045274E-12 	 8.7009625045274E-12 	 1.61558713389263E-27 
 1.19124200802741 	 8.78723403511806E-12 	 8.78723403511806E-12 	 0 
 1.19674053130728 	 8.80119677232765E-12 	 8.80119677232765E-12 	 1.61558713389263E-27 
 1.20226443461745 	 8.75673092074208E-12 	 8.75673092074208E-12 	-1.61558713389263E-27 
 1.20781383510682 	 8.67105404645229E-12 	 8.67105404645229E-12 	 1.61558713389263E-27 
 1.21338885046502 	 8.55886668565903E-12 	 8.55886668565903E-12 	-1.61558713389263E-27 
 1.21898959892491 	 8.43276231998204E-12 	 8.43276231998204E-12 	 0 
 1.22461619926509 	 8.30556112193756E-12 	 8.30556112193756E-12 	 0 
 1.23026877081242 	 8.19189313191137E-12 	 8.19189313191137E-12 	 0 
 1.23594743344455 	 8.10865959758872E-12 	 8.10865959758872E-12 	 0 
 1.24165230759245 	 8.07483624677312E-12 	 8.07483624677312E-12 	 1.61558713389263E-27 
 1.24738351424299 	 8.11060834614202E-12 	 8.11060834614202E-12 	 0 
 1.25314117494146 	 8.2345242389181E-12 	 8.2345242389181E-12 	 0 
 1.25892541179421 	 8.45583544076724E-12 	 8.45583544076724E-12 	 0 
 1.26473634747119 	 8.7602155989644E-12 	 8.76021559896439E-12 	 1.61558713389263E-27 
 1.27057410520858 	 9.09698846669687E-12 	 9.09698846669687E-12 	 0 
 1.27643880881139 	 9.39115845202166E-12 	 9.39115845202166E-12 	 0 
 1.28233058265607 	 9.58725381535256E-12 	 9.58725381535256E-12 	-1.61558713389263E-27 
 1.28824955169318 	 9.67988007412955E-12 	 9.67988007412955E-12 	-1.61558713389263E-27 
 1.29419584145003 	 9.69606609778926E-12 	 9.69606609778926E-12 	 1.61558713389263E-27 
 1.30016957803334 	 9.66287967390101E-12 	 9.66287967390101E-12 	 0 
 1.30617088813189 	 9.59660550984031E-12 	 9.59660550984031E-12 	 0 
 1.31219989901925 	 9.50926934614054E-12 	 9.50926934614054E-12 	-1.61558713389263E-27 
 1.31825673855645 	 9.41636690147844E-12 	 9.41636690147844E-12 	 0 
 1.32434153519471 	 9.33942007908607E-12 	 9.33942007908607E-12 	 3.23117426778526E-27 
 1.33045441797814 	 9.30509730168542E-12 	 9.30509730168542E-12 	 0 
 1.33659551654649 	 9.34386522492131E-12 	 9.34386522492131E-12 	 0 
 1.34276496113791 	 9.48840534973604E-12 	 9.48840534973604E-12 	 0 
 1.3489628825917 	 9.76742930766007E-12 	 9.76742930766007E-12 	 0 
 1.35518941235108 	 1.01855740928039E-11 	 1.01855740928039E-11 	 1.61558713389263E-27 
 1.361444682466 	 1.06877763294755E-11 	 1.06877763294755E-11 	 1.61558713389263E-27 
 1.3677288255959 	 1.11522876330695E-11 	 1.11522876330695E-11 	 0 
 1.37404197501256 	 1.14741544691148E-11 	 1.14741544691148E-11 	 0 
 1.38038426460293 	 1.16513773455371E-11 	 1.16513773455371E-11 	 0 
 1.38675582887194 	 1.17420449899946E-11 	 1.17420449899946E-11 	 3.23117426778526E-27 
 1.39315680294535 	 1.17848277347362E-11 	 1.17848277347362E-11 	 0 
 1.39958732257267 	 1.17883970032641E-11 	 1.17883970032641E-11 	 3.23117426778526E-27 
 1.40604752412996 	 1.1758864691154E-11 	 1.1758864691154E-11 	 0 
 1.4125375446228 	 1.17171945873052E-11 	 1.17171945873052E-11 	 3.23117426778526E-27 
 1.41905752168914 	 1.16984442725122E-11 	 1.16984442725122E-11 	 0 
 1.42560759360224 	 1.17452549724176E-11 	 1.17452549724176E-11 	 0 
 1.43218789927359 	 1.19048222904508E-11 	 1.19048222904508E-11 	 3.23117426778526E-27 
 1.4387985782559 	 1.22272270649581E-11 	 1.22272270649581E-11 	 0 
 1.44543977074598 	 1.27488599411597E-11 	 1.27488599411597E-11 	 0 
 1.45211161758779 	 1.34330431926002E-11 	 1.34330431926002E-11 	 3.23117426778526E-27 
 1.4588142602754 	 1.41039696240563E-11 	 1.41039696240563E-11 	 0 
 1.46554784095596 	 1.45648510863519E-11 	 1.45648510863519E-11 	 0 
 1.47231250243277 	 1.48202955000023E-11 	 1.48202955000023E-11 	 3.23117426778526E-27 
 1.47910838816826 	 1.49897987208359E-11 	 1.49897987208359E-11 	 3.23117426778526E-27 
 1.48593564228706 	 1.51217895631759E-11 	 1.51217895631759E-11 	 3.23117426778526E-27 
 1.49279440957905 	 1.51981907272289E-11 	 1.51981907272289E-11 	 3.23117426778526E-27 
 1.49968483550243 	 1.52126008169002E-11 	 1.52126008169002E-11 	 0 
 1.5066070661868 	 1.52008248253549E-11 	 1.52008248253549E-11 	 0 
 1.51356124843626 	 1.52237958932687E-11 	 1.52237958932687E-11 	 0 
 1.52054752973255 	 1.53480799446623E-11 	 1.53480799446623E-11 	 0 
 1.52756605823813 	 1.56438721075511E-11 	 1.56438721075511E-11 	 3.23117426778526E-27 
 1.53461698279935 	 1.6185600044788E-11 	 1.6185600044788E-11 	 0 
 1.54170045294962 	 1.7001744863518E-11 	 1.7001744863518E-11 	 3.23117426778526E-27 
 1.54881661891254 	 1.79148287557161E-11 	 1.79148287557161E-11 	-3.23117426778526E-27 
 1.55596563160513 	 1.85599250233407E-11 	 1.85599250233407E-11 	 0 
 1.56314764264101 	 1.88841443012899E-11 	 1.88841443012899E-11 	 0 
 1.57036280433361 	 1.912257038434E-11 	 1.912257038434E-11 	 0 
 1.57761126969941 	 1.93529228189537E-11 	 1.93529228189537E-11 	 3.23117426778526E-27 
 1.58489319246117 	 1.94994153279592E-11 	 1.94994153279592E-11 	 0 
 1.59220872705123 	 1.95228770151197E-11 	 1.95228770151197E-11 	 0 
 1.59955802861473 	 1.9484932728098E-11 	 1.9484932728098E-11 	 0 
 1.60694125301294 	 1.94893071040158E-11 	 1.94893071040158E-11 	 3.23117426778526E-27 
 1.61435855682655 	 1.96342363765257E-11 	 1.96342363765257E-11 	 0 
 1.62181009735899 	 2.00186942877756E-11 	 2.00186942877756E-11 	 0 
 1.62929603263978 	 2.07531253360408E-11 	 2.07531253360408E-11 	 0 
 1.63681652142787 	 2.18316146630457E-11 	 2.18316146630457E-11 	 0 
 1.64437172321499 	 2.27962810773593E-11 	 2.27962810773593E-11 	-3.23117426778526E-27 
 1.65196179822908 	 2.32217383793436E-11 	 2.32217383793436E-11 	 0 
 1.65958690743762 	 2.3463749987096E-11 	 2.3463749987096E-11 	 0 
 1.66724721255113 	 2.37836647648154E-11 	 2.37836647648154E-11 	 0 
 1.6749428760265 	 2.40383842886698E-11 	 2.40383842886698E-11 	-3.23117426778526E-27 
 1.68267406107053 	 2.40705418056314E-11 	 2.40705418056314E-11 	 0 
 1.69044093164333 	 2.39457090234328E-11 	 2.39457090234328E-11 	 3.23117426778526E-27 
 1.69824365246181 	 2.38365905838784E-11 	 2.38365905838784E-11 	 0 
 1.70608238900319 	 2.38872830420992E-11 	 2.38872830420992E-11 	 3.23117426778526E-27 
 1.71395730750849 	 2.42261232955211E-11 	 2.42261232955211E-11 	 6.46234853557053E-27 
 1.72186857498607 	 2.50166479170613E-11 	 2.50166479170613E-11 	-3.23117426778526E-27 
 1.72981635921517 	 2.6261095649762E-11 	 2.6261095649762E-11 	 0 
 1.73780082874944 	 2.71595313547664E-11 	 2.71595313547664E-11 	 3.23117426778526E-27 
 1.74582215292057 	 2.73332310340152E-11 	 2.73332310340152E-11 	-9.69352280335579E-27 
 1.75388050184183 	 2.75577944263435E-11 	 2.75577944263436E-11 	-3.23117426778526E-27 
 1.7619760464117 	 2.79622729635549E-11 	 2.79622729635549E-11 	 0 
 1.77010895831749 	 2.81523732644189E-11 	 2.81523732644189E-11 	 0 
 1.77827941003899 	 2.79689620054861E-11 	 2.79689620054861E-11 	 0 
 1.78648757485212 	 2.76565149371081E-11 	 2.76565149371081E-11 	-6.46234853557053E-27 
 1.7947336268326 	 2.74679607770323E-11 	 2.74679607770323E-11 	 0 
 1.80301774085964 	 2.75606759699533E-11 	 2.75606759699533E-11 	 0 
 1.81134009261967 	 2.81280304649308E-11 	 2.81280304649308E-11 	 0 
 1.81970085861005 	 2.93722896638516E-11 	 2.93722896638516E-11 	 0 
 1.82810021614281 	 3.04350082702559E-11 	 3.04350082702559E-11 	 0 
 1.83653834334842 	 3.03799418672239E-11 	 3.03799418672239E-11 	 0 
 1.84501541917955 	 3.04624596331336E-11 	 3.04624596331336E-11 	 0 
 1.85353162341488 	 3.09311749943149E-11 	 3.09311749943149E-11 	 0 
 1.86208713666294 	 3.11146588375934E-11 	 3.11146588375934E-11 	-6.46234853557053E-27 
 1.87068214036587 	 3.07107622549766E-11 	 3.07107622549766E-11 	 0 
 1.87931681680334 	 3.01610435758842E-11 	 3.01610435758842E-11 	 0 
 1.88799134909637 	 2.98164924906032E-11 	 2.98164924906032E-11 	 0 
 1.89670592121122 	 2.98465606622151E-11 	 2.98465606622151E-11 	 0 
 1.90546071796332 	 3.05306215033282E-11 	 3.05306215033282E-11 	 6.46234853557053E-27 
 1.91425592502116 	 3.20296290875455E-11 	 3.20296290875455E-11 	 6.46234853557053E-27 
 1.92309172891023 	 3.23793040136344E-11 	 3.23793040136344E-11 	 6.46234853557053E-27 
 1.931968317017 	 3.19451203081213E-11 	 3.19451203081213E-11 	 0 
 1.94088587759286 	 3.22500080593599E-11 	 3.22500080593599E-11 	 0 
 1.94984459975812 	 3.27551510757942E-11 	 3.27551510757942E-11 	 0 
 1.95884467350607 	 3.24051879584647E-11 	 3.24051879584647E-11 	 6.46234853557053E-27 
 1.96788628970692 	 3.15461689890264E-11 	 3.15461689890264E-11 	 0 
 1.97696964011194 	 3.08803042858615E-11 	 3.08803042858615E-11 	 0 
 1.98609491735745 	 3.06234198207483E-11 	 3.06234198207483E-11 	 6.46234853557053E-27 
 1.99526231496896 	 3.10364788463023E-11 	 3.10364788463023E-11 	 0 
 2.00447202736524 	 3.26121176772934E-11 	 3.26121176772934E-11 	 6.46234853557053E-27 
 2.01372424986247 	 3.29773597341294E-11 	 3.29773597341294E-11 	 0 
 2.02301917867835 	 3.22182428726655E-11 	 3.22182428726655E-11 	 0 
 2.0323570109363 	 3.253636525921E-11 	 3.253636525921E-11 	 0 
 2.04173794466961 	 3.32195128303705E-11 	 3.32195128303705E-11 	 0 
 2.05116217882565 	 3.26370691467825E-11 	 3.26370691467825E-11 	 0 
 2.06062991327008 	 3.14714107377008E-11 	 3.14714107377008E-11 	 0 
 2.07014134879113 	 3.06702828331971E-11 	 3.06702828331971E-11 	 0 
 2.07969668710378 	 3.03958991070179E-11 	 3.03958991070179E-11 	 0 
 2.08929613085412 	 3.10671519323432E-11 	 3.10671519323432E-11 	 1.29246970711411E-26 
 2.09893988362361 	 3.29754421996673E-11 	 3.29754421996673E-11 	-1.29246970711411E-26 
 2.10862814993338 	 3.20449899193098E-11 	 3.20449899193098E-11 	 0 
 2.11836113524859 	 3.16570767129542E-11 	 3.16570767129542E-11 	 0 
 2.1281390459828 	 3.25641988290781E-11 	 3.25641988290781E-11 	 0 
 2.13796208950232 	 3.29343609946431E-11 	 3.29343609946431E-11 	 6.46234853557053E-27 
 2.14783047413062 	 3.15807281373313E-11 	 3.15807281373313E-11 	 6.46234853557053E-27 
 2.15774440915275 	 3.04494456116946E-11 	 3.04494456116946E-11 	 0 
 2.16770410481978 	 2.99065927654452E-11 	 2.99065927654452E-11 	 0 
 2.17770977235325 	 3.01791766414937E-11 	 3.01791766414937E-11 	 0 
 2.18776162394964 	 3.23547269726932E-11 	 3.23547269726932E-11 	 0 
 2.19785987278492 	 3.1690378550976E-11 	 3.1690378550976E-11 	 0 
 2.20800473301899 	 3.10527642734738E-11 	 3.10527642734738E-11 	 6.46234853557053E-27 
 2.21819641980031 	 3.20963125064795E-11 	 3.20963125064795E-11 	 0 
 2.2284351492704 	 3.30703279520485E-11 	 3.30703279520485E-11 	 0 
 2.23872113856843 	 3.15680918452049E-11 	 3.15680918452049E-11 	 0 
 2.24905460583587 	 3.04246971269622E-11 	 3.04246971269622E-11 	 0 
 2.25943577022107 	 2.99781525590091E-11 	 2.99781525590091E-11 	 0 
 2.26986485188392 	 3.04752429470989E-11 	 3.04752429470989E-11 	 0 
 2.28034207200051 	 3.32241073416048E-11 	 3.32241073416048E-11 	 0 
 2.29086765276787 	 3.16529586436114E-11 	 3.16529586436114E-11 	 0 
 2.3014418174086 	 3.16430929412635E-11 	 3.16430929412635E-11 	 0 
 2.31206479017569 	 3.34215333369557E-11 	 3.34215333369557E-11 	 0 
 2.3227367963572 	 3.39114242999438E-11 	 3.39114242999438E-11 	 0 
 2.3334580622811 	 3.22307325791625E-11 	 3.22307325791625E-11 	 0 
 2.34422881532002 	 3.15339072528021E-11 	 3.15339072528021E-11 	 0 
 2.35504928389611 	 3.15781804966846E-11 	 3.15781804966846E-11 	 0 
 2.36591969748586 	 3.34968178743092E-11 	 3.34968178743092E-11 	 0 
 2.37684028662498 	 3.43075803493584E-11 	 3.43075803493584E-11 	 0 
 2.38781128291328 	 3.35381039122189E-11 	 3.35381039122189E-11 	 0 
 2.39883291901959 	 3.49289094719081E-11 	 3.49289094719081E-11 	 0 
 2.4099054286867 	 3.73913527937463E-11 	 3.73913527937463E-11 	 6.46234853557053E-27 
 2.42102904673628 	 3.56259404473117E-11 	 3.56259404473117E-11 	-6.46234853557053E-27 
 2.43220400907392 	 3.48515815750548E-11 	 3.48515815750548E-11 	 0 
 2.44343055269408 	 3.49197606253553E-11 	 3.49197606253553E-11 	 0 
 2.45470891568514 	 3.64764915933054E-11 	 3.64764915933054E-11 	 0 
 2.46603933723445 	 3.83860468153957E-11 	 3.83860468153957E-11 	-1.29246970711411E-26 
 2.47742205763339 	 3.7576649421325E-11 	 3.75766494213249E-11 	 6.46234853557053E-27 
 2.4888573182825 	 3.91526607796836E-11 	 3.91526607796836E-11 	 0 
 2.50034536169654 	 4.24855296338825E-11 	 4.24855296338825E-11 	 0 
 2.51188643150969 	 4.06004518614248E-11 	 4.06004518614248E-11 	 6.46234853557053E-27 
 2.52348077248068 	 4.00648709815685E-11 	 4.00648709815685E-11 	 0 
 2.53512863049802 	 4.03633256089361E-11 	 4.03633256089361E-11 	 0 
 2.54683025258515 	 4.26526875792103E-11 	 4.26526875792103E-11 	 0 
 2.55858588690576 	 4.33146438794909E-11 	 4.33146438794909E-11 	 0 
 2.57039578276898 	 4.3661620675968E-11 	 4.3661620675968E-11 	 0 
 2.58226019063471 	 4.59872381478925E-11 	 4.59872381478925E-11 	 0 
 2.59417936211893 	 4.88003916400141E-11 	 4.88003916400141E-11 	 0 
 2.60615354999901 	 4.68874617552608E-11 	 4.68874617552608E-11 	 0 
 2.6181830082191 	 4.6867735964311E-11 	 4.6867735964311E-11 	 0 
 2.6302679918955 	 4.75816971182437E-11 	 4.75816971182437E-11 	 0 
 2.64240875732206 	 5.21595759465963E-11 	 5.21595759465963E-11 	 0 
 2.65460556197566 	 4.99074551217589E-11 	 4.99074551217589E-11 	 0 
 2.6668586645216 	 5.15100913460624E-11 	 5.15100913460624E-11 	 0 
 2.67916832481915 	 5.59096441892807E-11 	 5.59096441892807E-11 	 0 
 2.69153480392703 	 5.44202222633143E-11 	 5.44202222633143E-11 	 0 
 2.70395836410896 	 5.40313745886431E-11 	 5.4031374588643E-11 	 1.29246970711411E-26 
 2.7164392688392 	 5.44102207691023E-11 	 5.44102207691023E-11 	 0 
 2.72897778280816 	 5.77411092975528E-11 	 5.77411092975528E-11 	 1.29246970711411E-26 
 2.741574171928 	 5.66021711108598E-11 	 5.66021711108598E-11 	 0 
 2.75422870333829 	 5.79115514056849E-11 	 5.79115514056849E-11 	 6.46234853557053E-27 
 2.76694164541163 	 6.12891154865939E-11 	 6.12891154865939E-11 	 1.29246970711411E-26 
 2.77971326775941 	 6.1444078211665E-11 	 6.1444078211665E-11 	 0 
 2.79254384123746 	 6.06751090852632E-11 	 6.06751090852632E-11 	 0 
 2.80543363795184 	 6.0811447748599E-11 	 6.0811447748599E-11 	 0 
 2.81838293126458 	 6.34632530640065E-11 	 6.34632530640065E-11 	 0 
 2.83139199579951 	 6.2400645681247E-11 	 6.2400645681247E-11 	 0 
 2.84446110744804 	 6.36669373583134E-11 	 6.36669373583134E-11 	 1.29246970711411E-26 
 2.85759054337508 	 6.69895418635337E-11 	 6.69895418635337E-11 	 0 
 2.87078058202482 	 6.65861370249211E-11 	 6.65861370249211E-11 	 0 
 2.88403150312674 	 6.58094815180082E-11 	 6.58094815180082E-11 	 0 
 2.89734358770145 	 6.56462484971953E-11 	 6.56462484971953E-11 	 0 
 2.91071711806674 	 7.02443510059149E-11 	 7.02443510059149E-11 	 0 
 2.92415237784347 	 6.64251089545199E-11 	 6.64251089545199E-11 	 0 
 2.93764965196166 	 6.78260605263685E-11 	 6.78260605263685E-11 	 0 
 2.95120922666652 	 7.30576985959272E-11 	 7.30576985959272E-11 	 0 
 2.96483138952448 	 6.94212707695257E-11 	 6.94212707695257E-11 	-1.29246970711411E-26 
 2.97851642942932 	 6.87147541059077E-11 	 6.87147541059077E-11 	 0 
 2.99226463660833 	 6.83521655339518E-11 	 6.83521655339518E-11 	 1.29246970711411E-26 
 3.00607630262837 	 6.84647278692248E-11 	 6.84647278692248E-11 	-1.29246970711411E-26 
 3.01995172040215 	 6.8505520324796E-11 	 6.8505520324796E-11 	 0 
 3.03389118419441 	 7.02854846442027E-11 	 7.02854846442027E-11 	 0 
 3.04789498962812 	 7.16648606107844E-11 	 7.16648606107844E-11 	 0 
 3.06196343369082 	 7.01225637321801E-11 	 7.01225637321802E-11 	-2.58493941422821E-26 
 3.07609681474085 	 6.92260935870849E-11 	 6.92260935870849E-11 	 0 
 3.09029543251373 	 7.25992943960597E-11 	 7.25992943960597E-11 	-1.29246970711411E-26 
 3.1045595881285 	 6.81544871876115E-11 	 6.81544871876115E-11 	-2.58493941422821E-26 
 3.11888958409408 	 6.92274122883458E-11 	 6.92274122883458E-11 	 0 
 3.13328572431573 	 7.42914105019176E-11 	 7.42914105019176E-11 	-1.29246970711411E-26 
 3.14774831410146 	 7.00900609293086E-11 	 7.00900609293086E-11 	 0 
 3.16227766016853 	 6.90810553903271E-11 	 6.90810553903271E-11 	 0 
 3.17687407064992 	 7.02447768106948E-11 	 7.02447768106948E-11 	 0 
 3.19153785510091 	 6.7325578730757E-11 	 6.7325578730757E-11 	 0 
 3.20626932450561 	 6.80121237848162E-11 	 6.80121237848162E-11 	 0 
 3.22106879128358 	 7.42632783215062E-11 	 7.42632783215062E-11 	 0 
 3.23593656929643 	 6.96393864670614E-11 	 6.96393864670614E-11 	 0 
 3.2508729738545 	 6.87141672846761E-11 	 6.87141672846761E-11 	-1.29246970711411E-26 
 3.26587832172351 	 6.94709693248307E-11 	 6.94709693248307E-11 	 0 
 3.28095293113134 	 6.68506876643459E-11 	 6.68506876643459E-11 	 0 
 3.29609712177473 	 6.75897700849542E-11 	 6.75897700849542E-11 	 1.29246970711411E-26 
 3.31131121482607 	 7.47601963992347E-11 	 7.47601963992347E-11 	 0 
 3.3265955329402 	 7.0121831373465E-11 	 7.0121831373465E-11 	 0 
 3.3419504002613 	 6.94646817240254E-11 	 6.94646817240254E-11 	 0 
 3.3573761424297 	 7.24043707890639E-11 	 7.24043707890639E-11 	 0 
 3.37287308658885 	 6.7972742492231E-11 	 6.7972742492231E-11 	 0 
 3.38844156139219 	 6.92622612030929E-11 	 6.92622612030929E-11 	-1.29246970711411E-26 
 3.40408189701017 	 7.28827673814501E-11 	 7.28827673814501E-11 	 0 
 3.41979442513725 	 7.2793782859003E-11 	 7.2793782859003E-11 	 0 
 3.43557947899891 	 7.2524576811336E-11 	 7.25245768113359E-11 	 1.29246970711411E-26 
 3.45143739335873 	 7.20152972423047E-11 	 7.20152972423047E-11 	 0 
 3.46736850452548 	 7.18830033160405E-11 	 7.18830033160405E-11 	-1.29246970711411E-26 
 3.48337315036028 	 7.44022169838248E-11 	 7.44022169838248E-11 	 0 
 3.49945167028374 	 7.74889845670979E-11 	 7.74889845670979E-11 	 0 
 3.51560440528315 	 7.84135228985598E-11 	 7.84135228985598E-11 	 0 
 3.53183169791974 	 7.90702285673705E-11 	 7.90702285673705E-11 	 0 
 3.54813389233592 	 7.8264734456691E-11 	 7.8264734456691E-11 	 1.29246970711411E-26 
 3.56451133426261 	 7.92416763242197E-11 	 7.92416763242198E-11 	-1.29246970711411E-26 
 3.58096437102653 	 8.43511621602678E-11 	 8.43511621602678E-11 	 0 
 3.5974933515576 	 8.59784168760768E-11 	 8.59784168760768E-11 	 0 
 3.61409862639631 	 8.69041749289382E-11 	 8.69041749289382E-11 	 0 
 3.63078054770119 	 8.70381040656474E-11 	 8.70381040656474E-11 	 1.29246970711411E-26 
 3.64753946925625 	 8.73932616034431E-11 	 8.73932616034431E-11 	 0 
 3.66437574647851 	 9.05835419081084E-11 	 9.05835419081084E-11 	-2.58493941422821E-26 
 3.68128973642549 	 9.47499809087957E-11 	 9.47499809087957E-11 	 0 
 3.69828179780284 	 9.64950187384157E-11 	 9.64950187384157E-11 	 0 
 3.71535229097191 	 9.70708990543482E-11 	 9.70708990543482E-11 	 0 
 3.73250157795739 	 9.70259692971267E-11 	 9.70259692971267E-11 	 0 
 3.74973002245502 	 9.85960741276548E-11 	 9.85960741276548E-11 	 0 
 3.76703798983927 	 1.03583511164152E-10 	 1.03583511164152E-10 	 0 
 3.78442584717112 	 1.06174065889655E-10 	 1.06174065889655E-10 	 0 
 3.8018939632058 	 1.07170316805271E-10 	 1.07170316805271E-10 	 0 
 3.81944270840065 	 1.06546738292426E-10 	 1.06546738292426E-10 	 0 
 3.83707245492297 	 1.07087396625559E-10 	 1.07087396625559E-10 	 0 
 3.85478357665791 	 1.11380881868258E-10 	 1.11380881868258E-10 	 0 
 3.87257644921636 	 1.14566741885084E-10 	 1.14566741885084E-10 	 0 
 3.890451449943 	 1.15523384886052E-10 	 1.15523384886051E-10 	 3.87740912134232E-26 
 3.90840895792421 	 1.14461316372861E-10 	 1.14461316372861E-10 	 0 
 3.92644935399619 	 1.14099249849119E-10 	 1.14099249849119E-10 	 0 
 3.94457302075298 	 1.1743432371926E-10 	 1.1743432371926E-10 	 0 
 3.96278034255459 	 1.20542658926406E-10 	 1.20542658926406E-10 	 0 
 3.98107170553517 	 1.21148542305011E-10 	 1.21148542305011E-10 	 0 
 3.99944749761117 	 1.1951372383365E-10 	 1.1951372383365E-10 	 0 
 4.0179081084896 	 1.18452455222086E-10 	 1.18452455222086E-10 	 0 
 4.03645392967625 	 1.21260437823681E-10 	 1.21260437823681E-10 	 0 
 4.05508535448404 	 1.23533522944645E-10 	 1.23533522944645E-10 	 0 
 4.07380277804133 	 1.23703568731871E-10 	 1.23703568731871E-10 	 0 
 4.09260659730031 	 1.21239126481269E-10 	 1.21239126481269E-10 	 2.58493941422821E-26 
 4.11149721104543 	 1.20658219628197E-10 	 1.20658219628197E-10 	 2.58493941422821E-26 
 4.13047501990182 	 1.23011691986629E-10 	 1.23011691986629E-10 	 0 
 4.14954042634384 	 1.23896597142729E-10 	 1.23896597142729E-10 	-2.58493941422821E-26 
 4.16869383470356 	 1.23487823679716E-10 	 1.23487823679716E-10 	 2.58493941422821E-26 
 4.18793565117939 	 1.20303351006223E-10 	 1.20303351006223E-10 	 0 
 4.20726628384465 	 1.18910156330543E-10 	 1.18910156330543E-10 	 0 
 4.22668614265624 	 1.23297477615093E-10 	 1.23297477615093E-10 	-5.16987882845642E-26 
 4.24619563946334 	 1.23116407974746E-10 	 1.23116407974746E-10 	-5.16987882845642E-26 
 4.26579518801614 	 1.2160178167916E-10 	 1.2160178167916E-10 	 0 
 4.28548520397461 	 1.18701143468027E-10 	 1.18701143468027E-10 	 0 
 4.30526610491732 	 1.18534162212957E-10 	 1.18534162212957E-10 	-5.16987882845642E-26 
 4.32513831035031 	 1.2184757206064E-10 	 1.2184757206064E-10 	 0 
 4.34510224171593 	 1.23280704657941E-10 	 1.23280704657941E-10 	 0 
 4.36515832240188 	 1.20137354010955E-10 	 1.20137354010955E-10 	 0 
 4.38530697775008 	 1.18229527150537E-10 	 1.18229527150537E-10 	 0 
 4.40554863506576 	 1.22726639436274E-10 	 1.22726639436274E-10 	 0 
 4.42588372362649 	 1.23187896618164E-10 	 1.23187896618164E-10 	-2.58493941422821E-26 
 4.44631267469131 	 1.24448097415758E-10 	 1.24448097415758E-10 	 0 
 4.46683592150986 	 1.21870954882007E-10 	 1.21870954882007E-10 	 0 
 4.48745389933155 	 1.22723080744508E-10 	 1.22723080744508E-10 	 0 
 4.50816704541483 	 1.26901456647561E-10 	 1.26901456647561E-10 	 0 
 4.52897579903644 	 1.31194237885795E-10 	 1.31194237885795E-10 	 0 
 4.54988060150072 	 1.28882363330114E-10 	 1.28882363330114E-10 	 0 
 4.57088189614898 	 1.28771430600986E-10 	 1.28771430600986E-10 	 0 
 4.59198012836892 	 1.36418105203663E-10 	 1.36418105203663E-10 	 0 
 4.61317574560403 	 1.38052744617316E-10 	 1.38052744617316E-10 	 0 
 4.63446919736312 	 1.39052360956803E-10 	 1.39052360956803E-10 	 0 
 4.65586093522983 	 1.38639663374577E-10 	 1.38639663374577E-10 	 2.58493941422821E-26 
 4.67735141287222 	 1.44645751402207E-10 	 1.44645751402207E-10 	-2.58493941422821E-26 
 4.6989410860524 	 1.46885473421383E-10 	 1.46885473421383E-10 	 0 
 4.72063041263615 	 1.52070111189595E-10 	 1.52070111189595E-10 	 0 
 4.74241985260269 	 1.50820747845774E-10 	 1.50820747845774E-10 	-5.16987882845642E-26 
 4.7643098680544 	 1.54305259836674E-10 	 1.54305259836674E-10 	 0 
 4.78630092322663 	 1.58110409383122E-10 	 1.58110409383122E-10 	 5.16987882845642E-26 
 4.80839348449754 	 1.65925397977707E-10 	 1.65925397977707E-10 	 7.75481824268463E-26 
 4.83058802039798 	 1.63547323553874E-10 	 1.63547323553874E-10 	 0 
 4.85288500162146 	 1.65703624002549E-10 	 1.65703624002549E-10 	 0 
 4.87528490103412 	 1.69534398948988E-10 	 1.69534398948987E-10 	 2.58493941422821E-26 
 4.89778819368472 	 1.78383502477665E-10 	 1.78383502477665E-10 	 0 
 4.92039535681477 	 1.74739745990331E-10 	 1.74739745990331E-10 	 0 
 4.94310686986861 	 1.75933719636859E-10 	 1.75933719636859E-10 	 7.75481824268463E-26 
 4.96592321450362 	 1.78903769333804E-10 	 1.78903769333804E-10 	 0 
 4.98884487460038 	 1.87799019053236E-10 	 1.87799019053236E-10 	 5.16987882845642E-26 
 5.01187233627299 	 1.82737836542611E-10 	 1.82737836542611E-10 	 0 
 5.03500608787931 	 1.83074700979845E-10 	 1.83074700979845E-10 	 0 
 5.05824662003141 	 1.84762746592434E-10 	 1.84762746592434E-10 	 0 
 5.08159442560587 	 1.92620601803625E-10 	 1.92620601803625E-10 	 0 
 5.10504999975433 	 1.8676133494064E-10 	 1.8676133494064E-10 	 0 
 5.12861383991392 	 1.86787115808423E-10 	 1.86787115808423E-10 	 0 
 5.15228644581784 	 1.87069650025358E-10 	 1.87069650025358E-10 	 0 
 5.17606831950595 	 1.92225226037103E-10 	 1.92225226037103E-10 	 5.16987882845642E-26 
 5.19995996533543 	 1.87130659330736E-10 	 1.87130659330736E-10 	 0 
 5.22396188999148 	 1.90454841198741E-10 	 1.90454841198741E-10 	 0 
 5.248074602498 	 1.87342428453568E-10 	 1.87342428453568E-10 	 0 
 5.27229861422851 	 1.89220110492689E-10 	 1.89220110492689E-10 	 0 
 5.29663443891686 	 1.85361940643303E-10 	 1.85361940643303E-10 	 0 
 5.32108259266823 	 1.86265475080293E-10 	 1.86265475080293E-10 	 0 
 5.34564359397 	 1.89401574201574E-10 	 1.89401574201574E-10 	 5.16987882845642E-26 
 5.37031796370281 	 1.86818811775353E-10 	 1.86818811775353E-10 	 0 
 5.39510622515156 	 1.84090668035068E-10 	 1.84090668035068E-10 	 0 
 5.42000890401653 	 1.8376880366733E-10 	 1.8376880366733E-10 	 5.16987882845642E-26 
 5.4450265284245 	 1.93731134912828E-10 	 1.93731134912828E-10 	 0 
 5.47015962894001 	 1.87253509628245E-10 	 1.87253509628245E-10 	 0 
 5.49540873857654 	 1.90840832896676E-10 	 1.90840832896676E-10 	 0 
 5.52077439280787 	 1.89073810137208E-10 	 1.89073810137208E-10 	-5.16987882845642E-26 
 5.54625712957941 	 1.94047472045107E-10 	 1.94047472045107E-10 	 0 
 5.5718574893196 	 1.92492086025775E-10 	 1.92492086025775E-10 	 7.75481824268463E-26 
 5.5975760149514 	 1.93352026099926E-10 	 1.93352026099926E-10 	 5.16987882845642E-26 
 5.62341325190379 	 2.09122819327699E-10 	 2.09122819327699E-10 	 0 
 5.64936974812333 	 2.03421955558139E-10 	 2.03421955558139E-10 	 0 
 5.67544605408578 	 2.07049991909886E-10 	 2.07049991909886E-10 	 0 
 5.70164272280778 	 2.08114157927725E-10 	 2.08114157927725E-10 	 0 
 5.7279603098586 	 2.16926950919467E-10 	 2.16926950919467E-10 	 0 
 5.75439937337188 	 2.17428851947309E-10 	 2.17428851947309E-10 	 0 
 5.78096047405749 	 2.19320824987026E-10 	 2.19320824987026E-10 	 0 
 5.80764417521344 	 2.33759322939004E-10 	 2.33759322939004E-10 	 0 
 5.83445104273776 	 2.3309031468374E-10 	 2.3309031468374E-10 	 5.16987882845642E-26 
 5.86138164514061 	 2.34735431806576E-10 	 2.34735431806576E-10 	-5.16987882845642E-26 
 5.88843655355621 	 2.4074816440146E-10 	 2.4074816440146E-10 	 0 
 5.91561634175506 	 2.48166690518735E-10 	 2.48166690518735E-10 	 0 
 5.94292158615605 	 2.48231367766094E-10 	 2.48231367766094E-10 	 0 
 5.9703528658387 	 2.49712704719361E-10 	 2.49712704719361E-10 	 5.16987882845642E-26 
 5.99791076255542 	 2.60495712753896E-10 	 2.60495712753896E-10 	 0 
 6.02559586074391 	 2.59912402500467E-10 	 2.59912402500467E-10 	 0 
 6.05340874753947 	 2.58322151991295E-10 	 2.58322151991295E-10 	-5.16987882845642E-26 
 6.08135001278751 	 2.68227932713574E-10 	 2.68227932713574E-10 	 0 
 6.10942024905606 	 2.68530373078608E-10 	 2.68530373078608E-10 	 0 
 6.13762005164828 	 2.64316956139951E-10 	 2.64316956139952E-10 	-1.03397576569128E-25 
 6.16595001861516 	 2.77900103442313E-10 	 2.77900103442313E-10 	 0 
 6.19441075076816 	 2.72554519604994E-10 	 2.72554519604994E-10 	 0 
 6.22300285169194 	 2.67081252557305E-10 	 2.67081252557305E-10 	-5.16987882845642E-26 
 6.2517269277572 	 2.67259026528988E-10 	 2.67259026528988E-10 	 0 
 6.28058358813353 	 2.72624051875737E-10 	 2.72624051875737E-10 	 0 
 6.30957344480228 	 2.6743807751133E-10 	 2.6743807751133E-10 	 0 
 6.33869711256962 	 2.63905335587684E-10 	 2.63905335587684E-10 	 0 
 6.36795520907951 	 2.70964569046437E-10 	 2.70964569046437E-10 	-5.16987882845642E-26 
 6.39734835482684 	 2.67686213201717E-10 	 2.67686213201717E-10 	 0 
 6.42687717317055 	 2.61927834530956E-10 	 2.61927834530956E-10 	 0 
 6.45654229034692 	 2.70180666902061E-10 	 2.70180666902061E-10 	-1.03397576569128E-25 
 6.48634433548275 	 2.69272827501439E-10 	 2.69272827501439E-10 	 0 
 6.51628394060879 	 2.63001918296994E-10 	 2.63001918296994E-10 	 5.16987882845642E-26 
 6.54636174067312 	 2.72598209294536E-10 	 2.72598209294536E-10 	 5.16987882845642E-26 
 6.57657837355457 	 2.73192941762662E-10 	 2.73192941762662E-10 	 0 
 6.60693448007633 	 2.68927350045059E-10 	 2.68927350045059E-10 	 0 
 6.63743070401946 	 2.79896167021679E-10 	 2.79896167021679E-10 	-5.16987882845642E-26 
 6.6680676921366 	 2.82679307879212E-10 	 2.82679307879212E-10 	 1.03397576569128E-25 
 6.69884609416564 	 2.80381326362811E-10 	 2.80381326362811E-10 	 0 
 6.72976656284356 	 2.92425542685311E-10 	 2.92425542685311E-10 	 0 
 6.7608297539202 	 2.97177318823846E-10 	 2.97177318823846E-10 	 0 
 6.79203632617223 	 2.96990990165664E-10 	 2.96990990165664E-10 	 0 
 6.82338694141708 	 3.09099391709301E-10 	 3.09099391709301E-10 	 0 
 6.854882264527 	 3.14834114504787E-10 	 3.14834114504787E-10 	 5.16987882845642E-26 
 6.88652296344315 	 3.15348002435166E-10 	 3.15348002435166E-10 	 0 
 6.91830970918976 	 3.28117566354229E-10 	 3.28117566354229E-10 	 0 
 6.95024317588836 	 3.32807961815267E-10 	 3.32807961815267E-10 	 0 
 6.98232404077211 	 3.3376600273015E-10 	 3.3376600273015E-10 	 0 
 7.01455298420011 	 3.4748358289657E-10 	 3.4748358289657E-10 	 0 
 7.04693068967187 	 3.47860935866321E-10 	 3.47860935866321E-10 	-1.03397576569128E-25 
 7.07945784384178 	 3.50647600962422E-10 	 3.50647600962422E-10 	-1.03397576569128E-25 
 7.1121351365337 	 3.64151205714818E-10 	 3.64151205714818E-10 	-1.03397576569128E-25 
 7.14496326075554 	 3.57396969478723E-10 	 3.57396969478723E-10 	 0 
 7.17794291271403 	 3.65610047038746E-10 	 3.65610047038746E-10 	 0 
 7.21107479182941 	 3.69999421423066E-10 	 3.69999421423066E-10 	 0 
 7.24435960075032 	 3.60499464113382E-10 	 3.60499464113382E-10 	 0 
 7.27779804536866 	 3.62452442288455E-10 	 3.62452442288455E-10 	 0 
 7.31139083483459 	 3.66972465974448E-10 	 3.66972465974448E-10 	-1.03397576569128E-25 
 7.34513868157157 	 3.58806219068732E-10 	 3.58806219068732E-10 	 0 
 7.37904230129143 	 3.63647371141123E-10 	 3.63647371141123E-10 	 1.03397576569128E-25 
 7.4131024130096 	 3.62226720332058E-10 	 3.62226720332058E-10 	 0 
 7.44731973906032 	 3.61666486345544E-10 	 3.61666486345544E-10 	 0 
 7.48169500511198 	 3.70809491984879E-10 	 3.70809491984879E-10 	 0 
 7.51622894018249 	 3.58790119080306E-10 	 3.58790119080306E-10 	 0 
 7.55092227665478 	 3.57415511126128E-10 	 3.57415511126128E-10 	 0 
 7.58577575029228 	 3.66462334965427E-10 	 3.66462334965427E-10 	 0 
 7.62079010025456 	 3.61147669352905E-10 	 3.61147669352905E-10 	 0 
 7.65596606911301 	 3.70738104328908E-10 	 3.70738104328908E-10 	 0 
 7.69130440286654 	 3.73088421240097E-10 	 3.73088421240097E-10 	 5.16987882845642E-26 
 7.72680585095747 	 3.76109151086217E-10 	 3.76109151086217E-10 	 0 
 7.76247116628737 	 3.89458436212716E-10 	 3.89458436212716E-10 	 0 
 7.79830110523304 	 3.8768191204694E-10 	 3.8768191204694E-10 	 1.03397576569128E-25 
 7.83429642766258 	 3.95267117226241E-10 	 3.95267117226241E-10 	 0 
 7.87045789695145 	 4.08413866441937E-10 	 4.08413866441937E-10 	 0 
 7.90678627999871 	 4.14286674358753E-10 	 4.14286674358753E-10 	 0 
 7.94328234724328 	 4.29064139611582E-10 	 4.29064139611582E-10 	 0 
 7.97994687268023 	 4.29699671987073E-10 	 4.29699671987073E-10 	 0 
 8.01678063387726 	 4.35601708494652E-10 	 4.35601708494652E-10 	 5.16987882845642E-26 
 8.05378441199114 	 4.49803725276122E-10 	 4.49803725276122E-10 	 0 
 8.0909589917843 	 4.49107740895452E-10 	 4.49107740895452E-10 	 0 
 8.12830516164147 	 4.64771043293462E-10 	 4.64771043293462E-10 	 0 
 8.1658237135864 	 4.62736239720209E-10 	 4.62736239720209E-10 	 0 
 8.20351544329867 	 4.67620504372404E-10 	 4.67620504372404E-10 	 0 
 8.24138115013051 	 4.73722252960089E-10 	 4.73722252960089E-10 	 0 
 8.27942163712383 	 4.66065789882408E-10 	 4.66065789882408E-10 	 0 
 8.3176377110272 	 4.78141355086943E-10 	 4.78141355086943E-10 	 1.03397576569128E-25 
 8.35603018231298 	 4.82197801240372E-10 	 4.82197801240372E-10 	 0 
 8.39459986519447 	 4.77443676049304E-10 	 4.77443676049304E-10 	-1.03397576569128E-25 
 8.43334757764325 	 4.72863928786245E-10 	 4.72863928786245E-10 	 0 
 8.47227414140647 	 4.64760166602942E-10 	 4.64760166602942E-10 	 0 
 8.51138038202427 	 4.74112808293636E-10 	 4.74112808293636E-10 	 0 
 8.55066712884734 	 4.6363388459591E-10 	 4.6363388459591E-10 	 0 
 8.59013521505447 	 4.74018631637973E-10 	 4.74018631637973E-10 	-1.03397576569128E-25 
 8.62978547767022 	 4.70241109967922E-10 	 4.70241109967922E-10 	 1.03397576569128E-25 
 8.66961875758268 	 4.76806170015428E-10 	 4.76806170015428E-10 	 0 
 8.70963589956133 	 4.79542447521833E-10 	 4.79542447521833E-10 	 2.06795153138257E-25 
 8.74983775227488 	 4.80263663162765E-10 	 4.80263663162765E-10 	 0 
 8.79022516830937 	 4.95319865127141E-10 	 4.95319865127141E-10 	 0 
 8.83079900418616 	 4.92045870468839E-10 	 4.92045870468839E-10 	-2.06795153138257E-25 
 8.87156012038014 	 5.12221841246759E-10 	 5.12221841246759E-10 	 0 
 8.91250938133799 	 5.13847886843605E-10 	 5.13847886843605E-10 	 0 
 8.95364765549648 	 5.30349870387656E-10 	 5.30349870387656E-10 	 0 
 8.99497581530089 	 5.38107330499323E-10 	 5.38107330499323E-10 	 0 
 9.03649473722356 	 5.53192900387422E-10 	 5.53192900387422E-10 	 0 
 9.07820530178241 	 5.62890884933161E-10 	 5.62890884933161E-10 	 0 
 9.12010839355965 	 5.66393702864245E-10 	 5.66393702864245E-10 	 0 
 9.16220490122055 	 5.8227805043526E-10 	 5.8227805043526E-10 	 0 
 9.20449571753227 	 5.8613090557774E-10 	 5.8613090557774E-10 	 0 
 9.24698173938279 	 5.9708782450269E-10 	 5.9708782450269E-10 	 0 
 9.28966386779993 	 5.88882741419987E-10 	 5.88882741419987E-10 	 0 
 9.33254300797048 	 6.02688290210246E-10 	 6.02688290210246E-10 	 0 
 9.37562006925937 	 5.93313232603555E-10 	 5.93313232603555E-10 	-2.06795153138257E-25 
 9.41889596522899 	 5.98580271371559E-10 	 5.98580271371559E-10 	 0 
 9.46237161365851 	 5.93299880097441E-10 	 5.93299880097441E-10 	 0 
 9.50604793656339 	 5.9224052108893E-10 	 5.9224052108893E-10 	 0 
 9.54992586021494 	 5.91690491529041E-10 	 5.91690491529041E-10 	 0 
 9.59400631515992 	 5.88617405409215E-10 	 5.88617405409215E-10 	 0 
 9.63829023624029 	 5.92239828072469E-10 	 5.92239828072469E-10 	-1.03397576569128E-25 
 9.68277856261308 	 5.90375846820674E-10 	 5.90375846820674E-10 	 0 
 9.72747223777025 	 5.98021815038927E-10 	 5.98021815038927E-10 	 0 
 9.77237220955871 	 5.99448943591527E-10 	 5.99448943591527E-10 	 0 
 9.81747943020045 	 6.10875235904167E-10 	 6.10875235904167E-10 	 0 
 9.86279485631271 	 6.16037932280911E-10 	 6.16037932280911E-10 	 1.03397576569128E-25 
 9.90831944892829 	 6.31044235261399E-10 	 6.31044235261399E-10 	 1.03397576569128E-25 
 9.95405417351588 	 6.38417868169125E-10 	 6.38417868169125E-10 	 0 
 10.0000000000006 	 6.56620363101321E-10 	 6.56620363101321E-10 	 0 
******************************************

